7.4825275546331405 0.23505411704369814 -4.849994931040115 0.46982713243017915
7.529549700442937 0.15012658505826476 -4.869697263207134 0.2887955961754534
7.539379461335326 0.15356137154751476 -4.868354990977192 0.28995427580625993
7.495672570132131 0.14222408460662542 -4.86149419213082 0.27534891096236713
7.522421911771077 0.17947444833741127 -4.838988984066874 0.361613260013199
7.448779026540841 0.20191979937331878 -4.846888065955182 0.4142146256377053
7.505223501152548 0.17500722629811133 -4.842994202212115 0.34969607789640483
7.434251258737076 0.22387865863120826 -4.82752015464909 0.4512895810621983
7.547523887209398 0.15685367361228364 -4.863930817225814 0.3114639622975714
7.524576070504169 0.15343703978222792 -4.863535118989081 0.30931470682391143
7.438399047050832 0.1895915586235917 -4.850407221000338 0.37756463112301714
7.430656699284086 0.23341306784614627 -4.825683167728318 0.4797218522179427
7.535801576744173 0.23232012229754245 -4.80659253546105 0.4609759191912172
7.527870356294823 0.17497740528343136 -4.837528980922933 0.3414727149129899
7.468807411039208 0.18819419592920472 -4.835788525236733 0.3796163051456692
7.515360546284348 0.1511218610893058 -4.8671646745343695 0.2965865413239926
7.560168527523935 0.18879878261228594 -4.842043022101713 0.37559916781198477
7.524266436294519 0.24058531158365906 -4.791046778882351 0.4895504764252519
7.507985997055471 0.1667243556417103 -4.865382672399582 0.32721684946257795
7.491250746626015 0.15068250850038262 -4.866018874864583 0.3041343724158754
7.55248048581104 0.18847260174518557 -4.8250415947897265 0.37602907301942273
7.436117556634472 0.1428402036386031 -4.862130937347611 0.28054939757090985
7.479866698213766 0.16403190098889123 -4.857561597591808 0.3184413294178976
7.523504410673846 0.21431480909072753 -4.837593841738917 0.4243216260054854
7.474517198039578 0.30839246774686085 -4.804664988608787 0.6330257380146022
7.453664499606052 0.20473684591685762 -4.800901746810732 0.4170759069650738
7.502045398021507 0.20837101446850462 -4.789721606992169 0.4166128398159596
7.5314735728156155 0.14744511783467903 -4.8692342632847 0.275960266993395
7.409333791834098 0.15946090001636817 -4.85948368091908 0.32898958257710675
7.50036779981591 0.17184216190780005 -4.8492865770085345 0.3417604591153349
7.535264044590546 0.15067449432310964 -4.868734096540896 0.29320313685800875
7.478593769743736 0.21570934477750164 -4.818459995431329 0.4363130691721166
7.555577754563895 0.19224661908009075 -4.832805464739989 0.3786966164430615
7.523308401158338 0.24949296915928595 -4.834699851259456 0.49279517573832876
7.554649378288264 0.1744775944202754 -4.8655682355411205 0.34341950223899803
7.474411819698996 0.1446833032626628 -4.876810069541381 0.27627683799450786
7.452308850624817 0.14462982684269568 -4.859427166834305 0.2941243551708385
7.444837297986723 0.2295658440634564 -4.792937600919702 0.47022387148537026
7.595300289721985 0.1868761388447627 -4.844915536934435 0.3787135247211909
7.555298685188475 0.16201432287322023 -4.870165459558691 0.31238293789064675
7.485174738914635 0.19613215729516986 -4.82008437653734 0.39645696879065667
7.453997360220768 0.2228778651768808 -4.818474555919266 0.4403766832562099
7.523698178045683 0.22948865391776024 -4.800458558727206 0.46368560743892967
7.502323769310109 0.2532436320277427 -4.80319751044665 0.51454860883352
7.456034873725141 0.1566958798015367 -4.847922851996831 0.316928212850098
7.463596602452471 0.17604527902047512 -4.843112333084536 0.34954422096605553
7.516285310787283 0.16096089823533455 -4.869187703409262 0.31917961420398194
7.528306378148283 0.15735443786187345 -4.854721096937633 0.30552670820523103
7.453878329837037 0.16219405602025885 -4.850418233796773 0.3240863513280364
7.458802383776044 0.18874209805772887 -4.845524061672481 0.37921365059256734
7.463520589938098 0.12783032936231686 -4.871734153549031 0.24912568992120804
7.4986549650917595 0.17849124145588693 -4.830705942060639 0.3542964080271333
7.475241165555341 0.18394938659635898 -4.836773102284347 0.3645376307417647
7.533792762638713 0.17815320966691092 -4.842014717309392 0.34332588411561055
7.419974343868143 0.215821295863671 -4.829270837299186 0.43838856550288857
7.519068185994803 0.1720608658054007 -4.85540553401332 0.30650233391468584
7.486796376524227 0.19301464581513725 -4.825157633536799 0.3853582056050193
7.542113105038553 0.21872954903831918 -4.830380132568713 0.44452384249934596
7.453611857056892 0.1681581921037751 -4.861745319584578 0.3322033046842215
7.4624840648858095 0.20536097994861477 -4.826426557519227 0.4110541856416733
7.462335308143147 0.2626175105313211 -4.75553809587058 0.5348608344828787
7.450881820988045 0.21745075656424728 -4.832149699966076 0.43127893791228783
7.528050411764038 0.20925528410646332 -4.797637865840938 0.4253557590245158
7.5513231926218545 0.17670123285946798 -4.844929971203232 0.34534244214588533
7.526149959300158 0.13805242040669738 -4.880255128146393 0.26267067740706157
7.503734503970988 0.1712556833595375 -4.861372862888938 0.3330668052394074
7.502064711734418 0.21472090664873375 -4.840486413030948 0.4351601320946686
7.538301135497472 0.144928582106463 -4.86629744789496 0.2793730526083157
7.474192341974496 0.1587859350160085 -4.863164474034974 0.3181859388036503
7.5106819072673545 0.24500018784119879 -4.81958469180431 0.48491707453400584
7.492381479679969 0.1715978237391569 -4.83148980446934 0.3474593769701581
7.436402938092321 0.18069040927811578 -4.833568938338896 0.36412236856269525
7.453460957945213 0.2220660427044859 -4.817957764917994 0.4581406542699123
7.533061067012875 0.22814086953830298 -4.8166004721029125 0.4606484013656785
7.539739734196196 0.16828176366212072 -4.843505696318077 0.33038901518703356
7.532500582836079 0.16719633584236876 -4.861622903347719 0.3265539391996418
7.487079043079406 0.13974092266157653 -4.86943759987469 0.2712813004520563
7.48322312300151 0.16643481959823891 -4.856250716555625 0.3305400711970242
7.476179206763161 0.19137589511564845 -4.844746357600961 0.38783622599893247
7.459618509003173 0.1571521870823989 -4.862970254046738 0.30872878771838846
7.487931351015075 0.15140405998098505 -4.839188408228916 0.30338784888977477
7.424737761328958 0.20452593242738112 -4.8283074563182495 0.4228161224038645
7.487924511910798 0.27086242867354393 -4.7783971755989985 0.5477355074830726
7.468135061952704 0.20166859564955789 -4.84081202424664 0.4013301845046843
7.429209930276443 0.18373078318426064 -4.822705806718014 0.3741067777718702
7.461936914596218 0.21194022504872403 -4.801286677424777 0.4300455629354026
7.534329225181935 0.18876841678175071 -4.840170555729962 0.373330999990446
7.509422504216522 0.19545434375790768 -4.833007276033939 0.3973238543664538
7.504542041913291 0.16971941543221397 -4.854587749447608 0.33176600425402164
7.502382167008326 0.17567410601820502 -4.83800244000945 0.35074470418153325
7.5267236847129855 0.14930692105492077 -4.85969213507032 0.28828620543488886
7.529286298054622 0.19601518304420362 -4.81761903901949 0.39812114815683763
7.380219140618611 0.19941461823026477 -4.823521078053548 0.3983697859729251
7.528499395214608 0.20887163629856065 -4.802950250357245 0.42531525148638416
7.4929866290830525 0.20224133633691477 -4.8271225978482 0.4127123037664959
7.52553748586035 0.14602818110439683 -4.86211267766816 0.28170386957946764
7.535038573310353 0.15765782650543322 -4.846451740330531 0.3090063443720552
7.504614813375358 0.18450963594345304 -4.832414852157264 0.37036775992545856
7.463255917370172 0.19321038038319693 -4.828232100551725 0.3890121184887603
7.4495846619048045 0.15630286010508584 -4.8505075266882605 0.30909407005680917
7.559476564619109 0.19970192993217883 -4.828823580425419 0.39651414439696675
7.58201522144269 0.18871976152075404 -4.8370626804676995 0.3732292559875684
7.45439405678106 0.21358111055867796 -4.850762245827674 0.4270791728774865
7.506024978542241 0.19759227312911312 -4.844261712347706 0.39127798177231693
7.476915509051665 0.16043380305239688 -4.84400335685468 0.31927130868986775
7.511084061694685 0.17647712065651217 -4.84495767160382 0.349552827747127
7.483756861967839 0.1982196961254045 -4.812883243616632 0.4009538597437596
7.488978336926355 0.16632233485501488 -4.840098814069402 0.33340320325262895
7.462100690107288 0.21428184213007276 -4.836977139300062 0.42841529793334004
7.410924708367132 0.22533181948002481 -4.816386139174035 0.4594165557909057
7.459773983055355 0.17454385475030962 -4.860624677411586 0.35445362220147353
7.450766150144316 0.2475589651149164 -4.7859436859419375 0.5111791511659711
7.45172022112862 0.22612026060632656 -4.791821315002778 0.46205731596633115
7.5521665970567255 0.1780018754697141 -4.8556652652597085 0.3469290940752446
7.496257197766305 0.1695527172873622 -4.864407905970518 0.3320397873192726
7.509929177760666 0.17404607956101847 -4.833342970267397 0.3443969622793656
7.473796694434408 0.22851259104833094 -4.819753646577233 0.4575743099666763
7.43681574473919 0.18913111300277144 -4.83582055850081 0.38148684622869516
7.536548765293759 0.26219398902005975 -4.830970906866757 0.5298789326372664
7.427205066291706 0.2354731824999418 -4.82886070122693 0.4794547186072089
7.460340884423994 0.2411444631321998 -4.811437333299643 0.4795731413385351
7.501221156875858 0.20672286969632162 -4.850085418345248 0.4156690041893024
7.4586625301586515 0.2078339649238579 -4.82836767158828 0.4240675601600046
7.43706524704975 0.21029973844834385 -4.807592765497921 0.4269796689175581
7.4544009788004315 0.1837508719766886 -4.836072085758297 0.3695967757549269
7.502603731525855 0.15760294566180497 -4.868331462441168 0.31201509631266294
7.4654243955388075 0.14845029241672753 -4.859532318914276 0.29389273660099186
7.492157699749171 0.19109171246614878 -4.836271147892463 0.3784216122911524
7.552961394229783 0.195311677082628 -4.839680616526241 0.3824872836407034
7.522056219427521 0.20979260604198094 -4.843923192534897 0.4198213145431294
7.505073056862578 0.17287287047668867 -4.850399727897695 0.33833528055127476
7.538361653221952 0.17936445473009996 -4.838003349990045 0.3476966670003586
7.518506228691942 0.14836226856529933 -4.867406329168528 0.28033835584951877
7.424108891067746 0.19591588770535934 -4.842117190339247 0.39443421502450654
7.4809692343157455 0.1855248282042233 -4.834671551819744 0.3630469917896941
7.5434677812565525 0.19849486235770591 -4.847638618184585 0.3896236671695088
7.454817055666293 0.17118293827434808 -4.847848678841073 0.3420125452298352
7.498659421125019 0.2820326164273057 -4.805106816705281 0.566281812444373
7.462717428482302 0.29510925849936254 -4.804763261434795 0.6043615358014904
7.504555591438083 0.18482969518684442 -4.831380715164952 0.3674690152735483
7.43025464665725 0.1522713261771562 -4.845957688082519 0.30600426631904776
7.500287202084299 0.1743251471632906 -4.861836642695606 0.3390125653750681
7.5435712150230705 0.1663101224332436 -4.852321741894131 0.330353168648546
7.5569911679047035 0.14484918938779923 -4.8794148194823075 0.2760048262323251
7.477942090424716 0.1577441162885225 -4.870695722857855 0.30662931426547674
7.379945875223026 0.17760727098200063 -4.835906334000338 0.3607364066587618
7.485487286101211 0.14803479521907204 -4.868257501893812 0.29223326887233575
7.565051701660812 0.1581794192286017 -4.864262970731703 0.30787078205197804
7.434120038628259 0.18657676854957056 -4.834381634401941 0.38110650644887156
7.472518714442981 0.208646684496965 -4.798874050621696 0.42035318175591435
7.411128385612068 0.17588495008584468 -4.833244129434238 0.35876807942516253
7.477656474910432 0.16852663915857394 -4.844175704764385 0.32544852228300525
7.488094227767162 0.15172198576422302 -4.863823511182176 0.2975086296280858
7.468834702892712 0.17226853045849747 -4.844169876678862 0.33825564548226783
7.510149628621662 0.20323445126799947 -4.848493265369898 0.3936284523695985
7.441594213137648 0.22571286023866616 -4.806177218207031 0.4565168650079843
7.458688495538101 0.21825168728429156 -4.837503948282857 0.45319974318574957
7.535617155380904 0.192505632686471 -4.83016677861076 0.38479306416810805
7.50832737596245 0.18899361398182268 -4.846581461758903 0.3738656861918003
7.403565622670751 0.1596483982594711 -4.846960407501779 0.31610889588083174
7.461244695304122 0.23405194512675379 -4.801197118950529 0.47733747065153614
7.454650359726212 0.1723073322462477 -4.84356628642187 0.34239860678388195
7.5265220176150045 0.2637998770541361 -4.836259833107144 0.5272883062287177
7.542983717461386 0.2318426333020168 -4.84059978856881 0.4649874843307889
7.503683234564233 0.19529109884316745 -4.866100165190971 0.39192967371612597
7.508704462617896 0.18400849923277288 -4.839001720136711 0.369585590218
7.48820809454355 0.1998045030422753 -4.839154048906287 0.4045332819901997
7.570061905322062 0.15871000943039298 -4.8771931603504655 0.30900679218137656
7.549305920072287 0.2199399359039022 -4.846685497737111 0.4393223993076339
7.460299434030518 0.17053488336394065 -4.8282091225735435 0.33952174474955726
7.516124718789573 0.14156244881488697 -4.874625140083535 0.27192899937068205
7.472725502214228 0.17738676622433988 -4.827454745234248 0.35430737075617685
7.496418374702776 0.21403757184930094 -4.81453949203677 0.4367888488412397
7.49759230941242 0.16071058599240406 -4.842399799473932 0.31523940864684796
7.522844586384638 0.16038465355105794 -4.87709550440072 0.3006865366470246
7.485198165877415 0.18328844558216928 -4.8371844600846 0.36402994111016507
7.523437866529252 0.22702610614410088 -4.824586723019305 0.455677454455292
7.502814750094171 0.2082705986920683 -4.824207915809881 0.41601194036582506
7.450919164841876 0.24117197059358716 -4.819914619074837 0.4931206997148081
7.512574758668057 0.20962998227315777 -4.813883881834393 0.41442729009371126
7.511164109018413 0.18052002886309068 -4.853934270727827 0.3602147493516775
7.503414100502916 0.16424603136698981 -4.846080177798427 0.3263890834443347
7.49098486700473 0.25094623962641227 -4.8069393723840115 0.501731223695859
7.531365955085635 0.16166250245500727 -4.866682624995633 0.31262428691990873
7.460577604284612 0.19515402954838856 -4.818353541481256 0.3905472640631889
7.523965576527308 0.201925992364845 -4.84925568367685 0.4099388514617222
7.4885667678025305 0.270555620297299 -4.823132798254068 0.5477380373134106
7.500987036897617 0.15612360459880972 -4.852830786390441 0.31439360772617164
7.512239643641671 0.23069408867702573 -4.83198059520368 0.4692736836189205
7.492084913966729 0.17169432970123866 -4.853393568368983 0.3328848094748378
7.509081021901292 0.1871648314069522 -4.855510509282814 0.3697920601862657
7.485810640779055 0.1756289089566451 -4.836155141464948 0.350988256686883
7.468492541379895 0.21857588620621068 -4.785856085946789 0.4444959646774069
7.524675153353147 0.18657539601273002 -4.854311967292213 0.37030149682243774
7.471748246100615 0.14991205669659396 -4.869235414541919 0.29062098199172975
7.4732882684877175 0.1943362372377117 -4.834143438348448 0.3804094459456643
7.50650774460806 0.17796881365757478 -4.852506494369976 0.34854051746706377
7.4650166560434865 0.21024537689478232 -4.847469472245136 0.4259056617236021
7.506176549820979 0.1489071536720184 -4.876790737946239 0.29531815347363155
7.450229829182182 0.20793516476083898 -4.811856435416196 0.4198585250059122
7.464305783415833 0.19588383283200292 -4.863987073406838 0.3955306540468419
7.472908258473426 0.14530167036313443 -4.8505342342332405 0.2894151601686754
