3.960744197641943 0.17826074200808745 2.3841952729086633 0.36835921046560216
3.7863696909341087 0.18207473449252567 2.747691863797416 0.37407346825691284
3.88406263200286 0.16619298500478 2.5454459439768953 0.3408179158374805
3.592025020057335 0.17000359645324553 3.118026619298081 0.34822323088869767
4.035081300575467 0.1900996399578336 2.2279264881615255 0.3880666122082474
3.935895102383504 0.1745084017808375 2.407380545101926 0.35848306738711666
3.9456952100787603 0.17087889773064024 2.4015845718873505 0.35060578888076216
3.7337045706016734 0.1772763087886573 2.856473853718555 0.36226250100011603
3.8079604846542834 0.1660743541489566 2.688958152887551 0.3384952162817964
3.9844261408818564 0.17393417562293953 2.3070516823355423 0.3594064519217022
4.002007861981743 0.16754428933569998 2.304528582661998 0.34139602790221574
3.8637551861628614 0.18117687321256018 2.565834639563662 0.3759795071097869
3.820151669981046 0.15575947292453948 2.6833406656076955 0.31871921717480733
3.833955768563598 0.17493782401291375 2.6558343157304813 0.35923982059795434
4.060535919177122 0.17259708331553314 2.192773231329171 0.356188941948675
3.8799910085604963 0.1698410274712834 2.541656891030023 0.35007006902776244
3.9406629275023617 0.1712206252702707 2.40770586923938 0.35214328088881114
3.8871575343466356 0.162679884527789 2.5147621422548756 0.33346219869969185
3.874951086696153 0.1746681432976236 2.5626146974470907 0.35888654329269665
3.9295939556375457 0.17137041094000272 2.431673738525993 0.3485740192508825
3.9050542201037315 0.2008595426357398 2.5036315422909716 0.41177063110870765
3.9470875049485143 0.16776098250768084 2.4140276780106387 0.3477281602076119
3.8010699320962016 0.1738320636778547 2.6951416379178847 0.35231059326938585
3.858757990429635 0.15654470004663176 2.5960857101542123 0.3192290325332461
3.8568369554677164 0.16932129596062864 2.5805825137595315 0.3482091511296106
3.8302368601968277 0.16371393763925796 2.6374558948502913 0.3373859141174904
3.9572789948955207 0.16337717192464374 2.361263754143949 0.33303880179814
3.7807492846581794 0.1568677399092955 2.727328018436369 0.3200466583867347
3.847700599466612 0.17665318209786787 2.617219513214085 0.35902969916217137
3.822743558357029 0.1780730396045971 2.646981972890223 0.3690201560782664
3.8321040246213176 0.18304114197786742 2.6629536158644562 0.37961322649248125
3.9637917915598218 0.17713954132536072 2.365822010661435 0.36801232043547283
3.7736874388777633 0.16503879562840928 2.7465978409294376 0.3402802267187842
3.880826820890319 0.1606194832482463 2.5429390567346197 0.32664775832340587
3.765578049282269 0.17695927290679062 2.7906217488906506 0.3672676711262428
4.103714646134282 0.1625940831571699 2.104660583924411 0.3325234185539235
3.8430299791890272 0.16790115069450698 2.6148762385181907 0.3446187253027386
3.676917482496255 0.15625889432115356 2.955699123169949 0.32174486445946154
3.894144454598317 0.17228832013764622 2.5009053733288704 0.35520823532802864
3.9221312894086946 0.16985106730066316 2.4270489864264033 0.34988628929303034
4.041571137751804 0.180475192951239 2.2190115946123647 0.37233551660592656
3.9030962842244996 0.17848071344781852 2.5230299262585083 0.36281053897702614
3.945675000001128 0.17515445262829163 2.4188792417565077 0.3590484066221514
3.959758961331219 0.1786809730188567 2.3915163175482057 0.36438368825712986
3.8829627864224987 0.1717275892034195 2.55419170334328 0.35540680103222005
4.015846867184464 0.1786401718441515 2.251711535416535 0.3709277929511712
3.916016704679992 0.16746708557200735 2.473487364683479 0.3459951795699366
3.866611381359001 0.15989630159598478 2.582794865076749 0.3300304692893711
3.864408932547574 0.16004640287121938 2.5426651908601645 0.3251225160354473
3.8102205423926296 0.16835984753551755 2.704630504370116 0.3433806462258223
3.8357293077793924 0.18789585853701057 2.6441549527063466 0.38847286915752427
3.8750081666067384 0.17567710484853188 2.555817603446364 0.36431224854902233
3.808745524577417 0.18603222882620946 2.7005627477161345 0.3846409081183943
3.9182470240172025 0.17511799159679267 2.4684737656838465 0.361634083243665
3.979220964058939 0.1750552596380694 2.3139278739998703 0.3626496550579538
3.8170625935866918 0.16738727039952148 2.670492879762177 0.34364182521413555
3.8268945088553874 0.17703318507244536 2.6633536988170903 0.36270714907603285
3.7967657073414465 0.14964231804347675 2.720760409315298 0.31176041912344754
4.064444309466605 0.1722444220188669 2.1731176379816524 0.34956716525090575
4.045494554682804 0.16857006251324153 2.1689031699143935 0.3461600181666546
3.747501088311866 0.1699637074831727 2.8110139953793576 0.3455651280064353
3.836983394781072 0.18261058076076606 2.6156851307453994 0.3772475115687063
3.879954318839827 0.17833565782053898 2.526825781324133 0.36758980110459016
3.8656842815991634 0.17622933880049785 2.584047418032662 0.36258127980653726
3.9046053909136798 0.1657214516590574 2.5007261205843005 0.34248640620984644
3.7329130909442982 0.15603825023103535 2.8650454477413447 0.3180801729329885
3.8661485408427003 0.1711300135217491 2.5889552152789164 0.3486573354942897
3.9618967189720347 0.17617492124655146 2.3764270762425137 0.36194459001778306
4.016376944760006 0.19776246846298978 2.2656276150421633 0.40316172608650347
3.898926559599625 0.170661485053838 2.4955292023709332 0.3490623610426599
3.731478488576271 0.16172140257203674 2.8512155154038816 0.33145614809054075
3.777321613414444 0.1640933156747306 2.7656745734906067 0.3361099937899911
3.8756360007192825 0.1642191185862191 2.605173824687137 0.3357624510320961
3.7697412475930676 0.17881200824420432 2.7664133158191717 0.36580292174680185
3.9356393614042124 0.17266028687014245 2.391079865263822 0.35521906300969947
3.7422730705862803 0.17579166867947757 2.824691885067717 0.3621806038613063
3.9399763798966916 0.17592234536559165 2.398763069560782 0.3602268925497592
3.965262763306292 0.19460032935051114 2.350906137828803 0.3995168887960966
3.6320091446713185 0.1777733352014 3.053381357011447 0.36480385192401266
3.8512919788773816 0.1578620405259948 2.6389827963602333 0.32613648263386713
3.8153413211856186 0.17415571465868174 2.687702327625227 0.36017552997659813
3.807716675930947 0.16295924642503487 2.7192331043410207 0.3335050051193516
3.772585054340775 0.1598090057734707 2.743219697063786 0.3303843749445159
3.8580320661226892 0.18617513179928916 2.61555795312373 0.38019438783111603
3.987654599015979 0.1833783108479007 2.341070757509358 0.378739342045562
4.173864465901312 0.17686799915683388 1.9267092193971935 0.36393987928646804
3.9546040867351726 0.16577972424117435 2.4254936579486697 0.3418512562347829
4.021660782552636 0.16354951314148966 2.252574628532521 0.3356675647085395
4.014457331425466 0.1799330428018759 2.3090105423289176 0.3700402256323323
3.955625784068147 0.15457437445684627 2.4241377988401354 0.3181591720214602
3.9979352659876346 0.18082404111587722 2.32732683476333 0.37165981921769786
3.85159105908396 0.18336328457990336 2.5875739410219305 0.37495421118345723
3.688223852339771 0.15657788783659116 2.9072567524843658 0.3216967498179775
3.88599338882831 0.1746884344529319 2.5648893333782374 0.35839050206502143
3.883037698353415 0.17497513226556333 2.50914895345674 0.3585697240953699
3.850454442694234 0.1656039236046115 2.5639463729620013 0.3386773165403407
4.009334716962594 0.18657042390470258 2.2704394027565655 0.38485969539053805
3.839793494202252 0.15267974088731556 2.6167535730598734 0.31295966928627156
3.902855724378794 0.1553374765262212 2.488017782749341 0.3182654713028694
3.7523359437339305 0.18340340534126595 2.783040382007411 0.38065038384588584
3.801579047624043 0.1641153681894159 2.731705054651415 0.3394901417560733
3.843727161492268 0.17954126640116846 2.627331905632167 0.366373646953154
4.056223577536807 0.18317204418287703 2.1806106610070284 0.37355483135695605
4.035594960269523 0.17894817351505724 2.2475649019022557 0.3673463104961087
3.92656869327381 0.15778249640145312 2.4833745357719224 0.3241813245154146
3.9783238689237863 0.16570772617750618 2.360872701374027 0.3395516850708487
3.735373736700332 0.16286243578893908 2.8411991905308804 0.33312200588842805
4.103265223101106 0.15964082367923169 2.0911166893799304 0.32838970048901334
3.7598686266516466 0.18421854770443014 2.809121435445734 0.37747680491819213
4.015505228996982 0.15913000368288624 2.2563775939253725 0.3251196038788532
3.815745620574174 0.1746541159361572 2.676842661483125 0.35992273653157086
3.959989052351901 0.1591635720502921 2.3723724283056917 0.3307865763181053
3.8032059530995665 0.16948234718329297 2.7098436427348043 0.3492318876587736
3.871844170393272 0.1643549601101122 2.563710109002825 0.33610212688542196
3.8427177826117243 0.1629110746434191 2.6249419693702607 0.3314944898355565
3.9727642641282737 0.1791886257063215 2.3684177040675864 0.37046846098989
3.7811328351321816 0.1674960646271275 2.778041237196497 0.3432312633394539
3.8273667987566222 0.16255275104890077 2.644012156071014 0.3337407419761969
4.01412496611136 0.1827298742804782 2.2724631191627283 0.37226770665688436
3.8045082273365987 0.17106974429177227 2.686520686836549 0.35501229197245976
3.794231921503563 0.17433257860654564 2.7297493753130357 0.35652600006206386
3.8132599135053016 0.1648808140345676 2.6827790858062395 0.341243778792474
3.83425393884483 0.16861603475744188 2.6318169053168137 0.3466144276415023
3.853109586370337 0.16146069828980428 2.5881091236587284 0.3281796008338672
3.621305792792439 0.1810624824761202 3.092177292279123 0.3686441787775652
3.9385157009351897 0.18895200138517285 2.437727244700579 0.3862033943278512
3.799183386898312 0.18779255202744993 2.6996487919436056 0.3884537023330743
3.8325889898287615 0.16486768121153175 2.6456702438406765 0.3383769930465033
4.002897434662751 0.17511802853615088 2.2723259532139033 0.35632950947694986
3.9264079833391845 0.16843502166880425 2.4551134488825257 0.3450478676785135
3.9510023056751695 0.17361404230523167 2.3984716412218328 0.3539269821325224
3.97538140185831 0.1782627713108932 2.335264069664021 0.3659002451243041
3.774042653922826 0.1681549812428537 2.7440975493206814 0.3497411820551705
3.6882067807285397 0.1745797614738454 2.94846917824232 0.360587716831314
3.8765761882077463 0.15157541390641197 2.5814973601318294 0.3075739644480852
3.8719291516445766 0.16120076037751085 2.554069031489125 0.32835193034704657
3.8950101133849113 0.16803207502965198 2.523976510750251 0.3472931915024437
4.151158608506675 0.1610256499086192 2.0019813708881777 0.3293809294469024
3.786235125643077 0.159465507613039 2.750333701227601 0.3291715858498754
3.9784232144416936 0.1888558258887163 2.3439606345765345 0.3897900790917032
3.6962936485926647 0.17471143927844757 2.9244508434856487 0.35935451742162766
3.8557386030262544 0.16572233532073086 2.6030482066519296 0.34147435504964285
4.047700446682162 0.18216513085150365 2.1776839619597337 0.372894068288561
3.895605337103774 0.18153893693229795 2.5183563866778536 0.3744490056331543
3.9319895089484933 0.1676223929712413 2.4720711504846395 0.3414154962218647
3.828579484827369 0.18213354090671333 2.679806653620723 0.37636967551243905
3.6408225793794884 0.1770315557178044 3.0443060386501326 0.36643805749551195
3.8892525468490424 0.16294344583019454 2.5343269015863585 0.33441510698962085
3.666794142675639 0.15768447194935226 3.0087531692307152 0.32676707117373294
3.8330260997192314 0.17264334599074965 2.6826610065182033 0.35511994704534416
3.945158754249664 0.15307808285043395 2.420240321055797 0.31444608702804105
3.7444366160249345 0.17076948345846293 2.8216917633749907 0.3510996569908952
3.9464216027393078 0.1644488689888071 2.4222604138109745 0.3356007576484848
3.901078479388061 0.1735877204976696 2.4799025311491976 0.35404826387101374
3.7804394530885137 0.1703360903292408 2.7583102083598288 0.3527407998484052
3.9946419212375144 0.1750717949749261 2.289710733299923 0.36183906414090794
4.035817155283912 0.15925257948012023 2.2115468456621095 0.3269587461949028
3.9013301425653566 0.15699046443391462 2.494686972900788 0.3225746521186917
3.8528656809058055 0.17147054031181252 2.6500819462513547 0.35234311159407683
3.765454896229387 0.1844251641611231 2.7906669116148013 0.37870603392638436
3.9067184650701297 0.16429416344241388 2.4972145538531425 0.33511516017417814
3.9016873428256282 0.18418194676333968 2.5369819191524865 0.3781721403970395
4.110234059231533 0.16537935655489597 2.0612162345749807 0.3370117253514335
3.9189885618625424 0.15951614895299207 2.454936404897348 0.33218444959660615
3.793289086885416 0.18280271988700517 2.695799102484435 0.3759284371260209
3.7230924061063595 0.16542987018861802 2.8836935966219803 0.34222543736807237
3.8908093764717027 0.19240420704551997 2.5190927765743174 0.3946167874751369
3.7081763526823006 0.17493507113371498 2.885705469560698 0.36130768562827614
3.877755279407461 0.16885074582871887 2.5296610704341513 0.34617358302405754
3.7499447431903192 0.17418300173810217 2.793516708921368 0.3579004978325974
3.8818791052934634 0.16852162539354254 2.5519641844364034 0.3449463035481242
3.6522808751473947 0.16614304047204853 2.9975004343117666 0.3398329962142825
3.7935694721082402 0.16749485308799453 2.7440105418996623 0.3458897873331063
3.755235754252574 0.16180961765089322 2.803252133931423 0.33618380198493475
3.9773899780893407 0.15746734928264755 2.3506942328533045 0.3213952568144751
3.8671660476888183 0.16848725521016164 2.5603711947668595 0.34582503153424904
3.989905502932495 0.17115996237051526 2.326385146927482 0.3468478577865061
3.746770602714534 0.1738239465904692 2.8134715565428077 0.36036404248877074
3.9941824916948274 0.1673449823247735 2.313897041951682 0.34636712177745443
3.6466594898773614 0.17465323919170675 3.035530792869344 0.3603557912535055
3.745684598750236 0.17650947934330555 2.8018953438511165 0.3603282081173684
3.7377097049973558 0.20099689552330938 2.819967684349572 0.4112191137044153
3.838669139883273 0.15996422729180956 2.6011255544144625 0.3281833789281427
3.913834462387139 0.1731965491563599 2.449935882759012 0.35327597073701483
3.848691569718052 0.1674232721102666 2.5958953703248975 0.3452999210902622
3.844259257007761 0.19006166442024008 2.6129157211098546 0.38550483426109655
3.8348022571032025 0.1686853498847879 2.6253215530735323 0.3489138884226016
3.703805912913972 0.1505784644305022 2.951929901395588 0.30888003428334093
3.890199816267612 0.1747214273273969 2.541005615228005 0.35914615898454094
3.9118823282521813 0.17604929090003535 2.46985260853966 0.3588617916589235
3.9078615030066075 0.16653372984642267 2.522882586911258 0.3408441200058297
3.774706388941708 0.1742328786951599 2.7446645412058213 0.35568428347177966
3.7375695763270054 0.16883337010316413 2.8218438313505807 0.3440926337558284
3.77138550040945 0.17595191261401905 2.801751855449064 0.36435105932302053
3.83517728691534 0.15853159516450166 2.650447529407052 0.32877808515136925
3.908895376796995 0.17283981133480636 2.5073134765506855 0.3567992682719808
4.012372107526861 0.1785576530402815 2.270386307130153 0.36677487851540075
3.946493459564317 0.16711971549087523 2.4046715668040743 0.3445075861938415
3.8290061305838154 0.15440537310707037 2.6596987846431355 0.3172165613472058
3.643170293121322 0.15596080538614357 3.027125793917446 0.32274716459414926
3.8020585000954386 0.17492886700722593 2.724191565918257 0.35729279292956484
3.84896881903801 0.16937688931524075 2.6328584837276194 0.34761598661014365
3.6938125890046813 0.1506593445133905 2.9297418137812286 0.30873663666017864
3.912100780602775 0.17422104805955885 2.483821393066359 0.3595814225011099
3.824290058998733 0.16935615877631355 2.6619596847247218 0.3466297344938532
3.920418369620763 0.18184455951421857 2.4452634917420046 0.37384409087088627
4.050173693805341 0.16202335596438466 2.199538873735036 0.3359249886892482
3.9248713888393567 0.17252695417855365 2.485540004687822 0.35452379806384976
3.735142098667721 0.15511859368428402 2.846177139542837 0.31927287350085326
3.8172850090015653 0.16775612007286758 2.6418927783368122 0.3464128453971412
3.69458307364809 0.17133375048911648 2.9460100346632614 0.353096002787654
3.828641445822693 0.18777893938523363 2.648434872036614 0.3844565938262562
3.947515077623359 0.17534109679855647 2.3993210052289227 0.35910671661203464
3.75709523532569 0.15793384286469137 2.7862620257742723 0.3260152365689859
3.9140335020731096 0.1695700858125708 2.4492082146343623 0.34920189816874797
4.140574731018118 0.16793970467160274 2.0101288898673966 0.34310514727107144
