7.381046128286562 0.33882620231690896 -4.675572635075872 0.6937352606292398
7.550575451337918 0.25193372425147353 -4.798359680435425 0.5088998730781878
7.4574914425407215 0.23574486606759218 -4.7382458201810085 0.48369606491065664
7.426450437098978 0.5296628547231285 -4.623758290162827 1.0829386208145695
7.467935450540627 0.329796310159163 -4.725253992433901 0.6718782757264516
7.429203013596027 0.2838851598242452 -4.783262918880886 0.5804887553626461
7.456607489204401 0.25493373484052556 -4.733412643166108 0.5130116831280985
7.418545512837177 0.28731157471839075 -4.685400203437403 0.5874244246732367
7.431068825329209 0.3682863607271295 -4.665073035256198 0.744666981659514
7.437535204800025 0.2691458893900739 -4.740233536470976 0.5376480870427269
7.436768412254784 0.19550418891694618 -4.818774024511147 0.39573478571307985
7.532111547690887 0.17851464997483932 -4.850647321369079 0.35534077481048415
7.448521877568511 0.19384905491311633 -4.819015897469389 0.39229092824287587
7.47933303306141 0.24549820380211987 -4.791771597402491 0.5019993617626269
7.458956989376173 0.2743877474007468 -4.722450212143183 0.5508890602820337
7.48436288559641 0.29151113489208486 -4.750051181467285 0.5821479151653564
7.418771938305766 0.35573913286600384 -4.674276119683181 0.7201561012569359
7.506800841911845 0.18942285851827542 -4.839593608526635 0.38307537646061246
7.404701840912471 0.2980699097410614 -4.776649371866974 0.6153014934592729
7.420545847193277 0.25302276296802567 -4.7535122051570955 0.5214274059145377
7.505273651210876 0.20176987623261375 -4.8322915740445875 0.4044880819255738
7.456393089136594 0.24073548902610872 -4.807227479432694 0.4930965460136346
7.395420043925191 0.2609303450186027 -4.762165170671934 0.5348573227197063
7.396939167865401 0.25460603503187185 -4.77112508060667 0.5222494158747116
7.477790581753434 0.20047250590965593 -4.8097434753142805 0.39376258014815774
7.500537603343858 0.26750341204310935 -4.7408158596905725 0.5399125915473074
7.40192303486846 0.2448299101326899 -4.773277846294512 0.49477639250599553
7.473106814751445 0.32930321887977915 -4.755105825077161 0.6759860502113397
7.371946248107298 0.2779527968855784 -4.768968024271385 0.5760247620789178
7.489021802658071 0.21538263777859615 -4.79622130393699 0.42075880566942864
7.374643303756325 0.35124410476434914 -4.642932227437916 0.7222640194253407
7.42678591716464 0.3753291097979196 -4.692077726316854 0.7644499779364913
7.5273471741035785 0.20309280329091617 -4.82359739435831 0.4113588836267265
7.407905627412461 0.25834182174975584 -4.761963123398639 0.5294996682270751
7.443019048032948 0.2710198579211888 -4.754983041163733 0.5492544832895682
7.4220987501103926 0.25983873642743816 -4.762092811306015 0.534596838912518
7.3409707469555014 0.49678028694894 -4.5893616504468815 1.0149745953681997
7.491629878948668 0.23583349442778245 -4.789773785954383 0.47310093059688507
7.37499829064345 0.32416293927822887 -4.7269500743257975 0.6685884274642725
7.396938434033055 0.2428433834824088 -4.769136321976195 0.49766875042277725
7.483064835455938 0.2323838633070442 -4.7711343189942514 0.4699429500700145
7.4532309787561415 0.2997832847738383 -4.717219518444672 0.6061102354682794
7.514813679811368 0.23091793585726386 -4.7980025196253955 0.46481369442691295
7.457088983183164 0.2302126915119938 -4.782267600153562 0.4649735706872587
7.4009391399515785 0.33714903670862784 -4.697221444931781 0.6948200716603015
7.4700175432678995 0.2388874816387836 -4.768072922887082 0.48329637419181903
7.367171886434196 0.32484943256225457 -4.691197192049295 0.6560768435450423
7.452885304704301 0.35459626752514983 -4.704723020411916 0.7195133950466883
7.4557969807780555 0.21275354538304234 -4.801455382835912 0.42866176246453674
7.4552747686283265 0.21931635972134558 -4.785834093132104 0.4422181610858237
7.544979744113544 0.1799199967841867 -4.840009629066591 0.36203300484230716
7.457423042053516 0.32245784031204633 -4.780222035410856 0.6557103835905259
7.449588929540014 0.26806499900677755 -4.757633928779034 0.5527991588934588
7.374418229410631 0.31993862996892286 -4.677833386308127 0.653459285867713
7.464962514984405 0.27526391178037946 -4.727518336923595 0.5536893087184678
7.458353702902446 0.22571370465562265 -4.782985837260723 0.4584576035727719
7.441993220557601 0.22693356174448454 -4.798727214154978 0.46320747623240754
7.398833373119713 0.2691267515808131 -4.78473250034903 0.5495662449787094
7.436341100398751 0.2480957302893948 -4.788233271567701 0.5027285616487759
7.387649909713481 0.34900994344682773 -4.698699334149829 0.7081224427066888
7.515861182615586 0.24639751596340045 -4.773104817932339 0.4924068931370332
7.467969725082076 0.28479682089551756 -4.760601536171514 0.5819291191611725
7.415010919441568 0.2754890985800615 -4.772306726636467 0.5580638205448291
7.481197773624972 0.26246485610002734 -4.784995452883479 0.5205339298020623
7.421014545950554 0.23932404650792088 -4.73591477241329 0.4919652820808481
7.4537338836404095 0.20854962079162823 -4.7932653157341125 0.42325267852353643
7.487710312800675 0.20642420488967173 -4.818704489152334 0.4145898270966316
7.449168974275786 0.22936329734088223 -4.788246513924835 0.4656007152093313
7.4589676825932445 0.21088244363309852 -4.807597051727292 0.4235687143825068
7.487343394487359 0.20793832439996754 -4.802363701495311 0.423551970507011
7.4753884205111305 0.2774283888417464 -4.726553559557891 0.5610916867934551
7.514143686972929 0.24366961851974875 -4.761728429031368 0.4937963355072565
7.453235460850328 0.2158927809493577 -4.790438436227646 0.4429479429398335
7.4263789375117515 0.31457825879648377 -4.680505725263872 0.6454965242706314
7.502975885529782 0.24790436983096864 -4.760462820182158 0.49748874542598914
7.459673229470502 0.19667951674898437 -4.807803382469785 0.40703843603140316
7.3649131076461085 0.3190893922648709 -4.666721425007227 0.6585665545898464
7.442867155813401 0.23388762220405948 -4.795903939978119 0.47766749762697186
7.432284792784598 0.18657093802660898 -4.816467224178739 0.38099773891034416
7.4109600696831635 0.36825785529466315 -4.6404494217096985 0.7537923338544935
7.445493168136763 0.2891677197787923 -4.77521603906714 0.5895372439113337
7.4222094286236295 0.40305693600573766 -4.661094109094693 0.8235754393389496
7.417955696407104 0.26640523380407355 -4.776912397363531 0.5462705695044259
7.423915307441318 0.2329552376062696 -4.784131186390379 0.480365462073343
7.4527916352561405 0.21502667387013974 -4.773754779605012 0.43891605166259007
7.471231690900624 0.27967013517609907 -4.72050033087525 0.5684976764921149
7.353227238345141 0.38813670461831884 -4.695501578490175 0.7920856627127165
7.416640103883097 0.3091761831418219 -4.732814366721989 0.6393007808563221
7.4552430632112 0.21796557960224638 -4.778975987806067 0.44290784413969203
7.471066906140619 0.34672669030560394 -4.685154874723677 0.7042445371903032
7.475061145017801 0.22655214804418963 -4.785252745766719 0.45894189853212547
7.392560899737112 0.2490471209865811 -4.753560278723745 0.5103658606817271
7.510382956028524 0.2243089843776875 -4.8061724456641555 0.46141120762871274
7.46735600229921 0.2534532101098795 -4.755865209910512 0.5145605659618108
7.468130518283207 0.26070855272581384 -4.757975477550835 0.5267339795443843
7.490878101961461 0.26330979481946337 -4.743791245867482 0.5321300522934336
7.3353282199831735 0.48107910184964425 -4.613408838368084 0.9856827576321391
7.427009551416308 0.2925570786958675 -4.706783867674009 0.5954025274507333
7.466583402601052 0.20634400020887167 -4.813580835828701 0.4247943475216267
7.471463108111564 0.21207795563473006 -4.799482704478365 0.4270068520484887
7.393325726371414 0.20462158796783628 -4.790031089169549 0.42001490049769113
7.457693342554355 0.3715247049238453 -4.720769519313864 0.7517819208374129
7.398421985114696 0.256842187949502 -4.746690366455853 0.5296234726160202
7.405629895954259 0.35781126674022007 -4.663795252034799 0.7341870145819258
7.462231314539391 0.2028222439785668 -4.806758167752346 0.4140357643465138
7.43984213405825 0.24245045703203194 -4.792107855536307 0.4917142711860515
7.4491499886389185 0.2888171723899024 -4.739546609891567 0.5865986839685262
7.436011703034164 0.31814606060406597 -4.715425701230177 0.6512132188526483
7.384259473384533 0.30478243301178265 -4.727746141817942 0.6258423887528995
7.4748640575228755 0.32639438422032163 -4.701150600470054 0.6593956391641206
7.396847885976342 0.3495464842875159 -4.684869537701108 0.7177138736388664
7.421666657177489 0.27430338150300415 -4.755053548028288 0.5616734592133474
7.451238244724763 0.2685443508345874 -4.706337106658808 0.5375341511585436
7.457796721008332 0.3138851093708291 -4.687346437838499 0.6311081654414376
7.409515981240207 0.3142177232512424 -4.694375489325756 0.6447928836023613
7.370659411932987 0.26200622931603823 -4.747653610627214 0.5369606269238197
7.350925234869024 0.25122818666012336 -4.786137840454528 0.5125027119088983
7.4463578424254395 0.23373423273954666 -4.751253599914805 0.47650370771149647
7.445198432003488 0.26291449301309694 -4.709854201251279 0.5355518561890632
7.405491728014981 0.3434465609393142 -4.660648443382023 0.702786392005496
7.489155811130727 0.22994727112891433 -4.791100801918976 0.4594296402447674
7.426053074053176 0.26977823688388197 -4.737591154350307 0.554862858507213
7.426469131461291 0.291966148744004 -4.7196636750313585 0.6006255888334424
7.419405948614447 0.29860257213504765 -4.7220123171855075 0.6121525632680286
7.468039941511732 0.3134234206063881 -4.67726599320349 0.6381108052059947
7.410633018825818 0.3265627295916876 -4.683169484093103 0.6624823942982643
7.448427172085443 0.25685147875909825 -4.744181353097645 0.5242623131824329
7.4399208441796825 0.34713501383071466 -4.671930985725464 0.7022885076268255
7.438443731984872 0.28093592039694537 -4.754801534672849 0.5581453195152217
7.406843857193563 0.29914708178503374 -4.730479479529652 0.6032138819166593
7.455436915098911 0.3039627706143564 -4.731729734493919 0.6157672323490784
7.4012601405215666 0.3182354467187267 -4.664927074419737 0.6422067655813107
7.470567673757831 0.19023467174347955 -4.818138410085446 0.37790683922211243
7.3978695612797445 0.27517788798185117 -4.7187157206277615 0.5662312125002793
7.467615080241158 0.42902471628086003 -4.653105730175685 0.8597993939473121
7.4521280405253725 0.22520685004212473 -4.792284108659802 0.45656106170554994
7.435418223910408 0.31210482691063995 -4.710740912869864 0.6315524798204947
7.522396114228938 0.2417049475734067 -4.778478548869474 0.4859619215554916
7.399594257050393 0.4131487603979032 -4.519569358099508 0.8420360703148756
7.381895876182554 0.30979119567724567 -4.728047436335022 0.6402068682573717
7.47834982483912 0.2519032980943999 -4.803271583521365 0.5112116619413171
7.4210431347632255 0.2768969042485922 -4.715657926997113 0.5661912146735769
7.380575436351382 0.3371995665437843 -4.64685583302507 0.6947500296699438
7.472697983957486 0.2605745494851241 -4.771862719456582 0.5225245146215225
7.447137862037703 0.30041997583677443 -4.742273416166119 0.6205708401842519
7.419092835959443 0.25178551069576904 -4.764032805431789 0.5059626360413736
7.389341163091438 0.2633236126100557 -4.726856882785933 0.5376504039884193
7.442965950789662 0.25466218772097154 -4.741320760247266 0.5158793451144085
7.45425853505305 0.17363543134932236 -4.81411122458666 0.3541128097917672
7.425037199164397 0.21888261481674642 -4.786164458037389 0.4553879490775154
7.457532719660019 0.31691676534179725 -4.73390090594335 0.6469593137202135
7.547812484218717 0.25040689598444865 -4.776302397944233 0.5011555874411869
7.443140533601226 0.27243056024341955 -4.745946666402428 0.5562999818190183
7.442780166422212 0.20780455726574018 -4.791733133621584 0.41808939548804214
7.424696569999309 0.2564696304868663 -4.750495500025011 0.5231338991026974
7.419838778300002 0.32034746811988435 -4.668030138480985 0.662232716328225
7.461900312907333 0.24967744147156443 -4.739999804334646 0.5056757517026865
7.518166276202601 0.21570378292407172 -4.788475897647931 0.4302072639339133
7.471272659359135 0.24912495551694316 -4.763251788209198 0.49562523302945755
7.5142769247435135 0.3076069924586708 -4.71173200749465 0.6087190331913659
7.455437303181963 0.23291229146352543 -4.777362256941974 0.4768977449808648
7.470306310934692 0.215333322524359 -4.813307648154597 0.43430028501811785
7.3862105423312805 0.278843946112723 -4.721996143602411 0.569030756720205
7.459380842325839 0.27733167688349064 -4.724176370520887 0.555935269070521
7.432541186775368 0.2691497888606381 -4.77505647115027 0.5545288195172343
7.464704208569444 0.4027850136295757 -4.693546640541276 0.8303745557296857
7.544755910082108 0.20377745094185085 -4.814934607729717 0.4077192887695664
7.462639341938816 0.2977420151170162 -4.695985296876199 0.6106837461876875
7.492413257736189 0.2746609819994929 -4.790095625654887 0.5527839063371742
7.428300221070981 0.3250695719682784 -4.726823805384391 0.6563415047615444
7.4285275378548405 0.2783726240885776 -4.719394328853144 0.5691178224119824
7.3866226063330656 0.3400675723479998 -4.656865299915392 0.691928975898738
7.4582757827304 0.2611434177399867 -4.766895107970013 0.530130010542041
7.371867377858791 0.2269966205205415 -4.779006429362399 0.4705287563342356
7.4047422348690946 0.38798167521212795 -4.605948977730709 0.7881452926516095
7.42164623606609 0.3060110963468189 -4.7202458652266515 0.5419911097797455
7.499495833040495 0.23650687497173203 -4.7870495911779445 0.48376779739442455
7.444441313754896 0.2272920990857784 -4.789281170846488 0.45541827177866434
7.507157439940073 0.16883827966386705 -4.8467064267346185 0.3390495215139842
7.441937536762468 0.20526718645719666 -4.803632273699686 0.4134193014469616
7.39997091051098 0.28424406725512746 -4.758860104408142 0.5862206532632561
7.218724124001962 0.6584089542962636 -4.264485928705621 1.3465162923890233
7.516980675297445 0.17689535238124707 -4.82467343834951 0.3588416409399652
7.447376369358063 0.24979053625448394 -4.76351790066207 0.5027090830490252
7.421052293388923 0.3043798595810134 -4.713585035808659 0.6213826136281589
7.520387526607361 0.2623012061279392 -4.762608018146452 0.5349621515017033
7.471253742014014 0.25909715751279844 -4.785413738530555 0.5331927054132467
7.368324312573675 0.3155171789276944 -4.7396026421315 0.6362312404898056
