3.92093308162634 0.301068495882631 2.4972773069823937 0.6157963098339511
3.895243154582195 0.3617812636100434 2.5403927807614246 0.7468433472940487
3.806262084892637 0.31098925060530946 2.783542312843755 0.6395505004898165
4.021865313220291 0.3369188705731551 2.2349803642004242 0.6991110411830459
3.9301076426209827 0.3136558146073541 2.490361806618468 0.6423778570501587
4.024341976261943 0.32966160959002105 2.243107325817614 0.6734916652437353
4.068375972237478 0.3172663347981923 2.1985946440703055 0.645913371882905
4.376223177821146 0.33132789116390965 1.552327132029995 0.6800917028089108
4.113583782154089 0.2939733989068916 2.1072230105734553 0.6037754856590821
3.948825976120715 0.2882749965225745 2.382521186159119 0.5920006241350628
3.8441446315218526 0.3238086637803518 2.5586076295387006 0.6652770112322931
3.929884043389648 0.28467852231066715 2.485035522588538 0.5835595796296278
3.5456201466638353 0.29671506673332704 3.2106315014711333 0.6098964897283832
4.087070492110297 0.32533795176374075 2.1345501115692302 0.6684879209719825
4.040551020673933 0.32616485634222614 2.1966583086926588 0.672285045412506
3.9895919704611638 0.3183790495238598 2.3502022876518724 0.6540395268144442
4.318891573247405 0.30345216138756026 1.637029108024687 0.6209793205242796
4.0919677061717685 0.3108094133864346 2.1459366546950642 0.641874360436089
3.8531127237509617 0.32854984390472936 2.6190899892146065 0.6857155475881959
3.7988687220254125 0.3203365259169181 2.6818453520624024 0.6556128064916119
3.610187986469098 0.2915494813706061 3.124538081956236 0.599736951302407
3.8942632021980725 0.2692332012830146 2.5063718380820417 0.5575714564123261
3.8783963036524876 0.2910735336146844 2.5852993574278664 0.6002931023522351
3.8777523365426294 0.3189255131497985 2.491627028401088 0.6521117383969182
3.756426321662971 0.2936958806972958 2.794642981820369 0.6030353411910865
4.108854055034148 0.30405805326635515 2.1346775787180254 0.627208928252737
3.8393812868515402 0.29299760321273277 2.6007751303038003 0.5991352414156139
3.9762815994793828 0.345310106957098 2.370361022785688 0.7081650667851712
3.939175608283518 0.311615658358801 2.4296546401661905 0.6434764045446274
3.7268129716778606 0.26634568986073814 2.8440380748109515 0.5444764297272623
3.785785406837 0.2888552756079578 2.7561927665715835 0.5957878913933133
4.321811526582782 0.30530755256414777 1.6149145732553043 0.6272949360628357
3.7438497595535276 0.32458119244357503 2.7860443876397527 0.6661963813941147
3.7355569079891517 0.29164137220205916 2.8201451918707843 0.6041294128259129
4.0267805634928475 0.319013438054982 2.2482792455785297 0.6583449015389057
3.5724861983774145 0.30011235303332484 3.1918164935359723 0.6198478547436747
4.009290256154216 0.3078926761338228 2.3014246331339394 0.6320647851226846
3.7002873182023883 0.3409395537072465 2.897858685541059 0.7022373092773375
4.002204935216357 0.2891692840839339 2.29642626918798 0.5931864398460338
4.275767712558778 0.294678992203781 1.6847001015424419 0.6055547617225686
3.98151855641012 0.32074187320688585 2.456482263846901 0.6564660776605192
4.109303618010859 0.3174525782590565 2.1517638962443293 0.6576762500957861
3.8803068167268635 0.3013012272811013 2.5159364139148663 0.6197687671596931
3.7691275253306618 0.2914743941341788 2.739486714542971 0.5985618153021798
3.9734471853432884 0.3298488752707258 2.3870329745467096 0.6761228310981334
4.1799328823474 0.31783045360253803 1.967878317813498 0.6559204981384283
3.6462093972538074 0.3103469818114529 3.0755150526691617 0.6377795959349662
4.14170121988832 0.2827307035724572 1.987267469431211 0.5808312839182389
3.772792711141597 0.31880755580359493 2.7768847224259376 0.6548088516244714
4.045462630276388 0.32220354694581976 2.2020564399868627 0.6592618521314035
4.187911303680755 0.3648330758195555 1.9293445103169524 0.7487826177545532
3.8932758237906695 0.2691131755029456 2.4789095586066328 0.5501104694629309
3.5729832677745237 0.28225375433976285 3.160155674335875 0.5810705263917065
3.9885881657209237 0.3189684425482578 2.3088648094321864 0.6572631288952308
3.9250934439393337 0.3038558404758422 2.4879859699039653 0.6285943840160346
3.8203454114839683 0.3138547805741829 2.646151185354955 0.6457202993661753
4.019721484553479 0.3189151868485556 2.247979894683653 0.6571037332052302
4.081937248279681 0.3066057674946873 2.0895449656129044 0.6309912987597227
4.147744642555641 0.29649993077091713 2.027289365575271 0.6131804409761756
4.078712764927408 0.3149938519998954 2.1801745407679585 0.6453940422315011
4.085862018100002 0.3062643921863294 2.1164691976703187 0.6269185976056079
4.020233741897098 0.3294773951101924 2.288654355201535 0.6729812248532718
4.028705532637506 0.28958251047007594 2.256726778837635 0.591069797443138
3.885483087991268 0.32779236943881673 2.5225021648684782 0.6720871427063618
3.9462417932485616 0.2925471551015014 2.3813620465916285 0.5999230960826522
3.8039930529570953 0.2852898626454338 2.695049015015387 0.5889181079806367
4.059246821659057 0.3073190791277688 2.1988980290373235 0.632299891221795
4.302033246399329 0.3360258721598538 1.6525690885335211 0.6879960000071663
3.8352175885108686 0.3201328968941944 2.6447780945687995 0.6567892227402975
3.955961527007537 0.30889883003717966 2.3579822789346805 0.6275301356358192
4.000984794726628 0.31712988926679725 2.2135306182833903 0.6529234126566998
3.7173570375207188 0.36212669026704125 2.9036953721004046 0.7446578544196808
4.051595825829306 0.3006855310220178 2.2057996436163387 0.6199723758164262
3.9612173558217387 0.3422392969787318 2.3573708667320434 0.7035676764502949
3.789722659288093 0.29689230813066947 2.777837848355303 0.6086349336686829
3.9917217577811623 0.3206075151587263 2.3449643566790632 0.6621251627956828
3.967381345310174 0.30714154501068947 2.35159940340597 0.6321339350763101
4.223994638770424 0.319773084703464 1.810083870983322 0.6569093323145542
4.398994688177639 0.3180174907768945 1.443468933464561 0.6486650005561935
4.2674352578305506 0.3032462927707904 1.747897085786946 0.6199718693131894
4.2863896563448876 0.337983668480337 1.7389635310649085 0.6922887257848207
4.092344780504449 0.2893519170388227 2.080818019568432 0.5932148492121991
3.9756850243244672 0.3323919754440718 2.339876585129545 0.6942396951050077
3.6594293655371475 0.3281429526255082 3.0532736056489678 0.6786976430594147
3.753591267337386 0.3116066346239226 2.790009726556842 0.6427649637460632
4.016568602765901 0.2989594540852244 2.330183516135854 0.6167982281788437
3.9934407669284058 0.32055566666708524 2.3401457485504196 0.6560645927709895
3.569149941832945 0.32825483162880403 3.133386419005217 0.6793831981851135
3.829382378746825 0.27963773481028037 2.672891268999227 0.5774924101544705
3.62470530838275 0.32616296499513076 3.015749294561727 0.6733792214485853
4.179339892858021 0.3189568578705567 1.9167496727114472 0.6590568750333322
3.8796196798190783 0.33677605647959746 2.5826051096739957 0.6967297885765661
3.8527964085483433 0.33134749717410933 2.6225164972834283 0.6847597033316022
3.7111763806805143 0.32708681725384037 2.8763815323474313 0.6693145504120485
3.987500014091006 0.31486609737027493 2.359070881371438 0.6472864927285255
3.666878098889976 0.3477974237276554 2.9410539905209663 0.7131348242202994
4.030182619045623 0.292085834251068 2.218360757374114 0.6007796644530493
4.135965220877806 0.3204898642507836 1.9912763278772254 0.6576526415580269
3.9678642804006987 0.3416214992000687 2.3805468793895113 0.7034954943474454
4.3197080518721265 0.31328891852843144 1.6278564006676848 0.6498985962819555
3.955862878962213 0.3159746944686066 2.400471545043291 0.6519748020496602
3.8577566027996832 0.3028676873158644 2.60336693297082 0.6171724463327961
3.976957972038472 0.32552034444837386 2.3598010829863303 0.6697254034341165
4.078278917048477 0.3109793199717529 2.1358415790739236 0.6416838417788335
4.447021298439233 0.29785838485997235 1.3449516668577748 0.6179493998054719
3.805917693525639 0.31187829856951643 2.670679522423656 0.6424755399772282
3.5245291164889014 0.32016612946859035 3.3171387478439147 0.6611023297979021
3.985370395921916 0.2867429010770482 2.2833396144639124 0.5884595115578259
4.16324284543434 0.30957019146141757 1.951587883695342 0.6337598223359773
3.721745233865691 0.28601952470588005 2.8177267028745954 0.585424458211235
4.064954533218788 0.32013446864203604 2.1136087547165707 0.6561314745191716
3.856401398327982 0.3006765872062821 2.588621759161113 0.6201588133137522
4.300772088818071 0.2897644722485729 1.6342879168329025 0.5991805332274394
3.9335080286077333 0.30787414527244805 2.360658243010578 0.6326286796181732
3.8754466148464664 0.2948935447504521 2.5590196549533104 0.609883228886011
3.971687226500457 0.29529983149823374 2.407554393366589 0.6081233843652686
4.185008032137744 0.31313615731683625 1.9014052279984712 0.6459048007092213
3.8842329969236946 0.29454455350146413 2.4866349591305523 0.6051186843757945
4.053323350268928 0.30202327020021463 2.1885904027429963 0.6212763440243656
3.890923827429252 0.3055105204799493 2.535588524608054 0.6251978997473931
3.6645522011726914 0.3417889735340465 2.996274290840894 0.7045194751151963
3.9658513526788717 0.31099549093639894 2.3432520544323268 0.6455823261825417
3.9860535507549497 0.30744125398438304 2.311947523437044 0.6343611423396792
3.88518294450981 0.2872382475785612 2.5376313057825475 0.5882273964107979
3.8692706120078544 0.2968599710501563 2.5706541478702625 0.609774299266356
3.728350347816658 0.3182525284554117 2.858996617753803 0.6541458033014482
4.017411236858349 0.29436472511280887 2.2789109567235943 0.6000441903970575
3.981255763583355 0.306916978089274 2.3705879157623078 0.6363955814501456
3.8732091803420046 0.3157415071333819 2.559310101753124 0.6459626519793656
4.208531778433333 0.3226069413516306 1.857093660788074 0.6676872535325274
3.7345989263966013 0.2880252074765062 2.8385591801168193 0.5884954965053307
4.02387538292113 0.3013235260268211 2.2588428041767896 0.6213344089775761
3.8357589255300875 0.30441057813459804 2.5981732978781227 0.6258374448095306
3.6446976167567238 0.3031650508984363 3.063951459464949 0.624797657520955
3.99718349232517 0.3073142616049037 2.307006602907775 0.6302551510329927
4.159287189800844 0.3074465964561509 2.0011451889105105 0.6266142449175565
3.8534568869595827 0.3000719727024839 2.608158300462192 0.6116702557696203
3.8222129626492936 0.2824990759569579 2.6738294155935147 0.5771804359790145
3.8085724043815286 0.31887981155011874 2.7029963375996147 0.6535500134284742
4.489699063178314 0.3149245122174093 1.344562743859849 0.6470562748046639
4.019908460725648 0.32905574031545964 2.273186258257308 0.6797023172417996
3.536544268439535 0.31554831025147095 3.2340001559537184 0.6476788893495762
4.126035182465351 0.29298095798839324 2.0061055968876875 0.6030752511440567
3.4288402060989673 0.31651706116722833 3.4952350483759558 0.6510795708562749
4.174021255776716 0.31134504663604456 1.9223331057683202 0.6410196016991774
3.687611648546347 0.30077188995294524 2.927995021826699 0.6203160437050077
3.9464634530830853 0.307428824684532 2.4016233167711305 0.6327526833666748
4.145770689604568 0.32140225020963276 1.9831509020349878 0.6647636087618572
3.9378315312207137 0.27931165187767176 2.4617381543671053 0.5720983046174735
4.19002465479026 0.2988724604588035 1.8692927846301512 0.6169348727426275
3.7858755859634377 0.29891440299936656 2.7267561539745184 0.6122049858967412
3.841132715334398 0.2841219309262223 2.6532475044798494 0.584497351892616
4.028248551190323 0.30455422007645244 2.2668004654728175 0.6293497217992575
4.01646590294452 0.30902270905251344 2.2410547787070243 0.631314009235328
4.156101927003041 0.3059563572140889 1.9568957353258125 0.6264227190686814
3.968999794269504 0.30924179828267584 2.3662962188970473 0.6398205522713251
3.747955059838624 0.29303583557749 2.7782701514158417 0.5992816427766277
3.9760694450224223 0.3066032649646033 2.3794308188899826 0.6303745945607172
3.801525883817692 0.3016327752607693 2.7511191612173986 0.6236458102471271
4.021735056593927 0.2978193571868794 2.2041733523289575 0.615792929984916
4.10682966117265 0.32124441965632683 2.07502525057863 0.65629465633343
3.8621753807962085 0.2947798022475815 2.5686405125141505 0.607881897427144
4.181898663674806 0.3284282924805924 1.9575699125749455 0.6731574439273754
3.958478405395925 0.32609724714489846 2.3668118616318425 0.6735094603110023
3.880083952013657 0.30406353733427566 2.5662151023485853 0.624363504393433
3.9709378437393195 0.3052624722217818 2.3393158647069763 0.6300986093890154
3.9306457676992306 0.30257476534106204 2.466273780142567 0.6216304516966984
3.991376819290452 0.30894813701322094 2.3335979909928737 0.6330728360348262
4.03011978538978 0.29609270028143614 2.256382782699367 0.608390829717124
3.6473804069924913 0.3045116474022916 3.044727967970158 0.6250957277485443
3.5190074551005264 0.32081336560665713 3.2993743580951946 0.6553842639066337
4.027595143660326 0.3337018685289244 2.2454328782211963 0.6870594498214353
3.7056710425979595 0.3251634447762718 2.9375210165494217 0.6639709535044045
4.180997756336261 0.30302613160824216 1.9402733911237662 0.6190996545808327
4.032866253507965 0.3098298579861448 2.2384557528720235 0.6331428682924845
4.079202660832417 0.3314590783100071 2.0778951716712717 0.6773438532746151
4.09148251081022 0.28039106678664755 2.113385824465391 0.5793045461101669
4.046545754314922 0.3167434727588974 2.1940800278976385 0.6520046586828322
3.3481088301184676 0.31152990325193614 3.6339228593592257 0.6427648387223602
3.5278153860408548 0.3462036564357842 3.252422568490562 0.7126253259651109
3.64284894038916 0.2974517748052309 3.0850034285971892 0.6071365192178945
3.7613660967102542 0.31126405096901916 2.8108881718431453 0.6375740740869089
4.16786821945249 0.3323033639619051 1.9497051007226638 0.6878832697766225
3.959945016122469 0.3134582213619937 2.428205690204427 0.642276229640268
3.7512785880742525 0.29215203050547367 2.837274012799698 0.6003689501829257
3.7335247486867638 0.27332293257154 2.8232053952112457 0.5639471593055534
3.882678289069993 0.309454574466958 2.4848133106737236 0.6351836205694584
4.244299615016627 0.3203866169587459 1.7558226762715892 0.6530557904583498
4.301409933204509 0.3366678776213379 1.6960433212395394 0.6864693900543742
4.014545637519509 0.3267873804245658 2.241323280426014 0.6748391580725841
3.684934169297048 0.31743354536914925 2.9308875441944595 0.6530693598254165
3.6769967822093452 0.29865830488644785 2.8746395337057384 0.6160229497273764
4.036078090253762 0.27206955015703527 2.222594715483914 0.5601588471578829
3.9777163694647295 0.3020497930115152 2.2752856807523676 0.6183943415732206
3.9006338219560055 0.2840896309356091 2.5332473814926715 0.5858178419071771
4.146650224616855 0.28048401029636905 2.013141368824349 0.5757108811778543
3.866762042868337 0.28020314725916673 2.5721397781047743 0.5791843989635707
4.026604183360246 0.3158693957273487 2.1904866243333676 0.6490547018584051
3.956171735522567 0.3261382744912619 2.4141044947763515 0.6635897603339058
3.795397892127424 0.3191059909349011 2.724905435392472 0.658869875851096
4.182299370536725 0.3107519174643057 1.9258232459639566 0.6411045945720375
3.8349849906856983 0.309836882708371 2.6458179194404132 0.6336045419096034
3.9444761559292187 0.32967161456395044 2.414994781443049 0.6772079951563725
3.913434445534211 0.2934997929838582 2.4904760081347215 0.6037121443550366
4.241060463794378 0.32525607969450365 1.7484389995610619 0.6674988397559207
4.18929442491325 0.3326169651390827 1.9007365616222924 0.68629494683546
4.049557398330425 0.3339921549999877 2.2239022425748844 0.6859035848930723
4.282621580656524 0.3043791982973251 1.7755064145054638 0.6234087349113635
4.292089981114907 0.32718898889424064 1.7336193362955092 0.665938465191219
3.99859840579116 0.3029490486497131 2.278721397295598 0.6211522267068865
3.5595511007749883 0.29564782444633164 3.1541544351572055 0.6046622576527994
3.7794829317820486 0.34215212218248886 2.7663550858418775 0.7013489491458758
3.6998496498364655 0.3007592021527226 2.982119961086738 0.6172353897807201
4.300391239972537 0.2870440809557355 1.7200876931106195 0.5878843782862924
3.578840032351291 0.31079595950700956 3.0972937264104465 0.6346718015803077
3.9648776672150707 0.27743881406995113 2.3679076828955816 0.5718843607805522
4.043713901383631 0.31550256490804535 2.1833088330928954 0.6460798820394907
4.080461874011946 0.29646051762611997 2.1610739957525533 0.6135806942682787
4.023326187935666 0.3068724126964299 2.2452176817217118 0.6303604777200071
4.151658984713439 0.31129835554381874 2.0189185165297303 0.6399424624907046
4.272438717496844 0.31468722186308246 1.741052029398178 0.643193467024726
4.13315844999717 0.2921433997318725 2.041045342303251 0.604108017464394
4.178028520907047 0.34094113565688916 1.9092876837905637 0.6974459439041112
3.828900084256303 0.2955119572510615 2.622880891027827 0.6095249323066816
3.7739596924270655 0.31203822545223203 2.74567175708392 0.6471742463329586
3.6688465836897994 0.33428056518287047 2.939073690507726 0.6849658849269036
4.111389638379835 0.3183520748156415 2.0566178316242527 0.6535971081654884
3.9974031498711406 0.30073643189763416 2.268505660914065 0.6203931724656105
3.560771811313403 0.30425820531537684 3.211367326450996 0.6293164870294602
3.8512830774095703 0.29790765686213594 2.6121619639517126 0.6120541106945426
4.17491736728617 0.30972648229415506 1.9352878578271147 0.6279615824701453
3.6685998492624177 0.31541222263826924 2.986386534768111 0.6414541948835043
3.771578748908348 0.2992473599181256 2.771674725897581 0.6145219091740901
3.9169081311363922 0.324493159655625 2.476065757941262 0.6671628383441065
3.9894649096934134 0.3256189001048018 2.3036758722907784 0.6722905555475883
3.913411794085409 0.2788144187839174 2.4455050211455474 0.5736391723206614
3.930051788245316 0.3185218923449565 2.3511836370676615 0.6536090025599018
3.875610249879137 0.3152070754525491 2.5444681646576663 0.6452176466214423
3.8024816923077003 0.3052250823562273 2.664047773870312 0.627512277565956
3.9838459013598047 0.29230103866288776 2.3863172650248625 0.5949270385548636
3.857752907054888 0.29402230898232556 2.622422937765201 0.6095827787642482
3.516199805091442 0.305951727606318 3.249263929695256 0.6245576976753973
3.9680792189581506 0.30855125689452867 2.372074340863141 0.6292424689354865
4.029008552147061 0.29789911366247507 2.263308645200098 0.6132661744646479
4.205139868529358 0.3435876584273275 1.9238406184947632 0.7014515045698358
3.7225266202536176 0.30209784313750254 2.9195562118693266 0.6206064753786216
4.2816946057544865 0.2833519701371598 1.697698549892092 0.5877912616817593
4.224711661714313 0.3258727899160644 1.838722135499565 0.6637803858826912
3.8943012660956766 0.29923870265492547 2.5535487695260484 0.6195162531856626
3.724220888646058 0.3318786394333577 2.8445677948790893 0.6774019995132932
4.1150582491358225 0.3249959603087284 2.0086947915747855 0.668568375203687
3.991158733391406 0.3077278423651861 2.3920116035939083 0.6398735552312932
3.7399367432565365 0.3084436747029431 2.8337122441467266 0.6288388183195123
3.8533965273610638 0.29597540105391584 2.607341363619622 0.6041876583439709
3.7139711861046116 0.31263316438967964 2.8719339577850085 0.6438715208026476
4.060706392384475 0.3242409917003782 2.2129866384281174 0.6646401810829274
4.231085933458079 0.2983114461075556 1.8484742857916623 0.6124398414854231
3.9445924305836177 0.30361150336991094 2.4505266359256472 0.6200150273807913
3.602743646147506 0.3012098856240047 3.098874932980001 0.6125681927389627
3.9771881633173827 0.29434674900836794 2.348744676133883 0.6058324042184298
3.733866635695027 0.31065410965347656 2.8405904584343324 0.6401635025961858
4.205134122981434 0.34877227700723107 1.8542753772426273 0.7175877570241758
3.8942072593522292 0.31838897020885776 2.4905366264073283 0.6524682276048391
3.708732351188849 0.29027870792643207 2.9666219562148735 0.5916611453879186
3.779408311638811 0.32678653206461805 2.799038491149835 0.6705535374139117
3.5100005990189187 0.291953287757765 3.281695437289942 0.5947093444324019
4.247878533128363 0.31822711265555603 1.7779142092888873 0.6544328465055916
3.8688921999800634 0.32375167266974963 2.5953647066030854 0.6591225124594615
4.02122340369935 0.32976774079019844 2.2000818746127293 0.6827599146903125
3.758922257557138 0.272728798924495 2.794624434099881 0.566859787959844
3.948182749072754 0.29622727962807827 2.395373969308659 0.6081075008848281
3.946700508422098 0.30777542386830214 2.45889155437064 0.634680784821876
4.093703433096813 0.3060194774175773 2.087880867154932 0.6342080035007075
3.8463627147558013 0.31762377137428627 2.6342818462100746 0.6518940839474086
4.317935224814244 0.31098578264460064 1.6935647391432496 0.6422561498662792
3.9170936111279424 0.32992954725266016 2.4103309632825956 0.6794290908777882
3.7867563530730184 0.3294561114515349 2.751893880916808 0.6783434197402526
4.024873351020791 0.2992357267846628 2.249259264943027 0.6168973326389388
3.8853804896194166 0.30133112057701766 2.4763423402356635 0.6198120466715592
3.94795658613325 0.2994247140515591 2.392330494952441 0.6181307649091039
3.690879279381912 0.29967434408831356 2.968145751296456 0.6112257144247192
3.9572701260145333 0.35061698773383276 2.3837360055755523 0.7238392700926727
3.2900528807677536 0.2991282962629621 3.7614817183454914 0.6179392813931637
3.752529929447505 0.36037493131862286 2.828980306712702 0.7431721712704039
3.8446737090714764 0.2835473623364755 2.578787332418817 0.5782394071125551
3.8215795173296976 0.2739488332290824 2.6202435822977908 0.5609886245214102
4.096004326984894 0.3202127944537415 2.0792235223090234 0.6598876656723018
3.993100209228121 0.31745880774865926 2.286435859580435 0.6482130349259718
3.953572625970782 0.2901892378924165 2.4141815840974985 0.5973067225512956
4.209279332872664 0.299545471602728 1.8993413671061659 0.6157833108867684
3.9073288067124503 0.3228860601109184 2.4642751889483687 0.6644432179658523
4.23882215224624 0.30739503493266973 1.8177433068289364 0.6323804963413264
4.12163815340373 0.3102206932069055 2.055023882502753 0.6391714994351932
4.070512740379798 0.3047870648600461 2.1633677678341687 0.6218924080189289
3.8289604648870057 0.29484195124713924 2.670320365721582 0.602722345923782
3.9683943512830737 0.31468337730212154 2.3751903302968 0.6449860424920129
3.8422295341865587 0.3299544151970217 2.5997804302474528 0.6801917703757564
3.958317693577829 0.31237229123822075 2.4070056267866864 0.6436666345093994
3.9920640682589066 0.30410339541454134 2.376701799586492 0.6244468583517011
3.8210182346604036 0.2820754711442412 2.625073496221372 0.5795161804857368
4.249611559606818 0.33272252042185174 1.7882544592300242 0.6829339380470333
3.888304535934249 0.31169819093815293 2.538462341153659 0.6414339824454947
3.683926295340293 0.3482597146078084 2.951144986924878 0.7186194359445184
4.15439220898142 0.29784220449812576 1.9417215937308145 0.6141289440801799
3.9055065397682895 0.33363704243066905 2.4176372269999566 0.6845952078990986
3.9350876019528824 0.3204072876987802 2.454736097083969 0.6520898977604226
4.000564482293138 0.32003752568759875 2.2594492836160835 0.659507357550775
4.1610551897229024 0.2789812651059796 1.9434930599561617 0.5730938340607559
4.231317853341172 0.3156441327442468 1.8159988512283005 0.6524001829187888
4.091386302790651 0.29955881529024275 2.058342129923542 0.624441003712974
3.8440682601298146 0.3072641102737121 2.581084971885854 0.6338709149896494
4.0825540952651895 0.3154597692403543 2.0977417408185 0.6520102672750371
3.744440941079122 0.2981080910847113 2.7592508336600305 0.6112717139862645
3.6052769819288057 0.29788400413914595 3.09783487192244 0.6128113132322061
4.182308325097499 0.2913027658434721 1.8727414141783267 0.5976581270605049
4.069017160243983 0.31011793740400234 2.169420223627852 0.6374268463117209
3.9236315103061283 0.27897160430389445 2.4443962376286055 0.5697820211844805
4.066049021759558 0.3072882450746012 2.1805645967398366 0.6308880256800944
4.0611173264354115 0.3084357835302623 2.181837747571223 0.6315073790826217
4.319592372428217 0.32580165954166856 1.6341724315976949 0.6681388642634527
3.8718807967510855 0.3125876710581617 2.505755828158487 0.6410425986014551
3.750912150932576 0.2984577957768466 2.7914380123424376 0.612326441302577
3.753696270326155 0.294791587210676 2.7786171834647915 0.6028350274245311
3.95318270938481 0.30963804261348454 2.3642847188436584 0.63073120385322
3.907279889882231 0.30746419929041313 2.4892655186707184 0.6315044872148959
4.253378037335967 0.31507436602624206 1.7450249799019881 0.6499703492189549
3.8522312486663983 0.277871678923184 2.619733844157712 0.5742658288007915
4.1171288326572615 0.3054515418929346 2.094324292899584 0.6256475279162947
4.257374700707604 0.32544057975698193 1.80357198242434 0.6707708027295671
4.646586471069412 0.2874346263187594 0.9802298656729677 0.5982748529469212
4.0328198333916765 0.32676491853890494 2.2192662906393408 0.6732824237649015
4.043409534543339 0.315926995843364 2.23139399826586 0.6491643002102596
3.9375708980480484 0.3275852834054151 2.3965512813582324 0.6796707259118251
4.0431312516775115 0.32936782727462305 2.243893683355848 0.6679608534041973
3.987057926180813 0.29890979359330777 2.3004756418846037 0.6162613745829763
3.9566173349334868 0.3130678835773312 2.414842746023001 0.642781761423127
4.008788941868232 0.2956480611030707 2.2993376205930565 0.6102204365510362
3.8061172427616317 0.3074857483038737 2.6916652470009117 0.633720211595085
4.157702255946193 0.3112214423877787 1.9372174538747868 0.630630905932314
3.888948005058987 0.3095842062372222 2.544445624492443 0.6365849975576082
3.756020557808901 0.29461498070930575 2.819337043814289 0.6095031601075228
3.5275537042383043 0.3016045678743812 3.2690175479088808 0.61962234925562
4.265149050881341 0.2992410995934762 1.727097896803627 0.6194848041919859
3.989231559240133 0.3179657190099221 2.29395776513955 0.6566822204972342
4.204202189993495 0.33207693289788215 1.874773517923491 0.6867329660148098
4.271378273430376 0.31869754362688973 1.7363914031479246 0.6529455127829724
3.872272710095697 0.3454343153537769 2.6078806469038405 0.7130491370311917
4.3084858418527325 0.2951629782044158 1.6578700862720752 0.6091871396716777
4.09407357450881 0.343598428701326 2.159008116250739 0.6963027906379993
