4.081457518709154 0.4882607279428217 2.111559527250719 1.0081006780850745
4.611009923308599 0.4486261068457153 1.075609540566818 0.9170207992958171
3.825150647984793 0.4856688903639495 2.6434390051027163 0.9988601322826185
4.516282392195253 0.4635024309262067 1.2201853900593522 0.9532825025899954
4.3418020237615895 0.43592745350331435 1.6323756699527747 0.8944588589017706
3.572501541911146 0.4480480650492701 3.1703103880757704 0.9142051528883217
4.041284531380988 0.4819591923004738 2.223871856238881 0.9856361105508625
3.627942970551869 0.45255580728387557 3.1261862949766015 0.9250424954782746
4.257844758167851 0.46664063896519176 1.7456584545576705 0.9541412498737397
4.158893662229092 0.47626656642686505 1.9940946006285922 0.9791783266023577
3.5961019707672515 0.4827391592895239 3.165694330690875 0.99516807671073
3.7801941561855035 0.4669094026334318 2.755967369644692 0.9579507589903478
4.393348813102242 0.43689242810244255 1.5634215957992177 0.897228600977069
3.3342882994715057 0.4563443103615075 3.642967370622283 0.9376548499246976
3.8950740796666827 0.4224465802043635 2.5270665063930027 0.8641411956737578
4.089729691225003 0.4759885571152628 2.1284792964514967 0.9780852604015573
4.480408888306879 0.50774095877614 1.2950995388192248 1.0471834069201704
4.517493596032147 0.4713929129617045 1.211749315588684 0.9728687094643262
4.422082185934274 0.4744775635023712 1.4709300015262412 0.9784247149450599
3.664512038754398 0.45349041188045763 3.0240624279865465 0.9351738990437248
3.8050191038724686 0.44442972064074987 2.691809128705491 0.915775688882225
3.6569193736322108 0.4852619130464354 2.964734607850553 1.002669871507473
3.96680138104065 0.4259878891682456 2.4201904572484514 0.8775147044967238
3.93322780869796 0.4128073364971218 2.463267549372656 0.8439387274372626
4.286771529458438 0.44984734846733165 1.6658023298738105 0.9274323073110655
3.801731355889398 0.508285184634678 2.643097318659789 1.051225724638073
4.406085116133699 0.5117547231857372 1.3733297450307491 1.0543368301459897
3.5905884341344416 0.45291939065989095 3.103386450310637 0.9420520431603969
4.421481168377646 0.5066043558582393 1.391339633028604 1.0430253180304623
4.139197062162879 0.4521947126877242 2.0598159473500735 0.9313280223281113
3.906843216970645 0.39533232624821063 2.544750706599128 0.8079112864906531
3.6862893051934793 0.50754717693647 2.8319451397241275 1.0470000606779528
4.3219728134770055 0.4571494413548312 1.6215330826084653 0.9376566937881402
4.514899462603577 0.46679194953838343 1.1851883023131355 0.959776058493802
4.425141826559257 0.47412758121490767 1.4976884666217036 0.9713201663041838
4.218954448379642 0.4694307645890484 1.787414599577518 0.9595516061680391
3.2904250686707393 0.46782768767676863 3.687791223020992 0.9595134702706456
3.3484042779648444 0.47966161544037256 3.6009014298373816 0.9831286343101808
3.699854042939103 0.42653249986941294 2.9249327607132285 0.878625197470394
4.019640410717426 0.4978490457679857 2.285892376741763 1.0288578952237668
4.112312630514461 0.487409057555926 2.043279864131242 0.9979334135998125
3.9884339025571234 0.4819130005253224 2.3089378995454553 0.9922929409393323
3.5921037398403484 0.4824688366976445 3.074072167306312 0.9951217481163375
3.9537481765182125 0.47903287922144533 2.5059226960850536 0.9810068250297185
3.7877805478385955 0.47269626951621246 2.6136588929829663 0.971115300733965
4.458104403044322 0.4633209240779801 1.349886660536718 0.9524230171091974
3.8488044203289977 0.4514018567294279 2.627430898018382 0.9274377629560935
3.9965532270134467 0.4634427320278621 2.350971335215266 0.9551863684591341
3.3408020043951545 0.5204747349367498 3.6756363960810545 1.0652128824011637
3.9066025941677496 0.4147160880948374 2.409137008230564 0.8550822855715866
4.164321799135818 0.44197691438378894 1.908086305439328 0.904739358672181
4.149007928826242 0.47742077627726653 1.9832743558147188 0.9928374365344452
4.3771020213373415 0.5073788627831459 1.5500544315468436 1.0435025531334876
4.542748918437706 0.4854434111362762 1.173114489156506 0.9904633598976349
4.336139815038516 0.41373802036734025 1.5090034455137504 0.8511172445072728
4.068792591462588 0.4521269044428288 2.136599560345318 0.924657185659672
3.941422670929608 0.49033296298106005 2.4263762042504573 1.008363877411088
3.881465637434691 0.44026406079264263 2.540917918501129 0.9031614373236504
4.4664368677630835 0.45836858114707535 1.3900163403850834 0.9371891572670593
4.145892716974899 0.48084672497444114 1.975117537778936 0.9904592551167082
3.9497367733590645 0.4494578716784091 2.385796816642613 0.911971036977439
3.6894160127710967 0.46292367320138056 2.884919616005047 0.95144441943216
4.261909533297495 0.4640442849875031 1.7910282411602174 0.9556746366344461
4.270638400254782 0.44390817628630047 1.7836220913919956 0.9070465581646618
4.328044871043426 0.4409522930080108 1.688077389701848 0.9058176559627692
3.507752986694982 0.4336679013505873 3.408837688211792 0.8980503247992969
3.767512810691753 0.43535605424951135 2.8058686593882065 0.8914241555863682
3.866705454400625 0.43357694142345293 2.568762997503941 0.8944345510134408
4.284934160631322 0.4186531066019253 1.7064512621249144 0.865061106163523
4.221359252839925 0.4841686526006018 1.8072537532575674 0.9998070916133829
3.689671070017297 0.44555918073047096 2.916115122661205 0.9163692386835381
3.6500336893425627 0.44583858466137466 3.042564228395369 0.9218420853941627
3.853443931082916 0.4496223236111636 2.6161730357360256 0.9250083885031667
4.151024736573263 0.43636075987028056 1.9331980485718634 0.8989171372311535
4.11436407223497 0.460978154232971 2.0855214147898034 0.9525711414525404
4.151691550579131 0.49178211703221775 2.035627097188475 1.0132254281419486
4.315795494726935 0.48236448687625255 1.6825626760493106 0.9923141817714548
3.6877591786699053 0.4499081691362482 2.9435878503662636 0.9226646898882319
3.5709668659908202 0.47836432894341846 3.212748892111078 0.9817099549019134
4.006078568480273 0.4627486345707949 2.38024944935304 0.9496459113758162
3.6849772179074023 0.5015920774989181 2.957033806961055 1.0356268698581237
4.579562100962935 0.46538497738551815 1.0677909534619872 0.9547899146916003
3.7407091811087794 0.4900356031357961 2.833781181654752 1.0103144059534621
4.254562884253199 0.4028436313807119 1.8299579177161205 0.8216262322883319
3.6519467516424013 0.45884756693847323 2.9385673321891317 0.9373684887905909
3.948525204823575 0.4167862768312948 2.419686089592606 0.8498993794857991
3.9432421451057325 0.44705341077465277 2.426988904873051 0.9205670473027107
3.5518730357691277 0.4934886009259708 3.2820912616432354 1.0156522288619783
3.836167876821311 0.45447996655060896 2.605937832773664 0.9427996921044787
4.211260825972202 0.4386646506015615 1.878569615080567 0.9049023216708126
3.4483463392264144 0.4176300136717359 3.439297591880633 0.8595079482472394
4.5836068422407985 0.44698503513051296 1.1101846808465834 0.9219406916585364
4.147564403327596 0.4267512469836591 1.9306137644361105 0.8827862077563997
4.071237362381147 0.47980379411985263 2.175424630133686 0.9908383834200117
4.350879848775694 0.46525883113592054 1.6222823255471384 0.9553996111393599
3.2635901115331407 0.48763673112367245 3.778619186297939 1.0061606514711647
3.684771754169235 0.4288367716586327 2.9937477260970446 0.8854811265245924
4.109772930162354 0.49814160126062346 2.0483848820865918 1.0239517866834122
4.516585277094306 0.5095952396732281 1.2089299547333783 1.0479622755239757
4.140418118496919 0.4758276093281215 1.9777636112248163 0.9836460909344485
3.647752803985563 0.48810423747111864 2.9953618350037265 1.006866153788677
3.777550182529535 0.4663912624715412 2.7019415759833882 0.9542861666906596
4.123040697053578 0.4700207397353763 2.0524123508845804 0.9570255269104873
4.356626132725089 0.5107007802445912 1.5090232086936644 1.040683740689039
4.105441292701249 0.42184723474006675 2.1841495401336015 0.866086965963727
3.9163035523724243 0.4361514102546376 2.4887737668130665 0.8946913560404733
3.7582164128740545 0.5109934813134503 2.8402363072287597 1.0513712230181644
3.6847644884853947 0.42544327825229233 2.9603787871410314 0.8690656684988627
3.204587550728742 0.47000260742989225 3.9599497098016436 0.9627709527849508
4.399382774677306 0.4600321001888592 1.555016907624998 0.9395389944676045
4.3759409062391175 0.4278963998403223 1.5050977041914537 0.8747294749693287
3.9685882973011544 0.5173134303281313 2.4437559226294017 1.065589219903837
3.9744078651535872 0.4811467894030873 2.3030497539917496 0.9861415034536016
4.6293529846257995 0.46308254728561876 0.9756530755386604 0.9541773102101666
4.2431103459219806 0.4722111105817714 1.750094042906749 0.9658077656575976
4.131513615882577 0.4129138308890886 2.086442073649959 0.8513346437100491
3.8678059820369484 0.4423338146365252 2.581088766336718 0.9020900925577828
3.967643406486949 0.4558115201235272 2.3888833813585872 0.9341077843399537
3.734205533002225 0.44783492232295335 2.8873218786224513 0.921292738684359
3.8240453045607676 0.482810677085617 2.6483216397991196 0.9998415016200487
4.373850290483154 0.4442596264927975 1.5665100543136714 0.9128383256240599
4.264353211041407 0.48497097101920256 1.8189788733753183 0.9982211142709405
3.510170560548522 0.4812253299984357 3.372759745885195 0.984396659439263
3.929053422244284 0.4417768433943528 2.4444705111045346 0.9060645249916569
3.5345038083559945 0.5019867930709184 3.2176785715372964 1.040862826694573
3.6679872213690023 0.46952839453065437 2.92078146873469 0.9667162076098822
4.142213861375566 0.4787358522034799 1.9899193800168073 0.9843795097267968
3.7444024528430377 0.47646214780656837 2.7820906280754967 0.9752707105019865
4.031317874788958 0.47025323084489995 2.2661379614156063 0.9676703267352607
4.083864666922658 0.481534841150004 2.0913760435144004 0.992011560844022
3.6197073065846865 0.44139684953685926 3.0967482116283973 0.91243611776454
3.932023525251388 0.49710402532270836 2.423960516380763 1.0253038061848634
4.467050044686944 0.42208478625287643 1.2956402214078746 0.8727071147938711
4.278598996247677 0.4239683481937614 1.6899324662296626 0.870210675389501
3.9674730592892313 0.4309044352321888 2.3349084921372203 0.8868763309947304
4.012914940338137 0.45047313004281053 2.2449854748592815 0.9257218650657554
3.9357918236962854 0.45192021641432156 2.4345491732896622 0.928819153752117
3.8608117051035675 0.46063685703960505 2.530310317356068 0.9444037081171311
3.8429776420873436 0.46579583555323684 2.6010141021809616 0.9549645223011368
3.43994930889888 0.47527547930930536 3.4679910390551587 0.9779700361033614
4.575464665611943 0.43594344137654684 1.1028581977230651 0.897378108247582
3.7724689172147596 0.44075353220589336 2.742641760560047 0.8995079372365613
3.4762152119186087 0.4519249993019212 3.41509745338977 0.9394682728020872
4.677933072234708 0.43302066711715737 0.9498668399401256 0.8797465858723178
4.114173635458849 0.5134799209221227 2.093071389767801 1.0645595133570402
4.5305015854904 0.41787871690689526 1.2127059919232384 0.86173656091526
3.259159022164257 0.46579410969902 3.7130294212265245 0.9511508981015964
3.740644000112013 0.45681043519647446 2.8881527667335516 0.9423025342447087
4.049668154836597 0.49559665479135273 2.1474431599915924 1.0190172593821607
4.028874025805846 0.4880019305060298 2.2761721844150324 0.9963664681440062
3.4118095869421747 0.4852583607708258 3.575088058961639 0.991998170225552
4.212494583164399 0.4790239391334929 1.8714626418832845 0.9909422261920583
3.680067053336823 0.44913173521512184 2.896590924217238 0.9235596298557489
4.050658425190695 0.5380198087950481 2.207760286828603 1.0984133853594444
4.175705552217341 0.4290712250501911 1.8481942055947207 0.885468394381932
3.670272037877177 0.4385527637390489 2.9993427304687064 0.9068828031189173
4.2721340417673535 0.46495302287181095 1.7297924103408677 0.9506942091216171
3.989486653142309 0.45502565475595447 2.289270741654107 0.9405633614738406
4.021706727775026 0.4423091016790727 2.3082322324558566 0.9081723172935887
4.184812321087923 0.45470303727297057 1.9811508971915543 0.9359624920225184
3.7565514057537888 0.46044509685707596 2.8651298703297052 0.9437433450544314
4.378749045697907 0.46064392733029563 1.6042108365992125 0.9491664102579758
3.698935809992502 0.455890209722343 2.9706949737501254 0.9360870797406438
3.789866030515268 0.4842306922967007 2.7204950022617 1.0022141364124482
3.941010814450477 0.42731906446210044 2.451510094056771 0.8724927855518444
4.253924344998022 0.454891743691511 1.8825065163644572 0.9381494617733989
4.2381691301809 0.4451132015781701 1.8445938710990073 0.9149613658426986
4.5832029964919885 0.5246670308037366 1.1323088499463152 1.0869807838910084
4.143624396046654 0.4622287924834441 1.9931059887647264 0.9450690411577598
3.8441039905577337 0.47865222587847017 2.6479890302595024 0.989508572975276
4.625238564138258 0.47074691883441083 1.0010611742639148 0.9667704387547508
3.914593335721475 0.46337018919215206 2.4668037635032682 0.9483110575955118
4.286260777848451 0.4549696920860387 1.7016872930822757 0.9337951780661624
4.165378890065291 0.4124634841307752 1.9764059281697222 0.8480321633995264
4.211932498981637 0.49246599364491056 1.9427914684120604 1.0112266346378045
3.6124009484856123 0.49848390527873787 3.099982376591341 1.026454415412775
4.427627493669743 0.4448898525590765 1.4563599310990165 0.9135431278999707
3.6193814853571062 0.48767462714404664 3.055710884094216 0.9954239810472464
4.02300867790078 0.43660407889444025 2.18619723327778 0.8971294285086615
3.7966042918717493 0.4788138290468179 2.8073391902099294 0.9861312678185618
4.09885412656742 0.45857625786504186 2.1671547760302854 0.943623092295903
4.275193976120633 0.4317871002020475 1.75927948030499 0.8842210758458988
4.195861156347102 0.4871379806458284 1.9746768257641483 1.0042268464073711
3.6723851724866208 0.4567903927057255 2.9293693652197423 0.9321988570221822
3.890795192547199 0.455431415340688 2.554833672808549 0.9423053550746905
4.112271171776781 0.4789423747175439 2.0946650670155185 0.9789225786777225
4.121300777854737 0.4343312301656776 2.0318437762013755 0.8954244762976732
3.8492851192949913 0.4657647932847314 2.6423584492916485 0.9538185127469873
4.022739397413535 0.4730441694898881 2.1747785046457944 0.9679320213918003
3.4495992613570454 0.45555201003309387 3.4537415421175917 0.9387206713457893
4.266073213934374 0.4610925788059972 1.7192004298939443 0.9534447577617104
3.8300375768863515 0.4909105359400598 2.5802966324429146 1.0072036774967899
3.7643804461174932 0.482867171439568 2.817916371435307 0.9980818208539876
3.910018595078723 0.4399165577579624 2.4206001667197468 0.9020143125878751
4.26329056783359 0.44471512804104485 1.77728774578993 0.9153128694288363
4.142611439992904 0.48859874327844316 2.0375208783656316 1.0062048723468524
4.26800463516221 0.4588651478993096 1.640848572948769 0.9430232908737987
3.9217444794461382 0.5026326834396163 2.475796511898454 1.0438134262436254
3.78316587550005 0.47288113626404565 2.7148253982502313 0.9701733993248196
3.8242576877136605 0.48907240461531326 2.6068243286477673 1.0066215026880951
3.7141530847667172 0.4603146071040488 2.9465263703347557 0.9432440113880276
3.5503028167744013 0.40725467682703337 3.3078251878978446 0.8298112361403572
4.525990986130045 0.43666570533557536 1.144339645175878 0.902550098567117
3.78017282991744 0.4788270770927777 2.694067868927399 0.9833370045544112
4.149612135797308 0.4688879527149837 1.9443921517617582 0.9625283795246727
4.363128438393444 0.46594079025921364 1.5786750940056313 0.9465428061805818
3.6092372112714513 0.4707954313524379 3.196444062574267 0.9653192530959446
3.887677063728118 0.4442681969958894 2.5856323458782136 0.921579294066499
4.656715840246637 0.48014212205994194 1.0263471284494177 0.9805694955618149
3.3871289455800406 0.45235918328278235 3.5839953385401584 0.9262854106422965
4.041043419375185 0.4470925649912017 2.1613386651873014 0.9205433378710518
3.615704471904788 0.4755847460879986 3.0944572901540863 0.979622641758755
4.412237371260496 0.5067394348141542 1.494622909101718 1.0475604038496598
4.256151232814414 0.4982225239324902 1.7575374225093399 1.0279316591682786
4.302827192211483 0.5347334842333957 1.617694173950679 1.0976781926591694
3.988170551328805 0.46277185541213683 2.276161084443749 0.9572041333558726
4.149382843059426 0.5064027769422863 2.087033013326984 1.0433919837501668
3.4394784415932986 0.43732012399615583 3.4665589145584472 0.8994449063601692
3.6655123842287125 0.46936066300409196 3.0142904635813372 0.9651543191468529
4.6778762054636704 0.446077274114589 0.9003814581792806 0.9172531668790809
3.8501208111550103 0.47878774153404413 2.5893412210149647 0.9757431517576411
3.6730680529452364 0.4700161093847551 2.9537987870259865 0.9650566823051667
3.435075358148321 0.4339239086740513 3.4663026153521197 0.8904038756064904
3.5668968182741034 0.4877390101708064 3.1437887965649938 1.0073879439635176
3.8317287221789895 0.43930023088192477 2.6855963335783613 0.9077319005831658
3.996452419703414 0.472122652468357 2.274408207974085 0.9661384175651433
4.320771983352419 0.45436285487426037 1.6844230238878353 0.937108293777473
3.725118433441439 0.4394509712079429 2.9528181075400077 0.8980773529797598
4.239421470062493 0.4740601124075744 1.7947167279964302 0.9895133803825182
4.5216381162476225 0.5176249441586879 1.173930116759558 1.0694344085740588
3.9167230417211174 0.44117228740262254 2.5396916785741928 0.8957917494677035
4.097333266748292 0.46253706253628724 2.1860075744287744 0.9513374036204544
4.351572276143046 0.4688870983051544 1.5535679229357542 0.9613215314390291
3.433586089608723 0.4652231908487742 3.5353280582468045 0.9589952721091943
3.7955096272877005 0.4536880002863723 2.7989212752086594 0.9379794839756281
4.0825064515129235 0.5084163277537092 2.1244492216574864 1.046112915610409
3.7258827767949434 0.44436798400405536 2.763742585805521 0.9107449270011866
4.349907599821839 0.46677883431776157 1.5543709495089282 0.960267558007647
4.348471611844889 0.5018397555419001 1.572224199003682 1.0433278588069481
3.2660619672845037 0.46798415965247064 3.807040171553309 0.9634959783076853
4.05068721324016 0.4738449872046937 2.1684676515160657 0.9709898107923126
3.992605172018311 0.4609684083884287 2.341612643366232 0.950857053641219
3.945430156893627 0.46963172329292463 2.356981993473235 0.9648714515465122
3.952308848630512 0.5093118732047268 2.4170891967009522 1.0433244326324678
3.7155570596538867 0.44726741134586295 2.8861798914493644 0.9260101393361505
3.8079833775001317 0.48259453123549173 2.760575557689756 0.9851924793194408
3.944771173338827 0.4843462406733923 2.4337728281320237 0.9978785175860316
3.8322379059975136 0.4511613148171523 2.6785448903597042 0.9316629733994389
4.570619398736056 0.42483703391768335 1.1175750822864432 0.8697629159797229
3.3643914410158153 0.4690565756710805 3.6125558323979723 0.9607350437609723
4.085858271620543 0.4774124195776597 2.071888977754383 0.9854908388720354
4.1194059969542405 0.4447776995642131 2.0770647525920456 0.9124170761050512
4.171662081423784 0.46667924808095707 2.0050688427284324 0.9604016370235208
3.625708026517824 0.4988492701526164 2.967031054766115 1.0136607276529954
3.557838683794277 0.4441002428735984 3.124839658232162 0.905309674745808
4.397062330845673 0.49087007443181074 1.5100936523133646 1.0118228267190992
4.3224282332867485 0.48646825059065424 1.6364025962611466 1.0010722597168396
4.124354597994989 0.4979067927823826 1.9793870433757608 1.0201828794654724
4.140635346855095 0.4287358186818062 1.9842552859092577 0.8850582431659141
3.8687728860591135 0.4763761369759805 2.502353006056418 0.9851338211340436
4.0620886781905945 0.46590799115107084 2.1445024853608965 0.953369912070654
4.660307485870831 0.5113991561608576 0.965983193547818 1.041497539649102
4.172171935205348 0.4696807429163074 1.987806238358326 0.9576354664691403
3.8374958221274227 0.45486917974320995 2.655827553913759 0.9283877231875928
4.419608170607582 0.41056531666005985 1.45733537885799 0.8507704555053534
4.150082185176311 0.4517204777161118 1.9787053861612107 0.9353657203174772
3.6643628867357823 0.43848015280623787 3.083389826491203 0.9030172100603322
3.8881998717378323 0.44676315645997833 2.5605363556834675 0.9242268482385941
3.7441983824549205 0.42593590809977866 2.7779404921284794 0.8839845051738838
3.4224873012883767 0.455502612753223 3.4124890344256316 0.9370936950639153
4.31558579089765 0.4375731684779326 1.6672388391032622 0.8999922377447461
4.254835616333901 0.4348982505461331 1.8030643111451503 0.8913698734825053
3.3879387009521045 0.47638083677573867 3.5562618870213565 0.9733820716515441
3.852735936125152 0.4339078783092337 2.6429150018875203 0.8928442667836874
3.9197754851443314 0.4537709438257545 2.517157499943721 0.9390221321552619
3.5239073971770485 0.449466723492843 3.2485310624731243 0.9191899108576949
4.112871412727989 0.4173882446415536 2.051492055023942 0.8576158655656687
4.271555265010402 0.4369761654092069 1.7769187624015383 0.8926499050484664
3.6947620552649756 0.40511510116234306 2.884293048985699 0.8280334884861178
4.311784487527701 0.44090882328309633 1.6401882086771777 0.9118232194689332
3.741490019758111 0.4744670938744364 2.824865024244013 0.9742888777237063
3.6344813843915493 0.44147716179491786 3.022672852717241 0.9037552546509786
3.9001123236945388 0.4909546517685279 2.503910188333728 1.010435730379681
3.740814482175664 0.4108017494436406 2.743730980371943 0.847450082873638
3.9614928254566495 0.4641009402863278 2.4249081438689184 0.954640813841541
3.407848914276564 0.44989842405444813 3.5064517910760826 0.925987726172344
4.190991108524573 0.515665596358055 1.8567868942230221 1.0584979069152671
4.027619825733588 0.4649382077291171 2.252324289094042 0.9492710560836104
3.4891284247282055 0.41576461964348976 3.3846961254583556 0.8517195684330111
4.498695075955812 0.4551656514107746 1.231900399401841 0.9322699010107847
3.6806046669889563 0.4756716359235285 2.9507989875686063 0.973983720604913
3.820957338879542 0.4208792474640903 2.6043036679497087 0.8647003831676934
3.8817038281073204 0.4561303137134554 2.521445238563045 0.9390818252601076
4.391153173867076 0.441777048745265 1.4762907927651354 0.9113153669543997
3.9136104082451055 0.47523394186558365 2.5591985269049125 0.9856618894510873
4.226121092465011 0.44936469403861745 1.813466705352674 0.9316933383432369
3.9429133329836947 0.447532519947014 2.424594038885722 0.9197130993389682
4.014894054152359 0.43193709296486293 2.2834694530528354 0.8834280822246747
3.9277924201706345 0.4247559841563905 2.4627626094853654 0.8731558327195339
3.7999352904360544 0.4378040408264689 2.734267318549181 0.8933993682164897
4.881447211649382 0.4500950207153492 0.4945349915775755 0.9291653501785206
4.271642219214821 0.418969733049816 1.7759917648219457 0.8604046762784961
3.3806511878127443 0.489180918566872 3.5934720977158814 1.0091896463428431
3.531470006006278 0.4782691163940987 3.341833856409263 0.991978000894028
3.6502009337448498 0.44627159977460334 3.019980693515497 0.919608482523525
4.2901392012405974 0.4621627031707917 1.5990812038542666 0.9480000109439362
3.9243623849014737 0.4389723679329025 2.4675759715658145 0.9012963698119696
4.254293421462645 0.42386093262014063 1.7906952638149076 0.8744129146486576
3.6095627375285133 0.46582923114642727 3.1391166975222746 0.9686070402297859
3.760941604883336 0.4345365830218266 2.739655406542253 0.8891907485998984
4.113781908499432 0.4749002582484796 2.0213250393744864 0.9687545430637003
3.9292643257258044 0.4641331933551413 2.3761008305193636 0.950909838565461
3.9263566219946187 0.47074886350722345 2.5121952292563137 0.9588704849213717
4.743901462502267 0.4647025570355893 0.7684639781139857 0.9616376241857431
3.804029511743056 0.5262380224736058 2.704843454444643 1.0836534071880568
4.428687731398012 0.47546201643447794 1.4450292814482557 0.9745058822233704
4.12823529027648 0.41764602187267336 2.0466863726180176 0.846469125622264
3.861171080967029 0.48108075391428634 2.666425672817966 0.9961903035681047
4.255422377913367 0.46424315000149613 1.8024897588284743 0.9503140877486086
4.23625718519151 0.4093433434217287 1.7826972480233232 0.8375454147660346
4.330826467368556 0.5008059667933209 1.5758931778702654 1.0301597280873895
4.182866535335974 0.4753811653108273 1.945625927868218 0.9799483350277995
3.9513311902884003 0.4623992187664876 2.3283871310318514 0.9473925743863113
3.803210697961932 0.4783307158747863 2.787583108371817 0.9872330790869024
4.2388779070268185 0.46897163614263637 1.9119989958478383 0.9742634750475228
3.994168397571242 0.46517955177982706 2.34183430167438 0.9608136399474626
3.867771149473337 0.4504356098827142 2.5374745835714627 0.9285704082173475
3.8310479853429986 0.45789752252290394 2.664413842809518 0.942892375149365
3.5055288605873542 0.4538907125714462 3.2828729182404004 0.9295410938011177
3.462217731617027 0.47064394121182407 3.4396228698867404 0.9653047058640551
2.9751995897141335 0.44889762959434554 4.3663613449118746 0.922416538697968
3.724032128849323 0.45317588934734654 2.7652801921071353 0.9288843512450325
4.146517753306263 0.4844573918673279 2.0121378699514025 0.9970066249041972
3.898439472184898 0.46711732171553855 2.507695263165323 0.9644352325829672
4.376811172991999 0.4943371567888719 1.5027209826668664 1.0129442221670293
3.9129587458178205 0.5131128764198624 2.5220343392898092 1.049198417050365
3.9690992979382735 0.41540776596803813 2.36656911658816 0.8511914810178274
4.194039322251134 0.4638723948034537 1.9973160060685684 0.9547246444278
3.8448071385234686 0.40917843042620894 2.6087229637517275 0.8490163107713962
3.9264275537533866 0.4959029226967861 2.4245966474069136 1.0218510906019451
3.839584643001011 0.47535433385213427 2.609787105566457 0.9839884935011944
4.943447220433361 0.4895018961190284 0.39078724689777133 1.0191160729081175
4.251094509123725 0.4751634870489811 1.8307121481522812 0.9717510937916147
4.065018645192863 0.4451151186961937 2.1736439814332216 0.9245704760915624
3.9771240730836075 0.4038964980526836 2.323852558988991 0.829182645005001
4.100161353002875 0.44121397538110596 2.1051233265063223 0.900369288035951
4.272351863308268 0.4746920856622304 1.741776557373086 0.9834870174682814
3.817575384490979 0.46428238850687376 2.7085575242848057 0.9443994933847465
3.742399722096099 0.4794787405560242 2.7994872839349716 0.983308017547748
3.6492702645202426 0.4748128624432094 2.985688003466171 0.9692493589168709
4.19770417997267 0.4419386076546399 1.9494771330271803 0.9045437015838126
3.4309032822633343 0.4927085258884576 3.4051561041729483 1.016596721911324
4.307859882523452 0.4970751639998067 1.5513020922385035 1.021827343443251
3.9245111959429257 0.44950241634871857 2.3871994493659527 0.9270148088008093
3.8938053557718884 0.4514892271984426 2.5103125636777834 0.9247095289868369
3.8185025892460853 0.44571168328932853 2.718778292031906 0.9146617413524681
3.4157358178936876 0.4756791752107001 3.471976412319383 0.9820178151689251
3.6949720344315296 0.43126736474986166 2.9560306317920677 0.8858608026422748
3.929140048170183 0.45920799051932787 2.5134202962002568 0.9376852241415985
3.5907325010563818 0.4576606179038238 3.106009572017943 0.9394137285891652
