4.692353604169105 0.3315247935077196 0.8655472873648511 0.6921484007155265
4.481286577299002 0.4311624925495241 1.3033636840144278 0.8871195902177836
4.896744977169069 0.49021993637847405 0.45476599249044214 1.002910900734577
4.7159259173053805 0.4613261451156939 0.8066664564758185 0.9614974467993967
4.672065164120032 0.3411438888136227 0.9310039494686605 0.7031174794198389
4.596393437412585 0.32681929438637103 1.0146339601590377 0.6723090037149386
4.210710923385109 0.3471281134936198 1.845795017963789 0.7084769466023356
5.172225570099581 0.3782754365668524 -0.08537948010310166 0.7767226114950342
4.867826271095639 0.374104764730406 0.5250269006103296 0.7763681073537148
4.493131145884551 0.34484618039968873 1.273079102411498 0.7094218240935002
4.5438690452520305 0.4235872625026887 1.2284161996733018 0.8647979643885956
4.768224635698121 0.4449603636356777 0.7204074323422601 0.9068708523014228
4.683154561853272 0.35875090115401786 0.8538573993663152 0.7463263261773126
4.741467858713523 0.3694672353188536 0.744362347350199 0.770083716473525
4.481271835551132 0.36424598823229426 1.3185303470799066 0.7449726154619811
4.747174173848673 0.39428943184408366 0.7633487745858023 0.81297124800493
4.793955739070229 0.42630237957472894 0.7495975475189894 0.8746522895302565
4.561750155534831 0.38803061364532937 1.1283395352979761 0.7911547662073863
5.009552005743281 0.4454953748466779 0.23006476130031717 0.912315906159051
4.682205378448462 0.45625677800767395 0.8707608497549838 0.9354297408446073
4.901417039149411 0.421305879587152 0.45106946795122116 0.8686176536968127
4.95714203259148 0.418427032305124 0.31244951184058 0.8642404225966775
4.308023391412792 0.37965426570016697 1.712730329206126 0.7710073914687667
4.70578084573244 0.3572937630964229 0.8373438460281672 0.733021325941886
4.858013055767718 0.41073203503757605 0.5774975376497998 0.8356022856217215
4.325556706862404 0.3251939367403921 1.6477495468280425 0.6586418139748845
4.869344637630716 0.42394954840285326 0.5323917033468784 0.8791836101575656
4.436088490642577 0.38521042919981996 1.358656603832408 0.7883880587238293
4.30682157163471 0.328896265094399 1.7139302725643148 0.6686540735784565
4.49958809986644 0.2913965560536562 1.2661828786532596 0.5954691528922476
4.687157668190562 0.4509281463807987 0.9124919833283001 0.9266578124478796
4.976636075575817 0.4405885630927245 0.2940222015118308 0.8908268956607996
4.51897983382222 0.379269991681844 1.2604323829948023 0.7762591976526839
4.343945890407152 0.34363569619422984 1.6077278985306305 0.7009540333462919
4.845027650654119 0.44720976154777886 0.574131888066062 0.9213637442383692
4.405814917763896 0.37577551684873595 1.4818763952612852 0.7706156751490625
4.365983400620426 0.39916385673081584 1.5151487347582857 0.8125854812611607
4.58484524133446 0.4008497042970696 1.1175220581997438 0.82223691269746
4.779935868864124 0.4747398205307855 0.7043002910573537 0.9716212055360226
4.776956675680159 0.2683210172900875 0.6561579035927994 0.5504306524800441
4.410135025175121 0.3092781978349586 1.4806117362050613 0.6365729800738907
4.588975378251455 0.32212861980383195 1.0500835814826797 0.6615982534436875
4.8424707698892195 0.4428255253930484 0.6523096021163326 0.8920383726244173
4.221177120932337 0.2903609534076495 1.8252117101892358 0.6033026079799308
4.628767771932227 0.30701501813596066 1.0243751505648278 0.6322704831486546
4.477365296249337 0.33114056762464567 1.3342435394968968 0.6835806162111921
4.637020198641162 0.3542074052268927 1.0322903400256127 0.726869999762003
4.987209764757641 0.32551902825697776 0.30786803429333115 0.6676857260935904
4.699119496614024 0.4258212549549544 0.8560867842203781 0.8660157547955104
4.757790126892887 0.5011375526003639 0.7214845325628 1.0260752953888226
4.649868349396659 0.4085794058366242 0.9393715030446982 0.8349096427912867
4.846581767577656 0.385185645655389 0.5459100339216658 0.7968679859048506
4.243262059526041 0.3782634315481006 1.801118114601368 0.7538406708079306
4.525290755285791 0.36456677827442213 1.2237577215271669 0.7488842252741946
4.741770261389928 0.3990432216530588 0.8430663866665664 0.8152948963392208
4.802304367091859 0.46088373243038366 0.6365372447630956 0.9647532881736276
4.6300432429438665 0.3553411826305049 1.049874324045517 0.7224475436811827
4.376126971313359 0.38889252626177656 1.5766514419652364 0.7869585608009539
5.011056541537441 0.4495062542453044 0.2576661906231877 0.9238453857316152
4.672490582757581 0.40468571353170224 0.9131501132458629 0.835899916781399
4.428923956137913 0.35808532664404175 1.4511725902370525 0.7230866475310884
5.090855446737328 0.4083471632950749 0.0540512826485425 0.8050380898656597
4.579802491927936 0.36938981565203494 1.1556782173584281 0.7596598968140844
4.771704087531611 0.31305340145107596 0.722264747114126 0.6544314376338907
4.459442528348825 0.3414231952245278 1.3825971446007235 0.6938393589303367
4.682497383541198 0.43104872937236116 0.8800987314431099 0.8840391783014592
5.001861391365665 0.3493855485712967 0.2739477520700724 0.7023479299572302
4.823832351056907 0.40713751697230455 0.6767315623775887 0.8237136645525798
4.695441277717054 0.39975446232088363 0.8557594003734608 0.8250267392530378
4.621909184952407 0.40658570924930654 1.0346702505401502 0.8319551448483594
4.940014027800214 0.4281215459990923 0.3930338673937715 0.8798603223299419
4.799685390876352 0.3435699750376234 0.640403056698666 0.7014580912091871
5.024768740461047 0.4450084117255228 0.1627616698497753 0.8880696578811641
4.866784208142086 0.2829803538557343 0.5287394242572611 0.5786344158371549
4.43910986331581 0.4030289300246924 1.4195019806612663 0.8130283383611409
4.8189466947493305 0.4515421848816033 0.5930949027895182 0.9209876895608912
4.608170985833981 0.4170726329504234 1.047049655027771 0.8524574004490727
4.1390451803362796 0.3293211062180724 2.0249242956950484 0.6764440070427831
4.990813513795244 0.5501060526402848 0.3310907040040583 1.1211035077929632
4.314697289044046 0.3696210841436873 1.7317679635244367 0.7442791329951017
4.244748301040474 0.35006236026410925 1.802364730379175 0.7121498773890675
4.747231753258335 0.43511953192245045 0.8284221700904326 0.8883896668211302
4.498121394144201 0.3953753054120611 1.2948792652981096 0.8155661564719312
4.284551845910894 0.3483020592864051 1.7569454695353373 0.7116501283870988
4.484715808126981 0.297440013582347 1.3571882857622835 0.6100583792158836
4.7331285588939025 0.4281386951337465 0.8689463260786204 0.8682199654834739
4.646123324401083 0.40728903936764943 0.9512998782816393 0.8299402428491685
4.310768263140448 0.3814978539113414 1.6697856217658082 0.7887873590279995
4.793377989390239 0.44699147846396253 0.6560322711029383 0.9125984521351169
4.601663507841193 0.2597438885712011 1.0424478971105084 0.5452825934538178
5.0675581680051796 0.5118077373823543 0.12066189935024624 1.0548888823740563
4.681765613234463 0.33905875315781264 0.8674336746428731 0.7020490231609529
4.4807393108591445 0.3382515584116321 1.3585080055436265 0.6914759085612864
4.6388117050440485 0.31402664618422843 0.9968280526930198 0.6398338792130045
4.950987492521371 0.42325122637161516 0.34354460205257065 0.8758635845508568
5.059330219536504 0.3971430051724427 0.07063354170497524 0.8232847320294594
4.483048434619956 0.36922676118309417 1.3003380572782102 0.7473846621620478
4.634687217891138 0.3486832241826568 0.9876389437281863 0.7144024116375847
4.666761120715076 0.32339105893430836 0.909903528655398 0.6692310338751778
4.248109042057489 0.2967051830089531 1.7866106264384432 0.6021225175803729
5.472797859026578 0.4525716658482589 -0.690141011195937 0.9203681285522168
4.579871122125896 0.42125715552346155 1.1234494652501372 0.8581814418430483
4.714667612372789 0.2986026783613606 0.8474715300314936 0.6153613332051637
4.306963554565037 0.3086911594798816 1.6461394972262366 0.6416470552533738
4.331251228763094 0.28575684299785525 1.6686905921633293 0.5791618946838254
5.010559201667155 0.46748958460745216 0.20586762766731873 0.9642768207741685
4.604283033844344 0.41757586613167025 1.1039967152685635 0.8506981402878516
4.813255483647336 0.3119653379726839 0.625957113904846 0.6316553086165736
4.622553696604114 0.4239114908424243 1.0313414443757425 0.877904238406336
4.967523483009058 0.338281828316296 0.3233581147499077 0.6996832298120449
4.505968575832949 0.4582760202496333 1.1638897005168563 0.9381678410830012
4.775814333008821 0.5035694410261781 0.7563476702970037 1.0253915373862437
4.811247304349765 0.2857125534726725 0.6400019648771426 0.5965750213670589
4.688776377819135 0.37260556941611556 0.8495205161662462 0.7677539424137528
4.54230539757129 0.3388326041243127 1.2039602509956395 0.691880657477728
4.898061107939862 0.4465170364680382 0.43814210315871704 0.9115049278048488
4.527467934507612 0.3318550719411032 1.1904643859999644 0.6829311061768578
4.440681247724055 0.4570198377089048 1.4241235363001712 0.9219171572988125
4.614966125164107 0.42036386049638824 1.0312470425811195 0.858819985716823
4.5676323765897955 0.3114293791098755 1.1332663790912594 0.6365158653471351
4.680861995979164 0.37896459994468634 0.881443037508465 0.7870353529650413
4.71010372786894 0.42142063717554884 0.819107634740226 0.852368106401321
4.4351313636530625 0.37039061700903525 1.420641749994109 0.7651708774230462
4.921848502174457 0.4351166922064597 0.3134077425687436 0.9137871157289784
4.169123090726018 0.34012265626981303 1.9043906815246014 0.6993646063940702
4.73240428133363 0.4161681309637783 0.8005356881025733 0.8535049933210497
4.716490706548531 0.32459529675420984 0.8620187706780296 0.6710689861630887
4.301889942310509 0.364959498646242 1.6324961345839322 0.7492729356001789
4.599320447901556 0.4678196312707487 1.0070405229740031 0.9468121480273005
4.927967332180847 0.4904614490665322 0.3946334264075775 1.0090894521342764
4.72330888143364 0.45270151035950856 0.7910961139129344 0.937433284982498
4.579910477861324 0.4537273414269639 1.0855587062917493 0.9314579213475254
4.664281506671348 0.3591648780027106 0.8987788984390828 0.7506160453922163
4.45749110235955 0.3560717743592977 1.3697003088202853 0.7365297429131383
4.587610343468958 0.43082799523470916 1.0999107319151185 0.8881509738194773
4.382635525341755 0.34094962459519496 1.5415306831295905 0.7002867116596636
4.537402744082144 0.4514508837495997 1.2183983374162946 0.9223081353340793
4.33787975385646 0.336500499762984 1.5533974691588093 0.7073498576722279
4.582520954640101 0.36562893026138493 1.0817398490558154 0.7614145650603925
4.467873732824561 0.283864006690427 1.3448013528262162 0.582159305602822
4.524208006996766 0.38419665391154756 1.2361485066592044 0.7951340533279151
4.4828404376459385 0.3842876957372866 1.3250523393564313 0.7934097757796047
4.409852112976065 0.2955643885184597 1.446633033606492 0.5993797691164326
4.893046410042387 0.3311548914777461 0.47546188655724253 0.6871798982246992
4.424740837084092 0.39908162672551617 1.4414593699683145 0.8242188504661518
4.913802798228418 0.4528299288972449 0.44697554598488964 0.9273957899802755
4.327354104008289 0.33424077851428424 1.6002001807049986 0.6780989626663106
4.335040522173374 0.3225583656114784 1.6460460129044916 0.6662510519394619
4.537508703036426 0.3666693478997165 1.1953366952032844 0.7482266986378993
4.187982636027895 0.3051963322093773 1.91387095897539 0.6237741496897934
4.770562793328461 0.44830004851168137 0.7222427066784178 0.903616921698849
4.676875602163312 0.3561231117534093 0.9329029802177556 0.7337287488229269
4.807801286612002 0.413662244007336 0.5907198766611319 0.8635393272317021
4.433547754268275 0.42351549334026223 1.4374030751901636 0.8697619149811736
4.670921947415226 0.32775374695714693 0.928818612803175 0.6768662509797883
4.511173344935205 0.39212732546362483 1.2297830166226178 0.7931661940730981
4.876032560771273 0.36191012411918216 0.5412148724191006 0.7387191640213407
4.4394574507302735 0.3825011157996429 1.415157904500099 0.7734473294983443
4.590448141387533 0.4468820383731056 1.1182286928486418 0.9134547519135502
4.716628357698039 0.3723977669464251 0.8474363075636274 0.7557110545141229
4.959128824344116 0.4235213110702199 0.3089539025452299 0.8752121055872475
4.632528480057603 0.3613185422799926 0.9824443319438458 0.7398918035167935
4.582112310075399 0.3920564659310861 1.1164663366302614 0.8161289194128531
4.927996450366501 0.4231416876518323 0.40861565322797655 0.8661726646702494
4.828845114226036 0.37445930655502874 0.6183315567336605 0.7581252113963379
4.605666190749142 0.4035942587393078 1.1108984202559313 0.798587473796677
4.4455455348107265 0.37470206155812746 1.400037703957592 0.7595175140870327
4.67409200879268 0.3498137883162189 0.9243533265924855 0.7126896184026936
4.859507905423884 0.5156819976629137 0.5630992047154009 1.02788402523964
4.995211591004394 0.4836111703324747 0.2760110418981031 0.9864388935579971
4.3214883071478365 0.3674632125861868 1.6513256184301186 0.7524368497617372
4.655113370874535 0.39870679412306864 0.9953167555691615 0.8008638678028605
4.851960823251527 0.40791809087082365 0.535313405822554 0.8482698873890432
4.326907724916698 0.3249670458095565 1.6814823867694981 0.6692940269727714
4.718100846403026 0.4402799866374899 0.8512058070933093 0.8985402766148498
4.4752936571271125 0.30442349764895754 1.3540587390462377 0.6161983886874606
4.75485064657965 0.4238066154896005 0.7088611294572418 0.877586176677983
4.766810431523339 0.3979635801288061 0.7923294393754821 0.7968894167693311
4.48436581367268 0.3589539760456231 1.3135000746527772 0.7283021362382368
4.523737620675766 0.35894722684558045 1.2213725279847973 0.7229625071229063
4.817169530339732 0.3733549522165112 0.5265198405783986 0.7774068868146402
4.4619146184507 0.38370513074391976 1.3583547691613345 0.7822015383918086
4.430544365174371 0.3812127238141402 1.5188386810813232 0.7680660460278507
4.387142756330381 0.3303925043416254 1.4613954791907946 0.6823810091736361
4.604800998108708 0.34148988143642073 1.0612528633433609 0.6921083464304745
4.822488747889763 0.3871544174585519 0.5902233853621058 0.7903245009826718
4.512565175857327 0.40631039090394544 1.2428881895554607 0.8216785205127861
4.695270877557166 0.2992411412020493 0.8624869608810324 0.6108428027750314
5.038712440819156 0.4017351666584515 0.22671167505578316 0.8165900561586334
4.463237648648171 0.3060692632977792 1.3380200412488201 0.6232571715064111
4.3437743710714205 0.3282714061586604 1.538902318394804 0.6728654970026201
4.854869967810609 0.401312092114829 0.5278454000923258 0.8174926695181085
4.91070747930296 0.5063564542954162 0.4236780148000365 1.0433446480949256
4.599533070982828 0.4274203825203307 1.1089151662405805 0.8780268578324198
4.463321228538945 0.41362340325108526 1.378566948449085 0.8431615662285613
4.346588111765071 0.3307237277912752 1.5960921053587307 0.6780974836748167
4.86379746409904 0.4136463808609728 0.4724033264414895 0.8627867113542128
4.869116255668146 0.41374730979799096 0.5464780229874948 0.8443511298737121
4.6503904059951235 0.3181628609273937 0.9561126686396952 0.6588609290232174
4.314827646912269 0.3102903237570465 1.6504077461572142 0.6330120007183333
4.771310915151249 0.415395819226062 0.7493677834109205 0.8528383780287883
4.647572765674614 0.4411376790820878 0.9732335666545671 0.8982686696211294
4.4027159758715015 0.31577518294785606 1.4650192281016365 0.6454765612096248
4.554964999046907 0.36992990177198687 1.1522163537419088 0.7533845440194084
4.51533128815386 0.3138365050208263 1.203295955157477 0.6468418405576959
4.457199430509755 0.33549019415265985 1.3349299046599419 0.6848704530930199
4.680957731528752 0.43874010724533485 0.9328430542166269 0.8881251648223126
4.429275164196717 0.33176073008343626 1.4124583963539585 0.6756587746095384
4.73192277250901 0.3889562650992539 0.7741217658733324 0.7893835340551759
4.731562433804415 0.3902726301604559 0.7886863484938013 0.798222527741369
4.768983619025594 0.34921808647930763 0.6902720259288799 0.7251507962006051
4.592002719252085 0.32475222269790865 1.1463324133571142 0.6631815949478916
4.42415665970378 0.43213518205019263 1.4284227527723157 0.891802232931118
4.54446833276891 0.3869905769378668 1.2276105030123508 0.7965475788549328
4.3581905880907765 0.3018785550358872 1.5616553347219466 0.6127519516400936
4.74368029459419 0.4393197267423407 0.7700059268781108 0.8978276737543079
4.519168882171998 0.3524366777892027 1.253450315353735 0.7191240794537817
4.597701858043088 0.47553351911980446 1.1169987275150068 0.9699569750762976
4.637175528167056 0.501729008734959 0.9854643576219958 1.0206972879748126
4.908251302973315 0.38245093145814474 0.4370763478150853 0.7920357038367813
4.7847533267329325 0.437327476816596 0.6508962503268001 0.9016223792627515
5.002077839684633 0.4023511372815806 0.22601892942315993 0.8296658257370007
4.430412138447566 0.2938517077315101 1.4505841834438193 0.6062343247188976
4.502903159053382 0.3352540933701496 1.2522238747727932 0.6789643659290135
4.56849694952902 0.3863026435027177 1.1232891175482824 0.8262876284587402
4.73602340219624 0.41816519110179734 0.8149756670111135 0.8586433863972542
4.21401854448855 0.32475963301374805 1.863586416881423 0.6722620748109699
4.576685462997735 0.462123699228252 1.0776968568570355 0.9522490884788407
4.276233333034623 0.3815926552845002 1.6888011059094574 0.7823480393481307
4.690794273075808 0.33498968361200615 0.8605375653946922 0.6757266166880047
4.7722194957465875 0.3913931212999317 0.7402276133371309 0.8104578690246932
4.451964908669716 0.38677693901348675 1.358998077136106 0.7993829125711278
4.728857024391947 0.3847092028138641 0.7766778755830104 0.7897755309044813
4.478874408700403 0.38795449391504483 1.2980346867426829 0.7979050260349444
4.585758026454176 0.4206568628466388 1.0642272950897258 0.8677134298486465
5.018772940940579 0.3640166651520217 0.2363903094695393 0.7508111095112711
4.6513703231263825 0.4353994743539232 0.9723355444149178 0.8737884965976651
4.6188952679775035 0.37529901459812653 1.0113267025430899 0.7687722631988801
5.169427777554185 0.33255467490315027 -0.04817164806064035 0.6802528841293963
4.368623828226658 0.37663344583457525 1.524490508233244 0.771257907130316
4.522256798479258 0.3311692434251021 1.243047842793333 0.6732549822844753
4.993441712035375 0.4816415910803379 0.26941683097439395 0.996652520695825
4.92331821752265 0.26656756060778825 0.3680557524103313 0.5443382652514954
4.701522036778266 0.3484684015735882 0.8865465088558067 0.7150656448884948
4.810488572913392 0.32242700652112566 0.6172256064642372 0.6605090100410549
4.841047347404492 0.4618403622904658 0.6153905609335251 0.9471145254970634
4.409216150653821 0.3210242170519823 1.4639401297572072 0.6604340310673833
4.499065467294208 0.35690695189913435 1.3501835364465133 0.7350192714596173
4.825982217872459 0.5116976976775339 0.6062784146102759 1.059170571895771
4.88035174766312 0.4488859623945344 0.4743870421228895 0.9241542498973951
4.896008429632564 0.3874833175465864 0.4811403402799552 0.7899975992626135
4.648292836611075 0.3554924525055999 0.9961247879706951 0.7158173252680569
4.930902477821382 0.4625808519180409 0.43316229775322024 0.9365109417375581
4.547336637629284 0.3681970967312849 1.161026061312275 0.7480087316669851
