6.562784997321019 0.7251239429338889 -3.0085299672427337 1.4996908627233236
5.919277321723541 0.6681780718682911 -1.6438796461060483 1.3709069976639232
6.933475129480565 0.6705140328155047 -3.699889903979317 1.3820427943479432
6.991007994793883 0.6765500513479797 -3.74223358786171 1.3749772342223654
6.467435111053103 0.7449856518251764 -2.742629787664075 1.5395815444746754
6.583978257264404 0.6744527073820571 -3.027036961882753 1.3909975183979006
6.591023448855082 0.8843772608098577 -2.9518317413179105 1.8045742182000928
7.057254898052207 0.7181899676860877 -4.120289518682707 1.500879819655874
7.044787565750067 0.7207076950912028 -3.871700471622803 1.4550184693954604
7.164164077503279 0.6520814631489339 -4.1513684991296 1.3363863393610345
7.025949291341659 0.7098944593266383 -3.8643239889046184 1.426248032499936
6.739739122123339 0.759456087178992 -3.343678895950638 1.5553436983244464
6.417879230562642 0.7141551938397982 -2.601764700291998 1.4502790305952726
6.9995925880863705 0.6078912905863112 -3.9823962450977097 1.259765017173827
7.243506366119425 0.4920107241878653 -4.362346944882438 1.0090716603094005
6.845255904174329 0.7631774183465565 -3.5592562905122973 1.578881047995103
7.170077255685869 0.5076799247261441 -4.22078647062855 1.047713904018336
6.27694390157332 0.723049132810088 -2.3025960647130805 1.4918684539011642
6.921217455939219 0.651508502992674 -3.7593173110377984 1.343038372438583
6.811062547281866 0.8320605646973703 -3.4755492480226806 1.6965725894788013
6.168939615487525 0.7224680945393562 -2.176058660890127 1.498698579346842
7.066740939520663 0.6312630311638863 -3.99804868940489 1.2827968199367485
6.717462395983022 0.7404566279111052 -3.2358788078248804 1.508265148223425
6.926657600763456 0.6681065401891132 -3.6031238534056844 1.3662569303482974
6.703812614120453 0.8236476406388242 -3.232747267058341 1.686342550339078
6.531312554987247 0.8838220786950539 -2.8631836962358266 1.8111820267089174
6.581584616470994 0.6560611017568552 -3.0674270980932326 1.35216179817905
6.184616759601496 0.7171763936137052 -2.1338494867613482 1.469629788770592
6.426872820944137 0.8485038131058887 -2.6722829221413846 1.7228758585088682
6.637594931412821 0.6911059885439289 -3.2076335464951122 1.4309930462930165
6.494354653110932 0.7644339743572455 -2.7728067588130507 1.5469300266301984
6.429229284434037 0.8037781505072616 -2.672787094658201 1.6424933233627816
6.6645452512965 0.753289020189173 -3.0865057313114646 1.5183781020758391
6.350607669288041 0.8529928621620655 -2.5002408789349593 1.73025143615646
6.891233828883802 0.7902587411960651 -3.6685731964819324 1.61573770575035
6.658010182089949 0.7838277901906432 -3.144901391859666 1.6069143057099606
6.374139046145313 0.9388537268334783 -2.584409855433866 1.9160914210943907
6.434816714588036 0.7527111881517592 -2.650021075885609 1.5236024712614964
7.244954199970287 0.5158842656932594 -4.375862229301532 1.0564709418575489
6.961788231958794 0.8159540986569125 -3.725652597741443 1.659446608905429
6.309621051424286 0.7313351530019003 -2.354449282692192 1.4916870566974445
6.976595687824787 0.5824236148945233 -3.8074492933666058 1.1969595058012201
6.7580974544120185 0.7319073413261878 -3.2602595502048546 1.4866482616403616
6.969894563700612 0.6157958264243913 -3.778352734144814 1.2626461137167222
7.292305647923458 0.5303142606449182 -4.411213610724021 1.090259695947177
6.603452505144219 0.7177729729702179 -3.01214454046037 1.475944993481533
7.155467719897142 0.8570666174119728 -4.132453343178041 1.7527168317559771
6.20321788589804 0.6729677411591 -2.220524814478241 1.3752059131316239
6.98605176521553 0.6961114710904152 -3.8146310852040015 1.410640334782435
6.915919452879752 0.6874787685360417 -3.774285725591017 1.4170687827253745
6.656516256945312 0.7609528152850453 -3.1836662608422177 1.561236534003245
6.997761746854642 0.7145316406970428 -3.8192246818201667 1.4562018918512014
6.709815752013908 0.8329719289529665 -3.21883791088783 1.7060539620401376
6.619486470113221 0.8301845742992885 -3.027371076553634 1.70394368605111
7.028862215201714 0.676079709611471 -3.892055493683931 1.389364015106295
6.659745417170683 0.899191188758831 -3.078050244233804 1.8472267286660844
6.779941074323762 0.8543677158978924 -3.429132250878977 1.7553053708045625
6.711833756439185 0.7566746864279578 -3.2782298327009505 1.5566014847824714
6.942067909709827 0.8262003774507015 -3.746446972698137 1.7072014691705821
6.983891164975677 0.7030990774942601 -3.805387145983196 1.4415162544851803
6.180746943176439 0.8135971059066968 -2.1714020314372973 1.6841784478203252
6.797795518571281 0.7762048413660702 -3.449224473122599 1.5953830538233258
6.7822895520113455 0.7317315363872374 -3.488772790186175 1.4534590322221566
6.396456052375756 0.9104057360747377 -2.6709941831748027 1.877245117626904
6.449295533168256 0.8236093192879811 -2.7217832508637523 1.6896372169620981
6.760874732418739 0.74915439861647 -3.3916517502191477 1.5494084560422774
6.438303434459602 0.8184568975031129 -2.7313428779292677 1.6913307526089734
6.478477211779256 0.7006520248195831 -2.745670745670264 1.4209587512882504
7.225895673111708 0.5630304993615388 -4.276907523854535 1.1640902005930354
6.373891971058734 0.7729625019763476 -2.560360496409465 1.5853058298243117
6.918937879646452 0.6730086297839364 -3.687266207880319 1.364367789598251
6.452174671075887 0.801578552338872 -2.7587021790706396 1.6426571694534007
6.905542166457522 0.7271501445035403 -3.593409175197776 1.491996527700538
7.129758524648754 0.44428659891641487 -4.257594911358977 0.9336350481404225
7.089035925084472 0.610794334583494 -4.1079470891831935 1.2781564823234555
7.307830871420692 0.47643326163111677 -4.430222207660609 0.9695514865186168
7.031212208002852 0.6573002141652392 -3.9351849865370796 1.3585435252981388
6.97522072535155 0.6044408987228175 -3.7915974550295917 1.2502401093959334
6.501128568961782 0.6942248799339871 -2.8561358886412016 1.4199096761321608
6.518396128552355 0.7835713434085049 -2.795215310906297 1.595284384258744
6.45536843593819 0.7402653883186073 -2.7002274400053445 1.5112591027746742
7.03764049484371 0.6618876235580278 -3.927285719217479 1.347202067492574
6.824771503517711 0.7490513689852133 -3.5067590749752835 1.5440588999969493
7.161227977517675 0.6639914835791874 -4.1766455604212345 1.360990875950287
7.05146127627164 0.8113470764455977 -3.9043946247439743 1.6141458387648786
6.656180220061865 0.7075435055529957 -3.2107156153321004 1.453746805571956
6.647781429962055 0.7811943459516345 -3.2220618046997362 1.620418346878028
6.748534300683231 0.8818331573609735 -3.3422834103024988 1.810447413690078
6.354737531261939 0.530271053457073 -2.514387115390875 1.0835888045160038
6.864727124293273 0.890790886542018 -3.545706377521758 1.842062276954498
6.757338536057567 0.7872177203578112 -3.40585378050921 1.6132043723221825
6.292790526189861 0.7172686976907202 -2.399108967536155 1.4766900418354847
6.496421775126819 0.895145386607696 -2.804194912215536 1.822784551064932
6.9528580121813395 0.6489397480030552 -3.694853221452917 1.3339000683575268
7.012688477817418 0.6541612006790606 -3.898564562373174 1.3410133619120272
6.095516397039502 0.7362452691474615 -1.965439478322605 1.5241552981909883
6.15590354142958 0.8150338022622925 -2.0967563031421905 1.667014913532981
7.238089625087168 0.5142591138061157 -4.356487511022902 1.0551721447098918
6.306766657011217 0.7672987494865734 -2.455288717349564 1.5741847239273064
6.487081665960206 0.6934694116947127 -2.8710380111436207 1.4376222748518366
6.435290633304547 0.7765963156977426 -2.6872894066062125 1.5963557353439464
6.971413970231866 0.7107423011915744 -3.847320888965867 1.4587713145017493
7.030452006947017 0.7292646489934147 -3.858328595220433 1.4811445607358975
6.485132121038609 0.7992529310558442 -2.813871583761325 1.638747455740742
6.784012238140672 0.748927112797265 -3.3921079201016777 1.536500444354169
6.918209440075833 0.6974929009222008 -3.637788573390924 1.440378964007369
6.757986426801326 0.7553475334547124 -3.278987853498307 1.533767091806507
6.463964183560202 0.7733071251944297 -2.7941425444247345 1.6062872780702457
6.580208095920227 0.6703810627967643 -2.9542731934093105 1.3743627420647018
5.779858195899774 0.803466803618902 -1.3404710583771648 1.6465000766867488
6.621595773621967 0.76758549055942 -3.1187212992046467 1.5867293120552473
6.32202825006175 0.6515186862376902 -2.4711666023290384 1.33920754395532
6.823854115351354 0.7500151050750604 -3.503309916413761 1.5548527472340712
7.0702247686016975 0.5848887387088231 -4.040953064686898 1.2031396885013197
7.207911760823784 0.5337849430167628 -4.309618071580475 1.100520927329947
6.1447350865251185 0.5818001645641823 -2.094783635205907 1.1863657256926419
6.507512215810192 0.7542476847139614 -2.8730282694648914 1.5498779850007962
7.138135822131932 0.5838184619632523 -4.02288763424138 1.2003780257615746
6.304078780810744 0.7897391875696588 -2.3550668815634315 1.6044561201359009
6.406409206001326 0.7344497105587207 -2.5586863926074503 1.4992025828789624
6.761963992031891 0.7117343207894448 -3.407068545251652 1.467383024870616
6.987967111063976 0.6263995009258493 -3.839462432729587 1.2975723079886632
6.63721331166526 0.6800824993005135 -3.134342760214947 1.4022868386745133
7.104756296014589 0.6707529410423625 -4.048838265245618 1.370389517382359
6.641183048479311 0.6979339091983988 -3.183685032975424 1.4339082257301452
6.774866153975243 0.7825343496179317 -3.4515790109555455 1.5967736453000334
6.55314273084652 0.7575325298073828 -2.9018272790311967 1.5583779311716057
6.940584068097866 0.7622466617099138 -3.79152720303058 1.5700996421287667
6.311571111903817 0.7578644203778487 -2.4952625358995046 1.5598201862882117
7.023589639124586 0.6626236113137947 -3.9465885952244326 1.3456226810178689
6.7392273826472975 0.8933648849947813 -3.3045471833627222 1.8099922343875303
6.205429093330649 0.7128317885991654 -2.1902146288408293 1.45156111988782
7.0738428050361435 0.6627308745102413 -3.955459679888299 1.3685929452743861
6.259877321809524 0.6403183458089347 -2.3417156058675443 1.3099926950769027
6.466823033973434 0.7477809280072741 -2.7334907951114555 1.5332993322302808
6.501051538625326 0.6786220717819107 -2.7816019579590687 1.3944352506229503
6.231166097186874 0.8363247844871335 -2.1955863829292226 1.7131971990759305
6.600148922307681 0.703696498544509 -2.991020612897178 1.4452136601612322
6.731076870452087 0.7890412637020809 -3.2746876046930815 1.6029963593077488
6.49681345214022 0.672641965820078 -2.8245937779790733 1.3880623878138625
6.592670495516908 0.7397334973090627 -3.034021263008807 1.5159893601736119
6.787060860738705 0.7408898149248283 -3.4511675401979156 1.5168214731948655
6.728343714846429 0.8027183808761396 -3.3324037834262485 1.658858032806595
7.1818121854482815 0.5862746036453663 -4.22446264832076 1.202505820566941
7.156046846071161 0.6516090651499716 -4.1575974582786905 1.3248472203608475
6.802978096277213 0.7281699529431724 -3.5683451918952436 1.4887604064896485
7.017149528902443 0.6428034100391588 -3.8007785071870526 1.3151125268829889
6.72388969301672 0.8147689353876056 -3.2304534388040222 1.6802736160487464
6.641363969952254 0.6528642597294072 -3.068977514855795 1.3322992490836398
6.154031913499788 0.8256541602434972 -2.14036939753635 1.7010652112222662
6.280549044375919 0.7997684194029752 -2.387569032682241 1.6310962051172178
6.968951431291277 0.6791469741657558 -3.7957980849673305 1.3870213452108908
6.63199646780599 0.8099874439336623 -3.0864820664462482 1.666858850134581
6.416313265997488 0.7806132769178903 -2.5912076284238106 1.5874155810182848
7.089790166567024 0.601179851073285 -4.0016609783132315 1.214327687423383
7.149249664152558 0.6493422618333677 -4.164188237824728 1.3262983063756917
5.92255285471826 0.6136088136391001 -1.5553856831884298 1.2563562441431635
6.985635766677053 0.6882098264776288 -3.845245171729819 1.4151660272839366
6.828573269691539 0.6900018164689222 -3.5987974972419154 1.4370776475725628
5.947795360390775 0.7991880558377321 -1.7522612877606538 1.637252665786834
6.85154256793148 0.7455863534908039 -3.5436869443429755 1.5256083121075523
