4.285478803587507 0.280536406978369 1.7074945988560257 0.5625167198685542
4.1070928310908235 0.20848472117259056 2.0859226851592645 0.43623763903681656
3.910462576705629 0.22085943144814002 2.472457395192605 0.45162955382324416
3.826890203773359 0.23837460049833847 2.6387447500264143 0.4884888565015893
3.8294460914200457 0.20200084698243323 2.628549898906967 0.4155801010947626
3.9621984954017826 0.23526467781376179 2.3627992139777465 0.49268834936995015
4.191359865299315 0.2954314926848705 1.858198143505792 0.5840017821791154
4.0404465505671965 0.29478605264809266 2.1911333244188835 0.6046867211316461
4.212187981580135 0.22295717568140783 1.8048658225042455 0.45396036627785
4.270919297209912 0.2820501624759801 1.7699807901687743 0.5780654977366665
4.340279041536338 0.2795199870583064 1.6243096254583362 0.5726937562271929
3.991213602709612 0.2885880599168441 2.3360704193447654 0.6012596502956394
4.047743051914696 0.2344589906306633 2.1851142281040143 0.460838826007912
4.092276972206734 0.280347418693718 2.0993405664751386 0.5652426625143139
4.1829455111142675 0.3049247569747156 1.9409734961139735 0.6293334915427198
4.0521492401834545 0.22295685196581136 2.2081406471431357 0.4674553396439118
4.053102221348061 0.2562274309455876 2.1574044941106907 0.5375448620578458
4.077320973995569 0.26539523985212304 2.117277052535055 0.5340703569352389
4.00609197138761 0.22057938610830893 2.263524749425871 0.4342822839747445
3.970938484155277 0.22762211257233417 2.3473023127663977 0.4746560067485123
4.202839550306386 0.26924926092989415 1.8823470506380877 0.555160833342387
4.120973371194017 0.2485474552142852 2.0667570964811084 0.5127600638950761
4.105704288152701 0.28749007983932084 2.0665006615159056 0.601413067076667
4.047955518423341 0.21617227841280298 2.2307143523117277 0.44029857175980075
4.218816431160554 0.30048766450863873 1.8622944642280121 0.6157503837329421
3.9960890044703237 0.19048106305960866 2.3007640123642448 0.3902545724045823
4.24802809902093 0.30128568924354987 1.7738014586166682 0.6261618051856829
3.984339202766143 0.21312087268634464 2.3482172153142216 0.4362786879946729
3.977341630348949 0.31139070401124863 2.3022861498339786 0.6515665772459089
3.9620139573992237 0.29497961071614764 2.3609270441173478 0.6226513880158504
4.148717435384942 0.23535953253534742 2.0241696544075634 0.47385269615062353
4.08365571335543 0.3021283465233798 2.139851238384014 0.6260316627862108
4.150487799827648 0.22809998765529438 1.9845997714784014 0.4708045685519129
4.192882542976053 0.2710029445748898 1.8979354511088737 0.5557919389973368
4.19768867280043 0.20056974861455332 1.891902762671775 0.403735787136229
4.359859114533571 0.21881919825826657 1.6015687259975517 0.452816376681417
4.086389763174886 0.2969936232373626 2.097303469985438 0.5987041348334162
4.010326667549318 0.2065721853873202 2.3007292658945016 0.42932811495577783
4.3503985301788575 0.27253233972066265 1.5702000658673574 0.5665309182743696
4.056183744388669 0.2257294780608873 2.1850513176867468 0.46961852356726314
3.9108055481279917 0.23631064470555524 2.482176487967102 0.47923076286792515
4.330981277310836 0.2255621155280688 1.6396959705136394 0.4602772290277644
4.269725220738879 0.25244628267486824 1.733985871958073 0.5396802636738984
4.0513603627515575 0.2603225478432904 2.193947098937759 0.5306028826928824
3.882292637845819 0.2495017611853343 2.546904838729714 0.5112825112811391
4.170835629328568 0.2778689179293437 1.9308738447326443 0.573669778832626
4.160712910769572 0.2504729959997721 1.9958221168047554 0.5163103585803998
4.166830488431921 0.23064855777691756 1.9490553315365493 0.4735939505665256
3.7738122823720035 0.22533920534129287 2.7802690238842462 0.46344084825161136
4.065298737915177 0.2940941230649791 2.144319228224261 0.6046786618143356
3.964743497434327 0.31471342219168336 2.362063528906182 0.6425330113543652
4.113006336032827 0.23706468239988485 2.095101209117648 0.48806097468445825
4.038107354524476 0.17963042942632873 2.236194731436451 0.3732747487657608
4.180570565693962 0.25058464568003713 1.90358248667054 0.5217483159170482
4.049671634487028 0.2994371915751044 2.1868487564045895 0.6104708518169698
4.0959128788072725 0.2769207404900921 2.1250587157731182 0.568612278632722
4.274660264698532 0.3192972204060064 1.756322946000544 0.6637776472441156
4.2891836431411186 0.26865346007279767 1.7121042926320786 0.5545964758006541
4.197508143333855 0.2519655039564536 1.904043411336568 0.5336049285800589
4.204306873111742 0.29424342953829286 1.9422425414087452 0.5977959802823911
3.97616231959037 0.27766094050725315 2.346095083851135 0.5683410982554513
4.120235883451764 0.21475823128773935 2.048265444143012 0.444491453940404
4.134028515682814 0.34262557219586304 2.0112654529773133 0.6874847783988265
4.126390647739504 0.2504436864006824 2.0479557934490655 0.5164055846713557
3.9952305467538807 0.25592360095552763 2.3394618777942897 0.5188982592912805
4.3181308528537325 0.24325023531957274 1.6470998955219043 0.5043699790795161
4.14475168730827 0.26552915323426013 2.0290444333549518 0.5436841503300761
4.259729027614233 0.2635719032318689 1.7827234528671014 0.5328730385212949
3.8904784679351936 0.1736430841338783 2.5939042336102984 0.35545110885170733
4.304090370818848 0.2864495989648328 1.6467394770565942 0.5841659737228462
4.0732200918613355 0.2524437890895566 2.1316472244146585 0.5144695108798166
4.109733759566987 0.26104277068288667 2.082861035474062 0.5421006038157423
4.200810865682701 0.269370762587095 1.8721097381018226 0.5252386071636949
4.053809358303468 0.2966140177457578 2.1811743086365127 0.5998338347424005
3.9337725588972465 0.2969053005145742 2.4547606386738483 0.6049348768785254
4.003347975442282 0.2590229251584848 2.2861452489853957 0.5401639246678999
4.046017887597271 0.26724660061053146 2.213062827023488 0.548858334364123
4.031980289926697 0.2599610803113661 2.2734417598475405 0.5374472124579264
4.093533844187251 0.29542967565716866 2.114211695046255 0.6030318212808501
3.994015356008741 0.28787256214398144 2.3255293790758476 0.5768978023215627
4.253940087761169 0.3326092808048402 1.8123373435431342 0.6878275694166854
3.7880936604076094 0.22873948373002306 2.755936550340617 0.4707646555198362
3.960077646794631 0.27095478661904604 2.3836057058352487 0.5549069509177545
3.712862145450845 0.18688844252278866 2.8700407278892843 0.37634210174406313
4.023757994051184 0.3412372642989357 2.2956586794838327 0.6990685362462076
3.900163830334764 0.2667584697161686 2.4849475156975105 0.5376354110858599
4.11194111159312 0.2846614155158397 2.1146892653027414 0.581179433348222
4.240921963065922 0.2721742765195099 1.7728010381385673 0.5648906597309609
4.261980116507475 0.348649155197544 1.7766744300056483 0.7071100446794535
4.2092277875286275 0.2716284397807168 1.8728667615071823 0.5637462320704812
4.217832645130934 0.3304210454879001 1.8303276901015733 0.6958540465077343
4.063062118361232 0.2667593615880674 2.167832954212285 0.5552026319108689
4.005143643026406 0.23743100058325345 2.3041688833760654 0.47867369734907067
4.216726188614256 0.29654178822539745 1.8399513826428575 0.6193242726279589
4.30779252784891 0.2501311519720002 1.6756424964514451 0.5119623605988293
4.079240380404075 0.2662910018964555 2.1528482334666985 0.5504554233580169
3.959645190904788 0.2746787717371415 2.3608285793738193 0.5629469960515702
4.066463240233528 0.264405247832359 2.1493875315325948 0.5563274879301423
4.113436021181372 0.2699591298270403 2.081170265575028 0.5556518530896073
4.437530739685274 0.29298066858024957 1.3857870113339859 0.5973113722672285
4.255016251680935 0.2425587322282875 1.7719550781875912 0.4882072696278021
4.049105997760998 0.2761325579261125 2.1605749535384717 0.5680144086965494
3.906830201379666 0.24435721151984677 2.4958973493949435 0.47946868226752853
4.105083542639651 0.28352921392601355 2.0988119779681806 0.5895056496681572
3.935162229910876 0.2945046341365454 2.410626499253088 0.6145045286612126
4.322601989257391 0.25014801927098873 1.654429791826868 0.5129700334039707
4.330615546786888 0.299679718998522 1.6257387501889609 0.6238495470250356
4.0263415581817075 0.22974007293106827 2.2424712102308044 0.46274095224844203
4.189023686690181 0.2297648763294658 1.9144793676224614 0.47239639678114187
4.259945727079103 0.2412898595639551 1.7694845623793518 0.4847073033567427
3.945004163956169 0.26027539439642283 2.416705009956388 0.5313247416966855
4.359590763971365 0.32192566498634684 1.550226963158774 0.6644129243905617
4.121933450196628 0.2928367021964141 2.0747350037602335 0.6022859447230385
3.901636360311005 0.28302904341888496 2.482285781627587 0.5726137626940938
4.423197281030344 0.3072876798602178 1.372823529311681 0.6288043804413141
4.106869303244645 0.23175800324913345 2.087019324343652 0.47724158808062894
3.7788776384285274 0.27635338018020156 2.771523414172941 0.5617093436896896
3.900413915027351 0.23062568656611523 2.5068655806788054 0.47130059764546123
3.9978024163813655 0.24155248318156264 2.3234611002921666 0.49108672865292013
4.19513403571168 0.2333621025178792 1.90168671140068 0.4749610388087781
4.3056414673104335 0.22826706942352887 1.6505333892371925 0.45616207527766917
3.914044092678763 0.24100941968394524 2.501489168404044 0.49971758777514763
4.198295047703171 0.24936126437087872 1.8854173716426048 0.503080354694621
4.074850834596294 0.22579528047595565 2.148787106379131 0.4704878096369574
4.177448270960808 0.30392547672598863 1.962002304711251 0.6256186847807835
4.055843411259017 0.19033713802911575 2.1810311015367123 0.3846449345106516
4.156039172652374 0.2425795745690565 1.9705890602979506 0.4952770452786631
4.140056361269917 0.25747623354041543 2.003548036289058 0.5240809195614398
4.145053033275096 0.29707081662821344 1.9991101223707954 0.6086245293156753
4.266161581356611 0.28509958218777826 1.7296506951404038 0.5916912479552897
3.9846472556391164 0.2688177243708115 2.377863600151792 0.5515743420441416
4.149952104352183 0.24620586190487595 1.9976081154652072 0.5139677428964012
4.3901839416447945 0.3031496614572478 1.4842341664403933 0.6099527654102724
4.09094879094978 0.27025249936284346 2.1654155250685063 0.547372151845529
4.1545876060398435 0.22135074506399624 2.002410609627315 0.45971544892435623
4.054271390599792 0.24568378066128624 2.1908641908030573 0.5036597423313963
4.285374817009973 0.1940359514675949 1.7129728900877332 0.38880002970419675
4.267685493264764 0.31572790328769657 1.7877512632815835 0.641296925322179
4.085786842707696 0.2795530458886877 2.1200751896967747 0.5738303989360333
4.302457010588958 0.2520843535616387 1.6637701706138226 0.5245295694468293
4.0403691131570705 0.22536732656790467 2.2410683970039806 0.4698430343755494
3.864341782540902 0.26085246252226635 2.5404281436069844 0.53880524784121
4.207909845306344 0.2069121469835519 1.881407355773027 0.42498505603042186
3.903002108315315 0.19830495601272616 2.492423063386511 0.4093866501768663
4.014748954504524 0.3270937694700649 2.2651383634268383 0.6693816678836928
4.405792392981441 0.298590694858392 1.47100947049775 0.6095679798500067
4.274113023881604 0.32518564147182966 1.7334586802951235 0.6764514323372066
3.993050128218211 0.22299861502287915 2.302409615872576 0.456552277577532
4.138903166724831 0.2618230658032716 2.0178091401832026 0.5379015805550235
3.920864734762505 0.3028748358890662 2.465616829847832 0.6372737423362945
4.079932639193428 0.2937594445565633 2.134988871672551 0.6024545755946283
3.9287804103132737 0.2325609447875651 2.4455491217773577 0.47483261426446904
4.182492680452329 0.22332087679908857 1.9298888022500047 0.4638884388303074
3.8738416038357806 0.23228102210283763 2.574761891288353 0.4840235230068003
4.039555793392062 0.22141894295683787 2.223861026672709 0.46050030217335464
4.169260808513643 0.2813501076726771 1.9348946250609493 0.5584948750840176
4.14436397828607 0.3034038465536618 2.024144860462062 0.620473398317823
4.072450595844058 0.27887273704380494 2.1560004586470765 0.5648044613443379
3.7775273715032007 0.2553948144662022 2.7520493227424385 0.5307165887125462
4.0802168444161415 0.21414336437218234 2.159056048491899 0.4462480127048089
4.010671139595943 0.16261425534534496 2.30732723831982 0.33016362049174797
4.306608840818529 0.3731701692226022 1.6574374920455588 0.757302092674548
4.101366434548938 0.30562003560523215 2.0949894593838225 0.6200399217987683
3.901686139344406 0.25693252205599576 2.4621981922667757 0.5346461440267034
4.03443517817772 0.2561760764836785 2.2459375765025733 0.5218332719625426
4.085294697247937 0.262403041477014 2.160605692584374 0.542505513980767
4.202719384854726 0.28306646835158417 1.8836673940147175 0.5854024542279495
4.11817221207519 0.25083712792406676 2.0810754304500234 0.509625916297656
4.025174825547188 0.26279630131646736 2.267087073298079 0.5414895256571234
4.473598464423895 0.2784796093936738 1.3289102775383341 0.5581046695973189
4.203353601094779 0.33003111532282864 1.8379297258679226 0.6761201032056616
3.840494418591354 0.24845052601032486 2.6231192630298574 0.5063932505928895
4.095042967417481 0.28161849377994935 2.1062956508169073 0.5915073531543608
3.910157105518451 0.2729114392186381 2.5019362029289525 0.5619617542105847
3.9410977582460776 0.2627165994539758 2.422431926277187 0.5345433344988758
3.9595943011297794 0.22985615313947869 2.3486412358228224 0.47283010587503455
4.230419625856193 0.29321859123859884 1.8313615155875032 0.6051934072906204
4.060883396216662 0.2890004792252732 2.168168499773352 0.5993499043981731
4.488993482164373 0.28931058260950626 1.299499832615443 0.5969646044489529
4.132468079944555 0.2633777672431561 2.0581417655316194 0.5398621503980673
3.9969367834347453 0.2308954199239263 2.2768171646741626 0.47471747904235806
3.814428746451547 0.24445756836865065 2.708474413104791 0.49303496548139225
3.984325097383727 0.2741027807771859 2.303906607042462 0.5616171427929366
4.312818512333013 0.26353380860441494 1.6914674415670918 0.5440603003174197
4.0486903621682675 0.3032437533990341 2.172817718921115 0.6112952318220567
4.458146015680356 0.3529576895680335 1.3676531609108074 0.721828259352689
4.297054197580319 0.20953882723874695 1.6330775676090101 0.4373137476200365
3.8745877117110945 0.22482589862892471 2.5687807999278878 0.47519432814745194
4.291991301126162 0.2391320676795297 1.7173745984003546 0.49217278913817514
4.172552439674055 0.32909196296362697 1.9358007937676147 0.6824978185910705
4.110327202662276 0.2566190246557817 2.030522832483321 0.5188598372278883
4.589367125463172 0.4339840817309368 1.0696936211926527 0.8794822331311791
4.410158847439273 0.3632075733241366 1.5127770152736244 0.7436015799541161
4.4158200098845795 0.3962381050544033 1.4478903454542713 0.8197775256334117
4.316120982434325 0.3697389887605488 1.6478014306222828 0.7574727835404281
3.9518969278678284 0.2688103212236951 2.387829491224781 0.5427971592716426
4.360114374740558 0.23335206811751824 1.5251722627741948 0.48540151949359617
4.216518891774226 0.26061539110078596 1.8845774098783126 0.5364689972702608
4.170790146870001 0.32020691839807464 1.9640462550911542 0.6471237334717045
4.017880873743299 0.25008815158807424 2.2425751455671854 0.5094244735580868
4.033127240607698 0.2397763901060828 2.2391665556251557 0.4870082918624559
4.17254423265463 0.20870032333564162 1.956462351656218 0.43836627755200125
4.17058126668479 0.30836004730820665 1.945079866969781 0.6454503817312871
4.366514185872344 0.24705825350971244 1.5588945079501966 0.5004358413617375
3.885709692125977 0.28534704856655185 2.5555603074624935 0.5748745997112515
3.76424733236271 0.2678354093511914 2.777069048037414 0.5490324677623504
4.316660438549031 0.28281282041320577 1.6412613002941852 0.5858119253217426
4.237407348999639 0.18270522939175804 1.824156162949259 0.3845594862265227
4.090119635990618 0.2822073764275987 2.121477527951549 0.580552596762795
4.085803923455012 0.2700347413984313 2.141899192106794 0.5485963890307218
4.153010477547104 0.26912089896605523 1.9510231699219236 0.5282580192090582
4.253276712056229 0.24569802287609396 1.8014374442193954 0.5064313407619135
4.25035250184666 0.25593936574557485 1.7822836557432193 0.5289410237743919
3.9653724211206267 0.22381434224425945 2.3715214980193906 0.4600636054360007
4.007929721690775 0.25975431901392587 2.328264417253463 0.5274561068576569
4.190694491908209 0.32593550770898305 1.9062470262269202 0.6577634417775691
3.792001504780461 0.27937670229167144 2.6931829310339186 0.5772125138064321
4.101548197346748 0.24787624622673837 2.068485877993626 0.49917084968113035
3.961832688222251 0.24789527400172764 2.3987278950983124 0.5068528701960489
3.946777419735699 0.3104561794751187 2.439503145160883 0.6330956215508636
3.9924859386981475 0.2365072667132822 2.292301102421228 0.484442769991408
4.012098911466055 0.2671053178585796 2.263239998229953 0.5463441628291689
4.123910492056897 0.27822381895649234 2.033851842246704 0.574732877879692
4.440218885057066 0.2641956448183593 1.3927607971591494 0.5441088272873195
4.042779795155008 0.23634623215957143 2.1738686628888053 0.47890597956262476
4.265489265827961 0.3044214566183069 1.7685324418786368 0.6213472313324377
4.250839959083131 0.2513169102885096 1.7937012995738988 0.5050418770705669
4.309293561847575 0.2359714865223629 1.6750562059004273 0.4777485111828899
3.989005925174257 0.28755443973962297 2.337258723676758 0.5937187061393523
4.131329332721524 0.3870712695889509 2.0058597267874037 0.7890976512883575
4.227222627031203 0.3135964120947286 1.8345606103553171 0.6540963667765701
3.9958094476454615 0.27568389307806596 2.3486334334774486 0.5474606973619686
3.8846194695043312 0.2574831964019052 2.5236710453657647 0.5292191803731574
4.020114949740752 0.23396850191232738 2.260698843989008 0.486245342499556
4.0459371240577635 0.26633915074322423 2.1881778355580117 0.5427447035568238
3.801493065919222 0.31000671602327745 2.6897717204902207 0.6240137316923957
3.9532753481093748 0.2159422243097661 2.448215876404654 0.44476034739421055
4.248213444287493 0.237812050741993 1.803293476101411 0.490181959504722
4.008262120869704 0.24631006690094107 2.3211566876010625 0.5143553268783949
3.982745922587879 0.30650453357897295 2.333935007343543 0.627610294072757
4.003826664373765 0.2625324544044156 2.270844099654023 0.5327777269420766
3.9080784535458033 0.26058354749204515 2.4732207563368824 0.537337876320626
4.234039899003132 0.25999764424001776 1.8213119404432396 0.538716616989179
4.1260462096642705 0.24280677290968505 2.040421418714352 0.5149142641383345
4.224602744015279 0.25914068248986355 1.8530337599749984 0.5203997405572691
3.740312110581527 0.195386960000657 2.8436004786254467 0.39698309810321136
4.325851934269741 0.2666632685120279 1.6789386301970568 0.543661709624214
4.0829211999291966 0.27636386130482277 2.0891390506608962 0.5589661865949893
3.9015807733650156 0.21536936226299616 2.4972250142473547 0.44952650874494143
4.172260494837767 0.2825253132283238 1.9261155754648573 0.5715302526614006
4.33863841337525 0.3280109712621195 1.6274765430734544 0.6630524780681636
3.9882392064623238 0.27456208707962515 2.341996675069093 0.5659121812559117
4.120164918311815 0.26280683927459264 2.034331431447534 0.5265385412992256
4.0318389820295275 0.25052454280232606 2.2258332344256244 0.5146925570168267
4.132357168693595 0.205006126258743 1.9962100212578795 0.40726376468394027
4.133100562625202 0.21567804895035358 2.028666572040039 0.45379809775788327
4.045741334528789 0.26808721143410436 2.234740335925153 0.5451508436398277
3.9477482613691945 0.2788998454758219 2.4162461442693575 0.5735250619365244
3.9666959229712924 0.28446729910183494 2.374365451342113 0.5624049126896125
4.308363590737699 0.31714727771005674 1.637322864153174 0.6489347447714081
4.149413907853971 0.2937173033861117 1.949281862900317 0.6032610336206524
4.02451744195629 0.2319823681907544 2.2871410517357376 0.4754670435802166
3.9376614886660777 0.2551391678024642 2.387202418555959 0.527368197668307
