3.9718470459744957 0.5613541808776465 2.3548959031353256 1.1698577996919468
4.585235683005677 0.5951340311228204 1.1531959062742083 1.2276147027423958
3.417916794612043 0.5696033763679498 3.472728840523492 1.1709499589774692
4.523758100224877 0.5630621569426573 1.0955779230613385 1.1726622591807354
3.8879034729340036 0.5446259698344122 2.485149298216225 1.126122792944019
3.7039047712184483 0.5638141711128555 2.9305798932875424 1.1519016568900013
4.4192974721985046 0.5612596096027838 1.42718677821144 1.1595360503482888
4.805458305035243 0.5234977865217814 0.5568136334145878 1.0756224529225409
3.8536780112158535 0.5527854820436113 2.5700659451211565 1.1364537838795425
3.8848185373758763 0.4632451805238341 2.4619065365311616 0.9555945097988888
3.5689317327740646 0.5862731494360567 3.1014271548212595 1.2016537242534846
4.866916246221609 0.5323401055923276 0.523415828562122 1.095204164526728
3.9250787400650244 0.5375687754681402 2.5358054380115513 1.111784555986501
4.220428071662577 0.4643541750454111 1.8015556902488177 0.9524545681557994
3.61584739680469 0.5482568568239702 3.0761768224017105 1.1181813654437247
3.219692547565253 0.5123832062140095 3.821465894552303 1.0561856964934075
3.6512469804963197 0.5404304462837 3.0731579871003096 1.1150094936948902
3.578057854586335 0.5617789618995381 3.3004066680652167 1.1504188207120662
4.039867582762021 0.6170869712796435 2.2632159890096233 1.2685718316457675
3.867125506824454 0.5794282121275813 2.5301892307058678 1.1934309579681543
3.9716261418047685 0.5323698629659133 2.404336596690703 1.0914281121808111
4.378787097525516 0.5757987032982487 1.4834227384775147 1.1969103024470016
3.7606008453262403 0.5215053139264484 2.80512911005752 1.0808255658377033
3.193474418182108 0.5711062529849253 3.922261958815384 1.1823664528212126
4.114230432378793 0.5520933794226434 1.9478204632766676 1.1298178984953156
4.523787762006735 0.48459593836246506 1.2438134649968964 1.0086361389319947
4.449836514340811 0.5525634466260523 1.2957885291230595 1.1329932995444554
3.9392601277766617 0.554964828316897 2.5429379782331507 1.1388675497866654
3.987930150868715 0.5378434923611884 2.3556153345934243 1.1083615697990377
3.595905909150265 0.5632795435532232 3.143631654251874 1.1513982847634232
4.063258151888065 0.5526641543116501 2.1800784137068914 1.1327152732504724
4.007457664962221 0.5608978444162676 2.368931255068104 1.1459963196639047
4.3360959295276675 0.6031281978075994 1.6293864097131348 1.2387455164041292
3.9671763310181793 0.5253881357364082 2.3705353377825773 1.0780125142092403
4.160845697201863 0.5654936196138032 2.0232171190230193 1.1691655265345968
4.161030531011186 0.5747331912842915 1.9913519548392202 1.1686978832777297
4.605522395944887 0.5723227102043786 0.9154578559266944 1.1844245159562403
3.858101450967576 0.6011581675969747 2.528396587027313 1.2345282446192856
3.4182169676296557 0.6282076224925216 3.5256969193225585 1.289108213627271
4.2153974735484265 0.5512948145257991 1.836845147043039 1.1362932699258255
3.567268004273326 0.5658628251235448 3.1727633411859903 1.1678484513941905
4.257027354421182 0.5948912093667815 1.8873262724997288 1.223030202448602
4.004257082837039 0.5963129496464423 2.2179894181667676 1.2168589929541547
4.201856973750167 0.5129398354674515 1.9100305809499474 1.06327062256384
3.680067773930376 0.5831913425837519 2.8905918260210806 1.1937874448650219
3.5840967682041978 0.5624899497903515 3.157352719898413 1.155645278297974
4.117735402401184 0.5520143611636359 1.99373092338454 1.1429443624834366
3.517618917775785 0.5068921548764194 3.3033345302102837 1.0401273377173204
4.078943703557458 0.5581883780384603 2.100816962465705 1.1315847225334363
3.9057686274196173 0.5304784963799661 2.4719247675736877 1.083802047093882
3.723280896594426 0.560058189638164 2.889212362120941 1.1492682164021097
4.098765129430492 0.5122891251524032 2.1879893137127118 1.0427172776085865
3.384213428617747 0.544363210315944 3.6320259361505367 1.1192443414556006
3.72828836829267 0.5728778563280441 2.939958380905971 1.1762749351025998
3.7229377820568264 0.5268000717751085 2.808151073286809 1.0875771681242923
4.262130965469536 0.5051484445516714 1.8141100582022989 1.0405448695471085
3.8749928751004914 0.5118458998872922 2.663575664106011 1.056313886018741
3.676748971492028 0.5729181567187892 2.99611451993591 1.1795938355003706
4.060996640263399 0.5535759020118596 2.1199343948120046 1.1375417206248706
3.9947094770842697 0.5771833373326732 2.2506444045724248 1.1889965727456462
4.707025287435291 0.5212785579445424 0.8881359573630611 1.0786486676133764
3.755435688494045 0.56525268671353 2.8279807035346956 1.163355450223185
4.100140539215991 0.5717161549459443 2.1420347442263656 1.1797904251937033
4.245993027167509 0.5285570889468366 1.8177390232050006 1.087130598615695
3.9381411122507917 0.5639250050710062 2.4314142187703105 1.157824394874819
3.8494219707507495 0.5476340943580293 2.586994278614123 1.1178313094900534
3.7443393082541405 0.5293763676512061 2.7813288779127334 1.0958913835388115
3.776668589834299 0.5873220734297704 2.818877438997765 1.2105063613341078
4.5609325295558865 0.5705372980820816 1.0881448116361534 1.1683509870612803
3.908653432653626 0.5480667791677382 2.559993769902288 1.1280979377664548
4.129052489670888 0.5900975449419328 1.9742901398621153 1.2085723399206088
4.251993381848227 0.534938344483498 1.6886079382046155 1.1009311439377882
4.242964132061173 0.5604249140986557 1.8755420411848287 1.145378623058778
4.322273186442672 0.5268395318580801 1.63365794673048 1.0825092586539828
4.006704484408298 0.5808934747651754 2.333184950411592 1.1980245765045068
4.415258033647983 0.5095169258157196 1.383765668326025 1.0528852864253675
4.525303289708752 0.4794577088108711 1.249586976907053 0.9799536572048764
3.6123259953626317 0.574346638672271 3.0408041019183916 1.18444962792904
4.815942161731142 0.5794881806389168 0.6852228845997648 1.1850708977662396
4.044964424636856 0.5439091924594432 2.2737106134008878 1.1148106087255445
3.7619018217759415 0.5558248657583794 2.7487659155821316 1.13802015249949
3.9702266103819386 0.5576742150629456 2.3662142705844174 1.1505925652726077
4.330156062141477 0.5201760993078776 1.556490737999519 1.0635195549919811
4.1787326937289375 0.565610660469748 1.839588039422003 1.1598503681898695
4.140895169208442 0.5530585116113267 2.104871145488877 1.1297717458385141
4.099721140870448 0.5676562219589084 2.0910649303718483 1.1633421336793714
4.440530166334968 0.5675174953613148 1.3196014319682114 1.1699106325162443
3.883596732522437 0.5357874138937664 2.533930328032386 1.0897217208127934
4.130121617325829 0.5302418996062229 2.1025721261791337 1.0987732540871284
4.059676707296225 0.52198673772016 2.0832447916009382 1.0658507619617275
3.9915864374324563 0.5600446928539412 2.282933282295547 1.159080439981709
4.391483882702465 0.5774172965339476 1.5210027487804485 1.1819004941942106
3.7500807313670395 0.6102572319990769 2.8560631378681993 1.2531682636352763
3.570019256103255 0.5912123189033994 3.1293286568179632 1.2083656291746736
4.341411781653278 0.5872312265996192 1.6619439719581823 1.2114342315325333
3.5771678083203455 0.6178218912114779 3.1606990985524295 1.2615456848007958
3.6109009590904146 0.5438538462587561 3.165731893910543 1.1186893059903118
4.389374543787113 0.5816143117173326 1.6276657897155502 1.1892431053635886
3.933641383554975 0.5279057997686775 2.4807784202960916 1.0967069380116328
3.893659804450839 0.6320616500303009 2.4720265844307843 1.2929104172001964
4.026271755635868 0.51755971215384 2.2941114657283137 1.0665563654897376
3.291388052577216 0.5636999386874062 3.8687102669128444 1.150120237201955
3.7691118425309686 0.5661913287567568 2.7662572100055636 1.1604942336508974
3.640425406359755 0.5298089862415907 3.001722186841437 1.0937535555508795
4.091968915043632 0.5534518537873498 2.105584795179664 1.131528125135649
3.939634877915854 0.5757165307810386 2.426641881942163 1.1833149255518582
3.628364681368752 0.5208857824677724 3.1871674390402047 1.064833906640964
3.287266658240296 0.5539949444089995 3.7546046939199993 1.1364352927110084
3.8319013292651065 0.5679160666142292 2.6353491019705877 1.1712943686353972
3.883249434313496 0.576307465831037 2.5771838288671924 1.1716476328503653
4.378263784881312 0.5445852705079052 1.50963682860875 1.1151313227103796
3.9195761253763477 0.5400307605372728 2.4680392081626827 1.1020380568579937
4.631328852312739 0.5645615329142663 0.9676445615087539 1.1602477134363536
4.073691574983693 0.5200626624032524 2.034947896091937 1.052052203923818
4.358101840642624 0.558998625985715 1.477691264460668 1.147563568172958
5.112331352251179 0.512885778394086 0.06505715343814361 1.0509283612488514
4.025400977638698 0.5788383155043049 2.245505967010822 1.1915918510628132
4.054164424306162 0.5458756987758488 2.1782049724177344 1.1264415028974182
3.938953199680464 0.5413262516544018 2.41951576906415 1.1154702265405854
3.9273744047326966 0.5562816424972146 2.4311058803006342 1.1408954529937592
3.5933907339356903 0.5710674947776967 3.1984410257782807 1.166958790008649
4.066517643397484 0.5382875465277163 2.2386519797607725 1.108176376064592
4.630166787177636 0.5271236257174392 1.0056677735844448 1.0783946148860102
4.314804979965267 0.5615774433928187 1.6402243850047782 1.152038325783599
3.861154001824371 0.558445055405653 2.5688822489860206 1.146673852162896
4.174999776205887 0.5182007754461206 1.9578258020925976 1.0658084222853945
4.1606548466462385 0.59402914139288 1.9342138379063423 1.2166927244357673
3.903869182300801 0.5620522294310477 2.4194144274961245 1.1660478201264504
3.9678345990349575 0.5410660052975159 2.273719665545392 1.114744088359807
3.404107553534322 0.5595985321234166 3.698019056055997 1.154619029091959
4.156971719682208 0.619691220002688 1.941972028619261 1.273450346285642
3.807499804395003 0.5951940605923041 2.706969012106252 1.2176479645796092
3.4658441191577736 0.5867522614350037 3.30018057787771 1.216146406353566
3.1212558620891135 0.5866882776205765 4.0470453518968545 1.2075599468574862
3.4657276486354345 0.5406733678192324 3.3712993295254994 1.1156801204521178
3.650719966555783 0.6006215639186305 2.9325614566989016 1.2338421351157167
4.240945527916676 0.5558714894246306 1.8392615245756871 1.1422271971789455
4.230159048582424 0.5798524240700929 1.7625888253563209 1.19404729459527
4.233633402172021 0.5449919343065088 1.7534495536171977 1.115062153469881
3.8265697188284715 0.5903339050371353 2.546784762261125 1.2016734045408817
3.9507347729575346 0.49309121078294593 2.384236657388515 1.0129361996543513
4.990721914833876 0.5774712407519352 0.2541757550703895 1.1826554061984953
3.4194835478981243 0.525126034855627 3.4564252103046638 1.0699341064374124
4.024662053931313 0.5295101631374741 2.241535412905092 1.0902233449396375
3.7427648972048604 0.5157469691778654 2.7465958312547105 1.060184977669871
4.500419035519901 0.6125632242536074 1.227638426245007 1.2717466838792277
3.7279266674289415 0.5706381231348049 2.8281719469070166 1.1734982633457314
4.4306446768386785 0.5605213402776139 1.4714653068831465 1.1479498420934897
4.769875962483646 0.5722812378903366 0.7534283559197026 1.1680568850971877
4.022030932065864 0.5502904973711485 2.301275661809683 1.1296557782511571
3.7444346916991105 0.5362663929580929 2.7692225361914833 1.098176876719808
4.560915989136423 0.5700271042666374 1.1318453094282221 1.1738772119775205
4.663030951114937 0.529100392807697 0.9687907055847017 1.0801949910682926
4.542030073430016 0.548789762723443 1.1524479881517171 1.1315401339330966
3.3577791629263363 0.5402007068996256 3.601775134941334 1.1076978161237838
3.9517865223254756 0.5559278318897143 2.4348851111818974 1.134502354084824
3.177369261820676 0.5828213554959999 3.9285274166045197 1.1978328478595601
4.5372970402413895 0.573741707384418 1.2187790082903573 1.1833509943030305
4.492640251757051 0.5740418395891236 1.1940817658018386 1.1830515086344877
3.7699270176518582 0.566542580711881 2.862940055000866 1.1665385697274366
3.830857993780172 0.5679039862839369 2.66368641261527 1.1705000447541043
3.1676309044568574 0.4970786705880134 4.021082494748228 1.0251127905332527
4.223353301823387 0.508690187153507 1.9205036395929493 1.0520708311731528
5.049834961981882 0.5900633841988119 0.193345718880514 1.2183903518811512
4.114476374456066 0.5482440206576638 2.0495955620066972 1.127313268386613
3.5977927767977347 0.5381756113724144 3.0871605128342137 1.1050920538653342
4.099321461534084 0.529141376393968 2.0905797817380356 1.0897579034824694
3.809022297036507 0.5968577022179455 2.764958132943055 1.2197815210662084
4.333193983853855 0.555422819435582 1.6897975905614118 1.1383707902175015
4.014306632522278 0.5543511215585751 2.2494129430553893 1.1417344658976436
3.678330786551223 0.5860347320837465 2.8536429718520573 1.205877672065316
3.813059462647227 0.5760686739190655 2.7945813427132045 1.179397318494452
3.872998766248921 0.5859625732940282 2.4637483833138574 1.2055102894379925
4.120662456391337 0.5308245109204629 2.1209801110264994 1.093530644159455
3.414332072791318 0.5941547829677472 3.544794681698957 1.232784493061633
3.5472862943319527 0.54743135432816 3.134918662861956 1.1258351557902462
4.124444866467836 0.5376511140599012 2.0408091190579736 1.1046527748922776
3.748217558684141 0.5065462682980778 2.8637345696779657 1.03831807897106
3.4144895511953646 0.536966687233916 3.4367998477619834 1.106653723200965
4.171621024712483 0.5582582827871199 2.0499510607735045 1.15368805464876
4.294415198392499 0.5136196232083442 1.6048838064015638 1.0541988149063466
4.33067392915145 0.5585480185491917 1.6907097167526508 1.1576931631276801
2.92861123038984 0.593239676020793 4.4471930675392715 1.2232170089931902
4.37673603581167 0.5905671256170325 1.5617801909535363 1.2193463916168947
4.12084625250304 0.5294464402359437 2.10255530079018 1.079600263374448
4.097833034974319 0.6096114135855717 2.053113312966766 1.2617729740339276
4.126234030931672 0.5546750705560357 2.051462748858296 1.1490116934938064
3.6891972479261796 0.5321889886056963 2.9250898289159815 1.0966850225076266
3.856818332578865 0.5671196993767841 2.604116240640948 1.1666716695060921
4.055704170877046 0.565957721934524 2.156686994228602 1.1558724016811504
4.0787519136940125 0.5369177606470795 2.158616749900916 1.1070063926029563
4.496751007999919 0.5700609578242605 1.2549788309921175 1.1805179281318443
4.216594355636021 0.5386182264685287 1.8061415266820315 1.1022287521095029
3.1610575955521965 0.5542647846072811 4.02588107276387 1.1217118781590871
4.260218923282961 0.5391598933283039 1.6962486977679292 1.1040184497731795
4.58662473577367 0.5023529813617601 1.194346894238002 1.0272141463713156
4.490408297635877 0.5335437766146933 1.1713955745686788 1.092672889493367
2.6829102274097822 0.5813165474408005 4.909285291123009 1.1973029223071463
3.6347195550894256 0.5482782282760247 3.014590801805433 1.1302066673667628
4.322668911568151 0.5455038896328805 1.6507879502634744 1.1291918753858774
3.6500155738089335 0.5673823026564133 2.969785759107536 1.1630456389129356
3.7971541787059158 0.6059516214366478 2.6821854458419674 1.2480850482894292
3.5666487380258483 0.54273194488488 3.192360344578148 1.1159245557586013
4.349893397234485 0.5428180154582053 1.6112316896900118 1.1126161720883152
3.46425930415073 0.5604274417124886 3.4590470805178075 1.1501691989142613
3.4995719840455917 0.5935418933185049 3.2884034371631596 1.225549538322931
3.713229698640778 0.5586683776338136 2.8112881027625263 1.149753735691062
4.486450351283236 0.6231425715595169 1.2210680412503097 1.285587474861857
3.785320757083814 0.4998409518680457 2.772604074502352 1.0235537526863907
3.509244419727384 0.5875581142051981 3.2772258611378398 1.2045197401068473
4.121876911334772 0.5260362651867025 2.0456321154270647 1.0887916403477749
4.004226712455219 0.5476572579366558 2.326559651233114 1.1197465991725115
3.8738424527930255 0.5207310505690198 2.576937143581981 1.0678756573612938
4.356030048574887 0.5337618806892882 1.6400941633430945 1.1028689918394097
3.8287119722054506 0.5461340351913387 2.6478015016880843 1.1285995098224368
3.4740199409927173 0.5628496394241744 3.4226743106120283 1.1587834698157133
3.91723562241865 0.5626867898813096 2.4125200058524765 1.1565070011773895
3.9862207291607854 0.5399612619664343 2.4100162384757313 1.1098511120221555
3.9988197909442476 0.5569981725292216 2.3462880871198704 1.1539079816395472
4.235520651754855 0.5181560200329605 1.8016403301241997 1.0652643101306756
3.603800397521094 0.4949200838623319 3.016180370331117 1.0178133717283793
3.667325499140577 0.5610900960478057 3.1014748241578856 1.1619847654262512
4.409477205191062 0.617164092870358 1.4210220119587174 1.2630687894273802
3.9096743793385187 0.5523615102520445 2.51280122840942 1.1346277960716624
4.3208194367656105 0.5696328118865949 1.6346216072378477 1.1733744361404745
4.266274741779143 0.5244663720733194 1.6943290491108365 1.0874044208793474
4.432176316942467 0.5387977411982718 1.4566629862376357 1.1038235611617928
3.4432837055132786 0.5288424979513767 3.394279873073656 1.0787321341608727
3.607201560312525 0.5375021301905389 3.1794334468984307 1.1132913941694818
2.931380413753362 0.49759368083342037 4.4790691096652635 1.0409058742563244
4.257499820579785 0.5389681509044059 1.7427061389385667 1.0983805615464428
3.6309782006233373 0.5332219092469789 3.1105100426724173 1.1056241844810806
3.5113519139935594 0.5763833114062994 3.3089056299989386 1.1810644507584962
4.287362959246127 0.5738751257404502 1.7835907286627894 1.1782946253821744
4.112626853012322 0.503138511930012 1.9831734394587097 1.0266880880917943
3.900462545634624 0.5679266894093281 2.5595381401711634 1.172541635196457
3.3427172788245363 0.5618089610055145 3.7179381797217967 1.1623864867951699
4.280280843781347 0.5659056755560596 1.7737051933470869 1.1648777640552994
4.154975208861938 0.5564937657951138 1.9567807039073613 1.1425035619602375
4.192932408082479 0.5485342493144091 1.9461670692777213 1.1286409993777546
4.032435701250473 0.587266863756583 2.244323597776471 1.2100657422196612
4.264496028831315 0.5871400896627338 1.7654794515127739 1.2032425300254999
3.6288021855476353 0.5867624240477795 3.1133646134679944 1.2131742108956185
4.621816759142371 0.5196481619801656 1.0765012509860155 1.0649237095662851
4.288079206727611 0.5550084004008176 1.7900821503195774 1.138387267344542
4.003591371196281 0.5102700419136377 2.2610476089403724 1.057213313625139
4.1494502734571626 0.5324622510979998 2.0572891931845048 1.0792234130880713
3.704392300654085 0.5537055703163201 2.83550498453567 1.1383268014793761
3.8661475138849424 0.5131780647525062 2.6135719696298234 1.0478596050478106
3.995560144466797 0.5807802527525368 2.2910662030332714 1.198858667765264
3.588374960532356 0.5364867820820162 3.2237541106289145 1.1119300728450108
3.7818990665024117 0.5465230025332245 2.6864358826623302 1.1241352498723078
3.487152536309167 0.554499400028958 3.2911920257264686 1.135877239930102
3.905186841304374 0.5792225016529746 2.5606517122337773 1.1790223398791266
3.639516505816048 0.4936030157974484 3.1101595869077903 1.0153463292863245
4.282341118062348 0.5118868523734567 1.711933843419523 1.0490111005596334
4.956693656335133 0.5785301628509065 0.29809364340042743 1.1913640432399921
3.551422929625774 0.5884563218816585 3.2815994286084766 1.204371511609909
3.7059928701154723 0.5355588488081432 2.8671136194528883 1.0982164646237278
3.7186511210912734 0.5088235718753146 2.8444881712191723 1.047712944348201
4.151055683506088 0.5886171440071482 1.9066120497137131 1.2118643954036492
3.6517724057548744 0.5405857443340822 3.005707584770168 1.1155174609752154
4.439577704356076 0.5622646831888339 1.3872777345735816 1.1645164427342065
3.215099948088209 0.5654187385479313 3.8671651143300227 1.1665664786649894
3.830264011356039 0.5397640803483631 2.592071556026716 1.109520881808912
4.018821287969349 0.5598978992453922 2.2995425210277007 1.1381786068177775
4.030568158845705 0.5351874650491343 2.176243249232395 1.100940253866806
4.1203739263152475 0.5560465426717863 2.0584616089412062 1.1401782697122906
3.360043254563503 0.5825367576287738 3.6220716462428433 1.192039176428666
4.0966397784372335 0.5555458167465043 2.1717778225099638 1.1373954088840048
3.964882063767928 0.5235457825323854 2.4157642361278233 1.0810939450621107
3.586861870025289 0.5288659569638617 3.179575782859867 1.087325106700726
3.6748070210280996 0.5419057494254323 2.9562524599031366 1.113899614018704
3.885196372707376 0.490564076510115 2.516831988857175 1.013662829124415
3.266626341870544 0.5619942605807103 3.7968401271943812 1.153360859587959
3.65523827766341 0.5828537791727018 3.068258837573947 1.188452117857244
4.913853439926678 0.5500172879905498 0.43561042526793187 1.122323207985734
4.144644480810495 0.5474739772515945 1.9971834401667519 1.115305139119089
3.4713281669418663 0.5702139242683031 3.3864176534790293 1.1733556674157022
4.1619090069762725 0.48633868799518193 1.9498307697872344 0.9958311736933375
3.9562535245520207 0.5470331805693414 2.398963730765322 1.1280756976793191
3.9456689966485348 0.5824949584100282 2.344665900821197 1.202643866226711
4.018411785592297 0.5161789470237023 2.243266087862562 1.0697899466720093
3.6150038280026076 0.5374361301704381 3.111015009438395 1.0942292744862387
4.566660425726318 0.5794248398066516 1.1763726872692186 1.18747328777201
3.468452139872472 0.524584620375682 3.2996994133335837 1.0830728862940913
4.6670288762465955 0.5394832596877434 0.9494106208302265 1.1019676564300818
3.134911640393313 0.561052511962539 4.111304843937043 1.1501093884148677
4.0832834093495185 0.5902210408071819 2.1682038191868953 1.2088394748687366
3.703428617307466 0.5568259928605969 2.976614339146681 1.1419423019678214
4.153140308848906 0.500514821114788 1.9093122024283073 1.0338430844424784
4.160348214946369 0.5819989315525872 1.9622422159376645 1.1942448508077708
3.574473972108022 0.5426098094820292 3.19246333428681 1.111344068585025
4.095922124653482 0.5508796194868951 2.009855311911884 1.1287627346453495
4.69693843206721 0.5864738580712785 0.860957041016905 1.1985653105332374
4.598554740624737 0.5422703952470768 1.0161583550551327 1.1116237959167912
4.1573376952954995 0.5028336465007074 1.9874906312831824 1.0256969908676352
3.6437593763886476 0.5241261524194093 2.9463731475418893 1.0782550641684123
4.652213364342085 0.5374871793325398 0.9947610188022158 1.1122810402786811
4.478455604400769 0.5626695072711428 1.3575843565262733 1.1451802256970394
3.797032738623856 0.594377416546482 2.6205161229025187 1.226854959156071
4.490165718703134 0.48369697386109445 1.3162036659153302 0.9882995291630943
4.0535474473469755 0.5413454118261756 2.257283738745294 1.1122946308773374
4.070809104350869 0.5043920987524093 2.137905173962717 1.03572656230442
4.017240696652046 0.542730834439677 2.2671733640096092 1.1196334512147832
4.546901714214535 0.5491526170892264 1.1072848824386803 1.1277355481933964
4.421797955295539 0.5898330655048629 1.3850419978424964 1.212287120294066
3.438587457680674 0.5489648327819227 3.393713026065467 1.12971515939199
4.119161358910929 0.5557578317263895 2.031302717250502 1.1386760897952135
3.9222105931152345 0.5317239183546348 2.450973951447442 1.0971949936982088
3.4526797501220887 0.5534581995336774 3.5385394362858547 1.1383585967431296
3.724163102587767 0.5571480091340391 2.843289683443584 1.1343208529893203
4.205074893094783 0.5515788095107319 1.9576508030994968 1.1267437329559449
3.537963330832107 0.5359133421680309 3.2163673528630996 1.098112540867256
3.743491201263305 0.5435830706077205 2.855987292675213 1.114534455895673
4.503048624595403 0.5418284324855837 1.2480800069970828 1.1088152718017235
4.297270593257357 0.55710242016723 1.6756327326926925 1.1420480150559358
4.864088116637154 0.5411958369098195 0.5210836040169815 1.1204884893382445
3.76905528068538 0.5743848702218233 2.6734803784439825 1.1815837033819323
4.282783705990564 0.5601921954386173 1.6467295702167355 1.1461644156342763
3.883605007306496 0.5222198217603486 2.5164097170600357 1.0692620856815012
3.724568995504315 0.539152818504495 2.938792725004426 1.1020440290758848
4.529209307490585 0.554194137047028 1.1641372898219746 1.1425308835237378
3.623958354718553 0.5307069499847216 3.0576211794451096 1.1011094930699288
4.7320237371055764 0.6017089692821271 0.7471964005025399 1.2374566233885889
3.873051554045867 0.6046237326010323 2.480145159583236 1.2363148328317841
4.782526044100094 0.5667091342296348 0.6826196996164107 1.1672512827271015
4.698343171283154 0.5705519819423762 0.8847662679566499 1.1692335455980043
4.176924201898731 0.5277962631150994 1.9755882134537937 1.1002660578872367
4.593953073857928 0.5666049361947513 1.106674526969515 1.1684628928288048
4.228585583659022 0.5699011566046894 1.7975067263433067 1.1658324380258605
3.8384805217781786 0.6005320941202846 2.685020521748408 1.2297800485064347
