4.403809670212111 0.3149973439422785 1.4612178945582366 0.6561022729256192
3.714195885890418 0.22126270584976662 2.8946093572110776 0.4480232431118903
3.975997964951597 0.31394530937956044 2.3434702246670147 0.635039350123067
4.276716242022519 0.21750317544017653 1.7473032223053648 0.45217320834989483
4.321118568232546 0.297908428865944 1.6333156497370624 0.6144151027589909
3.9379805049755303 0.22161676488542478 2.383813821406206 0.4533042916669222
4.138501451155116 0.2756045402792065 2.007345854684792 0.5707281397931695
4.287936669614846 0.28445068059215034 1.6967576814635184 0.5922682031131172
4.358378661806453 0.2756714145372306 1.5827937454679266 0.5599697647292873
4.067017151491602 0.2988560435457841 2.1521445494095617 0.606151671763594
4.145631831883803 0.25765753026234 1.9568043971778573 0.5326713674959231
4.306569362409127 0.26637973652420593 1.631301318855535 0.556053267986223
4.168933207067323 0.2279647205341024 1.9502427229302408 0.47257449724577466
4.39136076259312 0.2353334131488895 1.519214901391873 0.4738306506704683
4.290644663561062 0.2708997705970827 1.7024531404396388 0.554635863462754
4.432260338480811 0.3021138914812436 1.389907315959449 0.6109929985095316
4.120360664307462 0.30076781357563454 2.0210692224546847 0.6267923375490656
4.027013683413532 0.23953189972154346 2.2486164554804997 0.4944549317799784
4.176206603252947 0.3217575585296637 1.9451569686733836 0.6637337857722099
4.223663508227701 0.2715686370764768 1.8328434987086788 0.5597451670304858
3.96502245728861 0.25722079404085263 2.401167380716263 0.5386587507076723
4.061031764177935 0.2625049594550929 2.1435230912462475 0.5317804106911447
4.253721485504996 0.2694343174592647 1.7652209947456217 0.5521634462440849
4.1364224285341304 0.25485350105736054 2.00886925904623 0.5188640871792389
4.083265501642993 0.3091307532709482 2.1794496995009345 0.6306042563749934
4.1853260130154 0.2687970212345197 1.8829651169948365 0.5570093084690693
4.196280630949609 0.2590166758582694 1.8966094569040988 0.5251390243901634
4.077950514388073 0.26559898936288573 2.076043319845392 0.5495034917573964
4.225989609121665 0.2614776856750338 1.8103379899530831 0.5445098230425404
4.053380732973977 0.30982853370400576 2.2324548081552344 0.631431540185268
4.269401070368428 0.2708521940215056 1.7268670151095071 0.5505102456723531
4.111243158106455 0.2679179820543282 2.0643142038719864 0.5376032279035999
4.173251802293087 0.29606388786021204 1.9124431094818064 0.6004128619851095
4.1776058817502415 0.2981339418039496 1.912113036989062 0.6270796365028447
4.317030647512134 0.23862442191102967 1.6638869277327246 0.4899380722658808
4.325251236706817 0.3550451747076451 1.625469349162703 0.7172488456829458
4.280454055684616 0.23724091827800706 1.7610913792247334 0.4834636014239411
4.4409270712716875 0.28711106766795036 1.401288183736147 0.602422924684812
3.7788494209021484 0.18577738611674025 2.7336681009465167 0.38488266247284625
4.391771463822243 0.31579871917785074 1.4761326457744244 0.6547451310912275
4.295281460183023 0.27661089185889165 1.686309571004049 0.5782231529584534
3.9928554673503784 0.262071768682367 2.323009926666339 0.5344188086997982
4.075912284799638 0.23926657813547184 2.1842463195352937 0.4903203657633994
3.915183077602004 0.2617585917527824 2.4742293768684096 0.5369365312570011
4.045297482145067 0.23789667827063954 2.173550427809269 0.4836343403346993
4.284329847338416 0.31183144114883676 1.7308533101113914 0.6518002152758753
4.142269641253536 0.3091786243459994 2.00215773383631 0.6409161948102704
4.189442389252813 0.2872320653354145 1.909870916353145 0.5972480587303236
4.376928739647391 0.32884987713360814 1.5344771746366368 0.6814269027044815
4.451647719756416 0.2649686891012888 1.3504508722432256 0.5517438513103161
4.243563132323567 0.23214118384839877 1.7431259223721418 0.4814799342226564
4.221888718538908 0.24873855230641723 1.804887732196983 0.5093055939457063
4.055303129228959 0.3106763685425447 2.1824537958657984 0.6301527796882448
4.157296293954047 0.2681741268522276 1.9821499355150625 0.5494038188740218
4.045135498249875 0.23978503554848105 2.2071887934157894 0.5040748346943666
3.8421802837309755 0.3056128651083508 2.605067105336873 0.6351099745795419
4.030057391467904 0.30442376238838775 2.236032349698367 0.6230196832059017
4.156995578118073 0.24187872092165658 1.911348516985226 0.509700648780739
4.06274145879785 0.2587734142351435 2.1368165522372435 0.5264784343253378
4.396204989510791 0.32714786622835296 1.4618120440739655 0.6595255618944945
4.342778012773124 0.25064911182014776 1.5922110832645187 0.5080172127850926
4.042212593792887 0.28933165914273257 2.2200390171064286 0.588724118265402
4.09811938259154 0.24765343463480474 2.044318159494556 0.5143670569846576
4.323057326005907 0.33160276481747 1.589381209581305 0.6836288211835317
3.949642846194826 0.24019150217797827 2.418768042137039 0.491029098053171
4.1346437196468075 0.3167099434925925 2.0422785757141577 0.6529288971095883
4.190967036653612 0.3263591090598027 1.9133773980775324 0.6728436945487031
4.16491926189704 0.28693274444099603 1.9316169687615616 0.585447774875139
3.8631893525272902 0.2419520531343265 2.6120985024710146 0.4884884663838004
3.931914223581785 0.27429454176993456 2.4319001168018852 0.5650787476873383
4.208780595635295 0.28970013491408125 1.8780217702922282 0.6008075797974056
4.172527542400483 0.2267164921231062 1.9407891733033122 0.45731879763276395
4.222281418660509 0.2761430497082201 1.8520785982089272 0.575307431806424
3.982333011022316 0.28212242128393233 2.305324312471175 0.5713389732460769
4.087780068969787 0.28592895892771236 2.138047862589366 0.5776286973598671
4.062841354135215 0.26008781625117955 2.1819066438215713 0.5292228577385174
4.146236101203542 0.29595022908824137 1.96848804344324 0.6168427892175072
4.18683139037141 0.2795753145440069 1.955788598428537 0.5773640362077523
4.172920573487086 0.2920191141566864 1.9273174634328716 0.5981387599385005
4.187359065917786 0.2881377466293784 1.8588221201212725 0.6026510795687604
4.1321468034563456 0.2862129385455351 2.0175234921114926 0.5901029166090939
4.470514838699787 0.2594278199753481 1.332748730609065 0.5371655419806481
3.831109239220413 0.2554643765752054 2.6421602813732443 0.5273061667618351
4.340101915412701 0.33904817427171996 1.5979558653520813 0.6880954736154744
4.18323510352233 0.27391311445253125 1.9063184713333439 0.5621870502265106
4.1350838339941225 0.2696001905108818 2.0159515136719817 0.5617689691591798
4.153768849758515 0.3143534854967564 1.972335053410537 0.6342568643218268
4.093892288838532 0.2535851300924792 2.124369212821069 0.521793673293982
4.329026317052875 0.28205102008251604 1.6382513629789364 0.5728549752838187
4.504113305012323 0.2526248828347457 1.2821497263075567 0.5257482487438698
4.224534744761908 0.20699223602496442 1.8250840186304385 0.4251801301800384
4.024761324079174 0.27317380148162773 2.2880782620722866 0.5651331380899102
4.389134510044958 0.3109398305570123 1.5245618965647245 0.6388328841510564
3.9388695057615655 0.27845168742702175 2.439206797039219 0.5706895372719594
3.982275099364672 0.2818922907956759 2.336579394258811 0.5713228205233669
4.2241469181702875 0.28093124087607246 1.8534956255522603 0.5672937475263633
4.292167804087498 0.2712914232423422 1.6902372564420043 0.5724668132776949
4.1367981053782685 0.23821311864328099 2.0243517270673657 0.4905257161503843
4.284657239111773 0.32258287776243 1.6674040978624078 0.6631906261004905
4.007431268282909 0.3046480922140572 2.313663289019823 0.6188729024666474
4.0376405634020065 0.29458736218421305 2.194380595388257 0.6126476799099341
4.2033783076801505 0.279489229319426 1.9108508601021783 0.561036840935759
4.077880656914949 0.2700974720624237 2.143940214171968 0.5529909038672256
3.9288742763273 0.29732310940944157 2.444558047086973 0.595312513211253
4.3378399492121416 0.2127165469994122 1.6508745633965112 0.4380158578290549
4.078123746459678 0.29579768112641425 2.1118117919238455 0.6118135191199859
4.323895772652541 0.34150727404595715 1.6428122852757454 0.7039861204949689
4.142583145326721 0.2080876657652124 1.9781463854200214 0.4322731817107012
4.2438726660115424 0.28054872395414987 1.8021923259500596 0.5732459719214827
4.315953043063608 0.27224822841129864 1.648656138727969 0.5473202946896585
3.995803147789122 0.31179719620598384 2.294373630986817 0.6249699841641817
4.168959899280436 0.36956492861349616 1.9746030203191216 0.748728033469181
3.9642592158167553 0.226654117460428 2.317653468726533 0.45781895563586134
3.9785004968044975 0.2335826630011149 2.3386517697151468 0.4837772731518907
4.250468434428079 0.2423155656453333 1.7894757963958887 0.5004005256971387
4.1002911465343175 0.2632697845902555 2.079316238484174 0.530780097440847
3.9814823639071277 0.3037418424999581 2.359582209527886 0.6161776281695741
4.196465899799319 0.2839777901440441 1.9114815034926371 0.5890707165163063
4.366213963892884 0.3585616428534085 1.4856736421334598 0.7430975908820739
3.9387601211064087 0.251640948210154 2.397041649193615 0.5121594670448658
4.3692660446654585 0.26454815986211044 1.5532565331397166 0.5278134710952427
3.966748681314106 0.3144159320707291 2.382972975948465 0.6336284392424254
3.8889018599926555 0.22126996489165965 2.53120482059568 0.4424379662488205
4.037698560849733 0.37636266998204787 2.187315824016452 0.7824604981307391
4.15208286706791 0.27874673143664164 2.005788311375696 0.5744680233017745
4.09412643614389 0.2547070402172361 2.0905627632182293 0.5251006642009977
4.351971482056191 0.23744854846245703 1.6011231500102503 0.4947950253177994
4.482283736327025 0.26077829145591697 1.3375471790492264 0.5278874544869241
3.938415991554135 0.2749829404242215 2.403894585730858 0.5641035490101124
4.129793271267642 0.23442059066598245 2.0389948645838594 0.47436969354448033
4.295370059634622 0.30585579980799804 1.673367307898126 0.6306769640186901
4.2403159201010086 0.2712356836963156 1.7803002120650298 0.5601062712274736
3.8861302164759954 0.25455923159887855 2.535559508072313 0.519962655793695
4.021404366958983 0.2528491705711628 2.2436194635416857 0.5195282032322169
4.313794683915239 0.25601669603881383 1.6808668682315928 0.5266963127215921
4.234442917114084 0.32792804548046 1.7860764955273978 0.6705024059624581
4.0916981526084655 0.33154756683033654 2.1429177348218116 0.6697868883131886
4.069303041287135 0.2606371963871192 2.1438529461722715 0.5487241871869876
4.021153841513504 0.28437653687301506 2.282143324766717 0.5775707586361017
3.913083482105788 0.2750667285724887 2.476193238887288 0.5687982191388201
3.9900761245373944 0.22939568375183844 2.327011529582019 0.46882383242711134
4.114731533865882 0.27032766310880546 2.0643035848051587 0.5502149238388803
3.8888726906497553 0.25512461511288964 2.5115426490845785 0.5183474006609189
4.417745522093652 0.3331189044600512 1.4395002128739462 0.6917879775408494
3.9458384603687557 0.2888749831349342 2.387023665586771 0.5968826483918259
4.16067005694895 0.30383269265557244 1.9904134273548255 0.6241896984727082
4.037478972218459 0.2484311523972861 2.2019561605414806 0.5073685426316948
4.222053173029533 0.33206303411212323 1.8681398566716805 0.6859495258346534
3.946235035208792 0.2727197529356506 2.431124913683022 0.5710650505152068
4.3502716939242045 0.24472287134849108 1.5734110569167101 0.5061289483132629
4.309170968016492 0.31327088916212886 1.6860775871778002 0.6303673261757649
4.173189487609818 0.2998734123047092 1.9554529355600738 0.5970655926445285
4.1455022325107365 0.301833931864564 2.0083940860699183 0.6298306203138374
4.114431676382006 0.3174617230032465 2.031026018791975 0.6480693088099327
4.054147875423736 0.29399428267223654 2.1876045079102484 0.5984521622102982
4.483239649047091 0.31445344296853395 1.3079820922140792 0.650904776116853
4.262243976085484 0.26998295957772334 1.7501338125657233 0.5665886294184539
4.081653250467442 0.2911361897003884 2.139344965820099 0.5904730737560901
4.452319337543531 0.27458120049274914 1.36124865900401 0.5665556159982285
4.213178933587263 0.3214475946889063 1.867237242332032 0.6573979064053668
4.287689036598559 0.28661622537123704 1.724375718285378 0.5780442386567083
4.123816567742521 0.26675473652603504 2.039105127027521 0.5539814662129804
4.245142584406633 0.27153205741557135 1.7599262550989239 0.5502284714056135
4.202746865311763 0.29176981082673736 1.8900767712427544 0.6053803796397571
4.10634648313836 0.25174097501741094 2.0797828498672946 0.5140025648828893
4.148569842892287 0.23507656143248348 1.9872466468611036 0.47706241296014623
4.168262177768747 0.20341936100345676 1.9445077465242195 0.4158434672018586
4.156097227072969 0.22426494811488415 2.0385931362183918 0.46158713973571885
4.223247318486077 0.22954187602747725 1.8401493078829838 0.47536187342511727
4.184404666247852 0.21263179474717409 1.888730569444591 0.43642905439672003
3.9430315214034595 0.24832005256883646 2.4819300620003135 0.49509320503616827
4.1302585267270455 0.27709652177797894 1.9788751034796077 0.5723085181734304
4.202167980654161 0.2740225275635976 1.8894248831394784 0.5601979748361352
4.27193377555848 0.2681215263578769 1.7350162186806095 0.5404061335746674
4.109026275957115 0.3232631410764051 2.0711105626002726 0.6555030956273018
4.053649655113397 0.24526956557752883 2.2421797598011635 0.5042591307879631
4.219698471197302 0.30379064076932166 1.8923891697337714 0.6133209231587349
4.185769998013087 0.3376829329926846 1.9156277627987979 0.6925655807461983
4.34031324356076 0.293908529176971 1.5644001970269223 0.617300185101173
4.327854868811617 0.3224839980111818 1.575652839736907 0.6769034876821208
4.305477978513386 0.28792946557093246 1.6554858193803246 0.5840353290793456
4.239067540311392 0.23937017324975546 1.8519503765758822 0.4973188551808256
3.997559633450172 0.2500392210529985 2.2696279305999023 0.5092934092410756
4.282891004238649 0.32336616897345616 1.7041023832636133 0.6571565135459464
4.221831927365127 0.2683598841678253 1.8643152084184207 0.5481049563977584
4.0270884247353615 0.24553614457748857 2.238537197559068 0.5005994530278782
4.070319221744974 0.3091817890569099 2.148918067649128 0.6395567745304495
4.11291250383731 0.27862306556211797 2.069578408561818 0.5586949393560107
4.2166058583929376 0.2935764285834937 1.8500061098628755 0.5937871778945174
3.9196951421176847 0.33697712446536954 2.4900884282309725 0.687286393052635
4.1161455391087465 0.2806222673125815 2.0781108004339366 0.5690000033437245
4.4384907271781975 0.27955049106010255 1.3890245507506422 0.5705702632845036
4.535354913996279 0.3532739020012338 1.2124136490673116 0.7086922656605227
4.322509418656406 0.2881596257072947 1.5995829302678728 0.5822739656656426
4.2656112011397 0.3473660249794709 1.7834651309651244 0.7172368234123341
4.098389487961567 0.2963010109616309 2.0806116522208074 0.6106126328643013
4.182398309783638 0.24847610989733188 1.9489438155606087 0.5052723731621765
4.288050325571051 0.271711718853862 1.7114068475575321 0.5437198765682364
4.387960034368922 0.37643973707619705 1.5240794047548176 0.769304978568142
4.139364088067219 0.27973102464127536 2.018612063796865 0.5696638384716033
4.393184132859749 0.25214116664277264 1.4845771700487744 0.5198184829637575
4.037070196583535 0.37939642135868706 2.202494600811761 0.7677117785426668
4.152141841595976 0.2563335056175831 2.0368201105152313 0.5198050896244623
4.027646045639949 0.28926351655160865 2.2694012231715677 0.5853333324839186
4.424226085667 0.33056818493109547 1.459355516703511 0.6746908855010659
4.147368312589235 0.23138998163966396 1.988736248675608 0.47588964840497316
4.004553271998514 0.23476965885941586 2.3291652406011485 0.49642490248663107
4.209025767090846 0.27870978943663344 1.8787459365716495 0.5749784392121735
4.102202214943914 0.23684717558443608 2.088146223233755 0.4796080964784779
4.249134070453369 0.3092668931910961 1.7529831457725544 0.6431904470061647
4.129313435630689 0.24337897019385452 2.023045918809858 0.5054445250713202
4.0525769348051615 0.223534194010224 2.2062142710360266 0.47508582205194594
4.1495774012122135 0.22305415660713482 2.009941319684693 0.44511854504689957
4.039335847252332 0.2819123558223674 2.1882336962871487 0.5770188582994814
4.1514403115945075 0.31079341043631087 1.9773542909898683 0.6361176278926609
4.0633456031229995 0.26805030827633025 2.185540006982937 0.5495210807025622
4.411414332165222 0.30231801700519123 1.4642512336569058 0.6197755782593274
4.210304901583814 0.24768775258164696 1.8355584331237949 0.497089368283707
4.148552967201665 0.244303212303427 1.9851707719630953 0.504772808139913
4.366792727075444 0.2954484633115343 1.554685812281196 0.586251301853065
4.073410553672629 0.2481963025442352 2.11094172457259 0.5022210897926054
4.379989747639848 0.2643333843623473 1.488285506649468 0.5539090039531267
3.6193228085195495 0.24310969577113634 3.0534071167162953 0.49949895021887775
4.718737981237757 0.28258542473739046 0.8813408892202614 0.5664507566462166
4.152506437212755 0.3181676464371157 1.9964643161358697 0.6461426510634917
4.146743942984882 0.2839138810296621 1.9731291582157782 0.5831065063104232
4.083307626120561 0.3248989920293903 2.11949439907304 0.6729205977102027
3.9002456011908144 0.18254891287875477 2.512602686017891 0.3738417056426088
4.439429911084639 0.2801458853309448 1.357560976221181 0.5862299791369446
3.9914491011950295 0.2484511988968957 2.302378778248295 0.4995819606298607
4.134791395902375 0.2114038819697202 2.0009962211250025 0.4316618890075981
4.350576981613923 0.24131930391819695 1.5866333109588509 0.49360630486072316
3.986308551120385 0.2618141926413351 2.3110038404457027 0.5292902508984341
4.302988309475959 0.26625464822893974 1.6470502252443673 0.5425087397309232
4.029111064355334 0.2100770181813495 2.218750784428492 0.4318660015078859
4.454741312803961 0.2885815276430439 1.3542680063941244 0.5943709182607408
4.005683763619881 0.22192598293334978 2.2812650965146237 0.4565557158048864
4.5238545470258025 0.26086403572232886 1.2113498848941544 0.5356059487532298
4.277046212922411 0.1991720197910531 1.7502812208253489 0.4042110601764008
4.174382568960512 0.32901958230092254 1.9148548843658642 0.6675480688839944
4.231591172736995 0.24768789712242084 1.8565842212085162 0.5077759106399262
4.26238807474519 0.2542050777009705 1.8017640009571956 0.5271381046135615
4.141501396384127 0.2561633798267951 2.0067125977367692 0.5222402765702843
4.122686325892413 0.27533251093130723 2.0611435458481417 0.5688384665706776
4.157051191769264 0.27526004147261146 1.9791939815335202 0.5670307162148606
4.247785060525459 0.31032164906754517 1.8136625625236924 0.6167313238471589
4.419532692545385 0.3373884006586102 1.4148320415029478 0.6763538405205293
3.8647160470251074 0.26484961921619393 2.555149366077143 0.5400500686268349
4.399436547978992 0.2748142291681891 1.480808457724906 0.5699522544950693
4.049407417635251 0.24989207665439736 2.2186745027374783 0.5139887978378336
4.178660786463867 0.2765913237839674 1.9405003459390975 0.5656872243652241
4.237232675295084 0.26603597948400304 1.8101736636183916 0.5445262653395578
4.153289271444909 0.2700410843245109 1.9595927149646926 0.5419514514961125
4.2028987031158485 0.3079931553524845 1.8882301133298678 0.6185359835637759
3.9439318733523274 0.2829687214969101 2.4123236793113274 0.5714204619974655
4.024960523533371 0.2656686245972277 2.2580856824001927 0.5430558443459391
4.1377094458430745 0.24401266478219802 2.064417624530151 0.500529489736233
3.998645514121233 0.24320097198646104 2.3201966573788573 0.5014765735579855
4.112866085812502 0.3596189411153301 2.10319919677914 0.7363259786608646
4.034964582683584 0.2678435043639219 2.187433050087879 0.5507623380694929
4.061639685705752 0.2502350262771071 2.15109271449094 0.5150708172972805
4.03923745138324 0.24086966341746843 2.202300891096738 0.49387933930163724
4.35648896257709 0.3727635181215459 1.581713860125564 0.7654867968910816
4.044993534939479 0.3112792489301242 2.2128186471302422 0.629974975421231
4.096209933840697 0.24699665869786816 2.1189016512366163 0.49603452060665315
4.300672906417386 0.2458009516374921 1.6896919276926265 0.4969863364667213
4.1778340298622565 0.21326101746614828 1.9920880084876615 0.44183696960452773
4.082720248642375 0.27699115659899054 2.1260815063701957 0.5717508639066748
3.987948955949568 0.30364690603160677 2.3844229897946674 0.6124410910369175
4.293586655157999 0.2802890327044132 1.68925653916205 0.5744004167163343
4.077410725108739 0.2520064613240122 2.130758463653938 0.5051502261019619
4.2792965633417595 0.3392343961631953 1.7100825344979143 0.7035025174659668
4.277344594200736 0.227990044716176 1.7239877881982397 0.4794769454172472
4.311814676716599 0.28224291024659837 1.629538590749013 0.5745588381687021
4.296549625945163 0.301380679681179 1.6613470165594388 0.6239050846501453
4.1071657853077035 0.25230649531813937 2.0969280562721986 0.5118856559168095
4.2035874618480165 0.28745314918067005 1.883660418515728 0.606503810427103
4.078087806042382 0.2512670792968052 2.1932576368873624 0.5162062950162051
4.192668692205563 0.27674863888242696 1.9084157675054998 0.5801257942158414
4.209820875114759 0.3184836845981789 1.8480021100174653 0.6591337935570988
4.117509075091453 0.2580569116223219 2.0417526630820033 0.5234522952678166
4.005551171273178 0.2605582765224335 2.3058640327632736 0.5308610929444695
4.107769870168061 0.26820951276048777 2.1225275748428385 0.5395381116887108
4.395057430704197 0.30380984114118004 1.510961996508634 0.6315543528548658
3.9697268537945787 0.2349485412145667 2.33834166012614 0.4762447325627696
4.098603442020921 0.2808382589898306 2.0917636706420595 0.5869999412425434
4.383732676429778 0.25990053463270096 1.4965329450010731 0.5376430521072617
4.449440670181584 0.3320271820837106 1.3886633620351736 0.6828846459567176
3.9569946735831056 0.2377375510594674 2.402497039120524 0.4880634609384211
4.107355152757924 0.27167886538117003 2.0834169344345623 0.5531165668574436
4.225600634141545 0.23940260626083873 1.8494734668961315 0.49384833302633974
4.316063763126993 0.3098003874471976 1.7020760384131797 0.6270895216928085
4.181482286929303 0.21247539002843915 1.953455715743988 0.4317968360986905
4.24339328549763 0.25750433096978176 1.772760686923804 0.5086081695752276
3.9901329658155644 0.2784314830833809 2.3438953491538337 0.574273436712471
4.058623023827113 0.3024586384189813 2.1630732161486845 0.613173768527723
4.161584572929277 0.28559181295362845 1.983842766772077 0.5833766092172327
4.176776396296658 0.25185037802393767 1.9721468757480172 0.5129720838910823
4.447670036186761 0.32429259872125926 1.3667641897392808 0.6727621118960528
4.236023778000327 0.3789471392882817 1.8099779426029499 0.7707489551454312
4.1730431199538565 0.25466186615651004 1.9609739377733382 0.5252959164899785
4.059328209509282 0.26045287052878285 2.161971099675415 0.5284828826472069
4.531431434601965 0.29591098569479396 1.2370682468082963 0.6151488463649106
3.907887393350319 0.2889575225387587 2.526266271502715 0.5902179657931083
4.4413812656689045 0.2696480418972668 1.4132139609766041 0.5446229375403708
4.319548204346725 0.2959612516638223 1.6616035462829335 0.6065934713455567
3.6946005189306472 0.2362995864359761 2.925744904355967 0.4901400065637439
3.9733738142236765 0.24204244918814147 2.362667602065672 0.47924292292662146
4.088144583968671 0.27519856783234986 2.137619301670026 0.5536953818298099
4.046765769855393 0.25538358507963005 2.226647830559573 0.5165976897218595
3.994124160452711 0.21699976085010741 2.3237044724655083 0.4465084342290208
4.258134907006458 0.30919149864552437 1.7869039221088974 0.6320326491534334
4.25402495936122 0.25276231543912453 1.8279824098772175 0.519603414541461
4.109354598825204 0.30533623683609845 2.046108789793559 0.6244959223802482
4.173424246735757 0.2778540132590749 1.9677510180601927 0.5810834961567541
4.0373062801361925 0.28519062227723957 2.2490584891739314 0.5840467591051366
4.0547336479071 0.29112883487286895 2.186139165057007 0.6049862241166459
4.303598639601882 0.37862275298166054 1.6530708736182322 0.78953183785685
3.968871097451282 0.22659535478530268 2.3501628717078384 0.4536305392462373
4.31796999940079 0.25644028963888454 1.6751145015658995 0.5239795570168098
4.343738678276352 0.32045158576123334 1.604642693547 0.6511697779201773
4.280434143706435 0.2643549476853499 1.7307189698327048 0.5420974837501168
4.41702808431987 0.344255005917875 1.4394982682920356 0.7131892432666131
4.0125168904309145 0.27997088323374447 2.290466140161988 0.5738356607886854
4.0200079936744375 0.2716707160041723 2.297869349544415 0.5581800113936737
4.008161720300066 0.2935813239169541 2.3086019853252058 0.6067544227575815
3.9814978959628085 0.24540868810246816 2.3493233163054175 0.4986825813424723
4.216604585166361 0.26579770871709335 1.7928000866948375 0.5445830509038463
4.333038484252272 0.2763268573002346 1.5853668935522929 0.5714397740145599
4.18902104863904 0.30108273741958974 1.8612538674110883 0.6286268109425555
4.051422238278786 0.23814332160305024 2.209738000417004 0.48367216111376965
4.441345643011723 0.33256345078267624 1.396192034542488 0.6832214471882228
4.494701101856121 0.38209379490267786 1.3358277951421424 0.7723727528337069
4.14222507010467 0.2531826295574201 2.0306337538604033 0.5191918188477671
4.330294715250291 0.2964954239393408 1.6194190324305642 0.6088350974147215
3.9963691538410138 0.27436549887066947 2.2692199849560897 0.5584031540954199
4.249202574166692 0.313979636275128 1.788996525074522 0.6321822642633573
4.079558177455297 0.30241478675658573 2.1160697558075547 0.6301390063627048
4.079505780773086 0.2633988808716752 2.165355168672953 0.5549229612657924
4.274345847557488 0.2700296108909071 1.7388649257720823 0.5605374777012506
4.080882203315454 0.2200510840408662 2.0992334796422156 0.4420762298442228
3.94537320694801 0.22935062541690138 2.4370653162082707 0.46477616914604836
4.287443735908324 0.32947774079478087 1.6536980445594653 0.6705503160838117
4.085530838130378 0.26754392385661396 2.098183326024865 0.5450211080847636
4.065046121003899 0.2867251685127298 2.1754483462459726 0.5801852863594292
4.002224428673488 0.24951847072355793 2.267991951806212 0.5150086680826695
4.300827561817524 0.37606308133766 1.7151288367833124 0.7817807450193106
4.14626684746073 0.30579297872787636 1.9773989063881816 0.6399290392124127
4.112982618272301 0.28509192141287376 2.099867194340108 0.584420110287454
4.087886505877444 0.3194931855933176 2.1040299478763234 0.6490296864236821
3.864167132703965 0.27502435086756294 2.6234821754646496 0.5657142141207192
4.228977160339847 0.25458463415795685 1.7896726132833023 0.5246137938145888
3.998072015081463 0.28998461261300773 2.3178371148488752 0.5898730150681748
4.208857590336217 0.3144785989572484 1.875130654550943 0.6612293082821734
4.129249856785762 0.23788850709240894 2.063915075678951 0.48636806006645966
4.083978913719919 0.2828360491467684 2.083405615774262 0.5701938086286781
4.147981892752333 0.3180888687316137 1.9910916183952476 0.663616851059893
4.0661720638663414 0.24759830799321292 2.160029601596159 0.5198533979848498
4.050655657155339 0.24176678140123048 2.2070971230478835 0.49540832899007675
4.169055664927916 0.3382955408799183 1.9732935325617762 0.7020257710543721
4.181141632967038 0.2898469579385682 1.9253076470240518 0.5957594944264504
4.24197035048903 0.2371688216599547 1.8413745077469756 0.4817237038280089
4.039271209072531 0.2425409353554038 2.1953864161763175 0.5006899945326246
3.8285740027856088 0.27734040615694333 2.7020948765177293 0.5607125902277648
4.09004522639926 0.21740027374925058 2.10676759879997 0.44686873291690865
4.139980118079233 0.32794568285858977 1.9691874427645883 0.670180071487936
3.8778906298578972 0.2418186881403822 2.5265184463181596 0.5001564394147954
3.8962194312144582 0.23262878700575965 2.563699402158157 0.4696519792860415
4.221497252988284 0.26502722143153185 1.881547002906034 0.53588107801816
3.9706139210099725 0.2550658801142997 2.320606030445989 0.523256249537435
4.041059228841671 0.306652196401098 2.2386817314704874 0.6199355066418838
4.624482708606494 0.21962707830676972 1.0527681126507291 0.45872241185239476
4.373117198493019 0.3074552376724897 1.552590635182598 0.6254843385284291
4.1433522817806026 0.30041639957699545 2.0299366122278624 0.6155294987717704
4.204074060105116 0.25595268289640105 1.8781932210038823 0.5264298663408202
4.5675241702871805 0.32015542151212634 1.1037728549349655 0.6569969733002535
4.430398841192753 0.24736365313503295 1.4291666070561289 0.5100164460068278
4.051665712459142 0.35003429973564876 2.184458927166198 0.7211971616541573
4.266095950012136 0.34073043827059346 1.774145205449381 0.6925665267857704
3.9955828061102405 0.2594209251388695 2.2744689033968353 0.531372664649873
4.1225654881264875 0.3307789115076529 2.0670599746732607 0.6699990091492618
4.262920819207443 0.3230554134272333 1.7138065659555448 0.6630057758594882
4.374354632210807 0.22470836416240203 1.514101605652836 0.4714245180184756
4.387051492721102 0.26235566315257874 1.5093276503870243 0.5439602251200276
4.562551161356204 0.2553200068488861 1.109944876294457 0.5347501653291986
4.105782358316832 0.28484384970244475 2.130542279332155 0.587655128906624
4.1542505484083705 0.23811897235791768 2.0238984559246274 0.49797126686533294
4.349147157581535 0.2686155914947924 1.59092038848924 0.5640298025466495
4.059293369476096 0.2739572903621559 2.161115424375458 0.5621538735025261
4.0611594181798285 0.25350021875477596 2.202957433652483 0.5240156432656885
4.017099996230379 0.20757927071948615 2.2058383256401104 0.42376588291002704
4.020145203092461 0.2715020635132098 2.235061837036718 0.554228333404932
4.481980953128951 0.34474223634457074 1.3265755133601773 0.7048282812074909
4.231267204127677 0.29412867679407834 1.8705822502087686 0.6048158601678295
4.009123257918816 0.2778943498209172 2.2935895807137756 0.5596252893288371
4.037811338384959 0.23735166697143933 2.236868680895837 0.4844185604097803
4.035603638819625 0.20694756769338982 2.2411046879806458 0.42789261802961803
4.236607053517222 0.2810806380398971 1.8508817063929455 0.5726234602983648
4.136106237743159 0.2893965263220335 1.9945125988591723 0.6112180269679733
4.133121847988215 0.20941156635905334 2.0302286365383857 0.4258528765637684
4.06579162878152 0.3090957210942165 2.137178237179768 0.6261299879294633
4.331886337054565 0.3124555565688646 1.6473369177248902 0.6271418851917001
4.288905631824326 0.23082145141700106 1.7258525008989798 0.47308988595656515
4.07145287463241 0.32673739869935103 2.1618880629010975 0.6754990657904055
4.13077420710359 0.30964170292217225 2.0283417391899414 0.6212818322433682
4.3381257066002945 0.30477454730268194 1.6085702299853422 0.6229289308479115
4.406482728454053 0.2520265588599413 1.4486530013864662 0.517614042760058
4.14367342715565 0.2565341251081357 2.013244954761431 0.5284623526196944
4.12446958550375 0.26716729863166155 2.0534488934867077 0.5408752531485291
4.069112434258585 0.27026410439218024 2.11046551557084 0.5384242582050517
4.175872891852764 0.24666912064874622 1.9401645545095818 0.5046143913552807
4.070892276526012 0.26741774328426804 2.133600117544356 0.5508407507707764
4.081891851376431 0.31185953589272286 2.1614451434969055 0.6355300730933839
4.22072838342851 0.23146294329967804 1.8736024194510625 0.4656309579895455
4.265132767712597 0.23149928023505018 1.7161521098487131 0.48419036736623916
4.09148699614979 0.24600619657223938 2.0805073069041917 0.5058305721425332
4.084049743120744 0.276709181290908 2.0977210952392307 0.5653254414380393
3.8851194663803534 0.21396802560424613 2.521927749082879 0.4385420941468016
4.17282301672682 0.2672882037068601 1.8961868087272764 0.5379059734757449
4.103992979711306 0.22985945507424094 2.0687714940141397 0.46968944227241244
4.073641481980759 0.29675515625289345 2.1407309781784134 0.6074490089128182
4.433366127851366 0.28717714277237744 1.408136534942887 0.5937216505087916
3.7940718564124567 0.22863010723354998 2.7153907013723906 0.46455925366459117
4.273369212131223 0.33466189254371226 1.728339043102617 0.685465556625363
4.1647315672977685 0.2972197283658341 2.032408679384517 0.603842968932507
4.005780480272936 0.27683467624177127 2.2808025841368127 0.5628185284139497
4.026455436561346 0.26745691014032863 2.2431206774472683 0.5436045034775789
4.484162761652566 0.34448953879715194 1.328914242008263 0.7102947163322617
4.114338196885015 0.3278117414553053 2.058894090788422 0.6807363553811475
4.514514780761688 0.3244969182160627 1.2193739659316414 0.6789417976613611
4.223749779076556 0.26243934026093574 1.883636004168124 0.55446110267845
4.266768317219194 0.21320638862716057 1.7459583092840063 0.4299410689127612
4.20336400497649 0.3505285077917552 1.8658771325880186 0.7257614896858537
4.3072044827522715 0.30058791943168334 1.6686690548942775 0.6223028289989966
3.9539773066207404 0.296192769650107 2.357493443325967 0.6029820486629908
4.117474530965211 0.20135676646719997 2.083939937960719 0.4151749333781498
4.206314960104054 0.29816366660443394 1.8874016344758284 0.6141999165988458
4.038161061029502 0.2543016036709603 2.20908288493359 0.5226011205939768
4.239963718382546 0.32314529741568243 1.8140278444400888 0.6551103815388246
4.0341091716326165 0.30158524579490315 2.2450349553380717 0.6194681109858851
4.469135998182896 0.3176821898394083 1.3568784715201772 0.6395430942109083
4.109825389647604 0.313543530763587 2.0478521732811403 0.6484951799311881
3.7237251437147805 0.23907465618562876 2.8591652422579483 0.48910577257858684
4.154007381979864 0.32529779413146664 1.9673676953458852 0.6623437299315837
4.130920589816684 0.28428589890390826 2.023340719757055 0.5907447027962947
4.302696485229491 0.32037578000044464 1.6941637713704818 0.663193953227591
4.014738357029134 0.36236488218487584 2.2591531950056933 0.70267714965587
4.051892148184059 0.26300721853652337 2.1797006411680355 0.5409206890197829
4.29737144491828 0.23891671337664414 1.725267506831318 0.481529232050578
4.301179124404951 0.30225479849549025 1.6880586090189031 0.6329859096588607
4.346981498011404 0.30802633483769726 1.5807276832777752 0.6276325190990438
3.824481815943482 0.24096147475683238 2.680773663807483 0.495917496998073
4.2584027697259135 0.31422901391917085 1.7954253503736304 0.6389091466094314
3.9727067309585284 0.3001309768110679 2.3174450022022164 0.6150743190789453
4.487865089382671 0.38451432721271855 1.3391672840300624 0.7851261393864333
3.940561882074622 0.27011085298462295 2.4005553880268895 0.5652343703732453
4.329272465624425 0.24488386457078026 1.6306547043585138 0.5052814569522563
4.184703794606082 0.3298549440597862 1.9413550141058944 0.680380380181581
4.319561708592152 0.26477927972559345 1.6360895796975943 0.5399908381968793
4.316621161844772 0.29897193002859773 1.6764441693669883 0.6102725234369895
4.106442522779913 0.28579411155854 2.1257632285568016 0.5773270770739675
4.202763821349057 0.2401048605705764 1.904030627390894 0.5000143299364167
4.247163528546305 0.3103931546250366 1.797655989116993 0.6386494453311196
4.393998681366469 0.2742522767471479 1.4752290847151763 0.5716762419026058
3.9943097301114046 0.23909886375176695 2.3191209448123855 0.4935701549747146
4.094118113787175 0.2769574318146038 2.098284932262081 0.5709329477006416
4.466139049713968 0.20269457319932144 1.3927483867179928 0.415416979744743
4.155993782030897 0.25892203793135427 1.9873654839428951 0.526915684400045
4.036169781133793 0.2553953660264494 2.1962474871085917 0.5163146543140514
4.363626371626149 0.2729140203963271 1.5313162416305173 0.5576658125481242
4.271506227279813 0.2721977526968939 1.7436514253058422 0.5646349926507559
4.190590687099139 0.27904510182506753 1.8821998404513205 0.5841165231212874
3.961696261353943 0.2987994591157066 2.3666837915213055 0.6112580004500525
3.8882849683533407 0.2553960044450536 2.5286852174860073 0.5173061278386982
3.9853851564512333 0.23051349467128043 2.316483847941836 0.4830890533231434
4.191012620090664 0.2800075140001322 1.929663000629792 0.5744306187890609
4.126741037885294 0.2701174848990446 2.0331972667711002 0.5500396619609175
4.21802465008575 0.32654839943865954 1.837217382523646 0.6698155408241819
4.170371126704106 0.28242535143411235 1.9324726740141198 0.5608316026294822
4.292603826089847 0.2830065234267198 1.6911895274236617 0.5776833174238535
3.94048113465806 0.29258890537240434 2.4493390411805924 0.5991664847954412
4.1257339634998935 0.21106296610989653 2.0750354063798944 0.43047274716908296
4.0774936473275485 0.2585121135085094 2.1625127807785542 0.5180036146668755
4.052445726159779 0.26928961097022464 2.1971419728528696 0.5582730903718783
4.160483951603083 0.2883177531616931 1.992153968771475 0.5839802359025276
3.8842985570153408 0.26588155017091886 2.5559121711222303 0.5596589242585988
3.986781031968066 0.20879383594039183 2.350517687812795 0.41762127768420515
3.950405633304009 0.276103266159302 2.3611075699447115 0.5672798858520163
4.059203675284365 0.29071769649806967 2.1791518734162474 0.5915161912781801
4.339541643073031 0.3352542074265963 1.5794888404352658 0.6851247561539912
3.952278699465101 0.24588485643928137 2.4432090556241377 0.5064956798025444
4.114043449241331 0.2407357108625196 2.0830839890378834 0.49565835958102583
4.227585710266045 0.2901882523896189 1.847358398177237 0.5902715461756778
3.8347343379024625 0.28291310752556853 2.6418874356757236 0.573458684298437
4.282832468238947 0.3158517462841007 1.71525635372555 0.6488745615914987
4.094083116067015 0.17749248957864933 2.0096406064258527 0.36564927583995743
4.199163698183817 0.30309948596180836 1.9128537597379014 0.623285955288773
4.191536868895156 0.2782554477886251 1.9061834727122222 0.5841726054361605
4.24363209397845 0.3013531298833712 1.8128433998356104 0.6136210697997035
4.077488605224163 0.26031755181049165 2.1491274934897735 0.5413947481732795
3.9906992782714394 0.29521421196412234 2.3012023737962375 0.5954700221454934
4.34736435006011 0.28441244389355685 1.6024893908107898 0.5674314460791471
4.043995752882299 0.3079921455493496 2.2215666575320037 0.6290052627694347
4.182061207772046 0.25171795246511763 1.9470377264911476 0.5149629943699486
3.8434319269700605 0.26007582707861904 2.595839615321039 0.5250320712081183
4.15810387931632 0.2513876067652693 1.9675028091183557 0.5180091983236538
4.241988226756812 0.30959286751011483 1.7969206546763115 0.6501682905640278
4.208854966336212 0.21923196156618657 1.876097029355043 0.44136691587271415
4.155392816199065 0.3009952807292794 2.0288312537576365 0.6133404234070026
4.220415627328136 0.28424579746153883 1.8271817454420156 0.5791333471960781
3.89677671492345 0.21125924200683321 2.509129263137927 0.436850705028969
4.358462764611002 0.36330993671411815 1.6087910846818094 0.7295018183972165
4.298082159524127 0.315941754805448 1.678540247664924 0.6384679540738809
4.2601825028610545 0.2502176632934615 1.7629229503775377 0.5086244919433222
4.452660239244494 0.31170996308139975 1.4143992862157613 0.6389863906379126
4.419488990175215 0.3568523010353417 1.4885170905820693 0.729989955740668
4.201511448988901 0.2738762028662332 1.795098758647101 0.5676667671857716
4.190399180112136 0.3016833956815072 1.8899377931606265 0.6172153477545155
4.326611885106148 0.2599969783702064 1.6588606497210618 0.5439122402638418
4.328867861387559 0.3925770201803515 1.6106244874230407 0.8018777266528304
4.063438925848427 0.22893964063885403 2.221358408492469 0.46400635953454444
4.213884348844931 0.20795540038139237 1.8907488361257023 0.4105631906142553
4.096540327889041 0.22995403163482692 2.1170295699181363 0.4697118535305821
4.245674380739487 0.3496656755022961 1.8314451687110893 0.707566745755854
4.259938170046391 0.3038662218674804 1.7646432233513825 0.6153629212191395
4.2324384009003175 0.3187134298182738 1.7852579604588543 0.6456714666774728
4.163827955894627 0.2602926681242615 2.0330464962102663 0.5270168617417239
4.199100875273361 0.27012700790306066 1.8823312348329704 0.5567929957484996
4.407754160316314 0.21912553345722874 1.4960881312947705 0.4333318223173769
4.263881669576389 0.29490897991987775 1.7865425570722038 0.6122525077565063
4.334035991966248 0.2571826642982214 1.6084445564826717 0.5229530850428599
4.1491859522213534 0.2736580284267912 1.9729323865548118 0.5734406329131133
4.227166891390141 0.2742986626236645 1.7686209488376357 0.5735492678960168
4.364575337249969 0.3031576910879931 1.5753489501739673 0.6130969928482656
4.055247233962893 0.24634225014551228 2.2051368922464776 0.5057099308596288
4.0962462998660705 0.38902778705966634 2.1002339120271594 0.805509069588884
4.260707186014666 0.3309305026262637 1.7912169396959294 0.6049938926835504
4.017204911937987 0.27408270941053414 2.228554932225272 0.5648731422079141
4.012913683144682 0.2958939713868019 2.242355053239005 0.5927908590989985
4.0328598117604555 0.3056364165696021 2.232864083249212 0.617770457257796
4.285044792937058 0.31105330349567295 1.7149209521477435 0.6399258720839321
3.845471366693679 0.23204961854421924 2.6439795907592956 0.4799809438014859
4.024822732660857 0.2416903398493051 2.2474078072451382 0.4884587534444503
4.466586548847948 0.336145700548091 1.3756236888862046 0.6810617058319881
4.216826954877235 0.40435570727982495 1.821393039061522 0.831316755281097
4.238796826252925 0.31461340714634645 1.8102471692926763 0.6492920030562291
3.9824667126058784 0.22928779067319072 2.356470472980173 0.46969501395341245
3.9291488368529577 0.260002662263975 2.4344548447749723 0.5407737609458283
4.230002526639916 0.33649485021863945 1.822486848073641 0.6862770506645062
3.9620164061157515 0.29266366361998364 2.3580788911399875 0.599739351583966
4.118139544249776 0.22925519163525976 2.0419318677494984 0.4632403444034318
4.091382257494175 0.2413962861992966 2.139088822052369 0.5077879678572916
4.162622417364578 0.25771349397583776 1.9309634299130765 0.5194493209979667
4.148532918305684 0.34004680344960797 1.9556373445668915 0.704160274611666
4.298764516906523 0.2531958531903891 1.7130312858041963 0.5219491600964635
