4.048555782016254 0.30087129476423075 2.216395189122878 0.6042319573150384
3.859546988984011 0.1870025492089701 2.583177795949201 0.3805678841568275
3.999832706477724 0.20480576910638904 2.310604499325132 0.4182732368223225
4.0628308800239274 0.25731723455707173 2.1640743419418405 0.5392771057543252
3.9379976890571706 0.21910133698982853 2.419473451498 0.43391745707140683
4.081836928115052 0.18777227523369464 2.141471215669632 0.3878852135610561
3.853073024169828 0.27671104512634287 2.6011224584726342 0.5684031312217648
3.9671375578599957 0.2160982321906282 2.3506936890553174 0.4296910762253049
3.87908395890628 0.23338032366860428 2.568801042157532 0.46543043210145524
3.9717057364528525 0.23373508082068756 2.3520827632253 0.4797991995800127
4.174755574369683 0.2012992526309923 1.9591261845334986 0.41356683217956564
4.004960110966868 0.2632832664528683 2.314218624258819 0.5349678861841805
4.04102054430591 0.2536049963242083 2.2271721432229383 0.525800964563827
4.051282310202227 0.1936601750809981 2.230026220436419 0.3887827281754137
3.7428139556979154 0.24053914866940168 2.8360078704464433 0.49602386250330865
4.053345491391902 0.1848388061016804 2.1703573062023285 0.38224337884522813
3.9352346858273677 0.24261174559858495 2.441228784501586 0.4878415779021296
4.1306600647380805 0.23907143186717136 2.050063876010297 0.5103388759361591
3.9713416458148236 0.27069080839459514 2.351494448653631 0.5614756089311282
3.8942710056428185 0.2789474346133336 2.5198418851685607 0.5767176568182896
4.012477798692397 0.2053814180848506 2.2825337387230102 0.42754445641748096
4.079521652372316 0.23900091352013222 2.129498126599233 0.4865029689864262
4.0575182983363955 0.21842265179130593 2.195769788509667 0.4565697850976466
4.0168902962708835 0.29343637482311785 2.2574543317147366 0.5987003052480715
3.9301552975963214 0.21460069764565118 2.427877735307289 0.43786168584086893
3.992324384269971 0.24828680785681315 2.3386557035866944 0.5172635096962106
3.9527765908815793 0.25134178656448947 2.3929464931120985 0.5070062871326781
3.954008284111552 0.20001890266958364 2.3954034014604346 0.43339644863288734
3.9536905532294777 0.2620950228241945 2.4006293026763874 0.541433935972658
3.9657959722054965 0.1960981345348541 2.3680053309742624 0.41075547375805954
3.9519955407615956 0.2493517399827757 2.394588338316459 0.519951007645221
3.881816681815611 0.1968007622312192 2.5330763674710224 0.4121997322736153
3.9515704087897934 0.19071260304450027 2.39906025064925 0.38759154224447284
4.095886770652815 0.2268070452575489 2.077358572972966 0.4681184143468213
4.035386522098053 0.24956176672393118 2.2362706734942437 0.5127479309213965
4.066567921284445 0.22253457066918875 2.1594099108899627 0.44994432983250404
4.043788495743313 0.2394154685943342 2.2134697627575375 0.48993762003838764
4.005858678007531 0.23031738210516842 2.3009881385498376 0.4714923701847574
3.7766151431511297 0.2224941155533493 2.754535996975947 0.45003553744885977
4.161670656283665 0.22704626786567297 1.9947412816844838 0.4818439975647983
3.9617195252678323 0.2063828034809331 2.397829949277888 0.42149155113060144
3.9447628489296775 0.17392335137637938 2.4268022868757484 0.36416853436387214
4.097787682566602 0.28917336203973765 2.1174978446164507 0.5895826383777382
3.9917330350984073 0.22446826377037535 2.330030863303305 0.45985581725810554
3.8966119214856665 0.25549782343674876 2.481471918231378 0.5269740216702087
3.856469126911313 0.25223606431213696 2.6101377353042343 0.496014023870209
3.7627406555217098 0.18763461682598553 2.766746108867224 0.39383252400183594
4.156171212937106 0.21538345934921604 1.9653838313087741 0.448694973998331
4.030119701747722 0.2593035081944747 2.238751472529419 0.5350007247618056
3.874097163255802 0.22617329040909886 2.5522034945174408 0.45953355451602873
3.994057237597299 0.24548293483112363 2.342201271739513 0.5064555742826381
3.833273886402314 0.23134317956391384 2.64584494730411 0.47265107302226184
3.811232896243565 0.14941797440426832 2.671689155260081 0.3054056892536769
4.07168264718219 0.16308112033192212 2.1634807822524835 0.3443428702660719
3.9461195217850413 0.23989453068536634 2.413342266340436 0.4813653469923157
3.884224793457758 0.2395369425592275 2.5294164489835103 0.500775414683144
3.897209509470267 0.17713029885264592 2.5325525426747495 0.36336528128549933
4.071575805091072 0.27276086686186307 2.1554830093314505 0.5585649329763848
3.8543566507634006 0.18912806295111834 2.612923252869912 0.39500121496009216
4.020372149016993 0.23583381686271976 2.2437215518449243 0.48227437522535394
3.9441874934983603 0.23464269230217424 2.448962485988907 0.4747802927712798
4.039534117820217 0.23408080511031076 2.1996316447598248 0.4963925131631169
3.998459423441319 0.16907443647520073 2.343541451167228 0.3421695799081678
3.8743847982984114 0.23599772236628164 2.5521234754766082 0.4841074711621652
4.080328816996787 0.28449964131344874 2.1808347585652106 0.5863869326646083
4.033791327651818 0.21526249919397683 2.21398070507714 0.42924118139172485
3.9690546240435975 0.22773268855393855 2.3822601869427844 0.4767591283843247
3.9321286634190526 0.2726192188277387 2.4384957320803515 0.5574456798938483
3.9806883835428586 0.19905408945302094 2.3608934230984735 0.41597137867816275
4.057786879081602 0.24063318612059692 2.196945156382415 0.49014469506325914
4.050100132839094 0.2618968747643326 2.172884951948065 0.5294660212129356
4.1533639804480735 0.26758785707190164 1.9921917717018465 0.5579015160580676
4.033972007182217 0.23362290414068018 2.250997184455777 0.4782185311894544
4.0184361502449955 0.233545145999872 2.2515199110468567 0.46402937869368716
4.0167000541554545 0.18884471097703498 2.273628163327175 0.3945376058957081
3.857361350521607 0.20571833565435016 2.6081011569202923 0.4326487800737466
3.925532967951222 0.2195143249785549 2.426339812080445 0.4516685532159942
4.033513584852129 0.2274388578268947 2.2390719221065902 0.46973808433158765
3.8699555256671463 0.20571824299909475 2.570235930061525 0.4184199039381631
3.9206052880815925 0.21179113605225863 2.454530281906919 0.4283118090115751
4.168573335101347 0.24474972214775623 1.9660702797154466 0.5020060865792315
4.028106250120853 0.22973681245778046 2.2304398365984213 0.4649885128826172
4.046259889431072 0.2541451775425959 2.200697113669318 0.516069864459098
3.751276672257055 0.1701953619310686 2.8357895438518543 0.3367042144116603
3.975462156537083 0.16765536712290224 2.362702252055907 0.3210566999361789
4.082812507004773 0.19000787257078902 2.1293379266129584 0.3865424023002737
4.092717839516231 0.19712142128145269 2.1264733770244586 0.4101971540666929
3.869314165084131 0.28789894286044115 2.5748332950740958 0.591955713631053
4.081810817276308 0.29459519638326803 2.168459738951088 0.6137339207806403
3.9560857037280686 0.2424235299143212 2.3610278581621045 0.4985192040563473
3.7840567306955153 0.2333640146221209 2.745114283163346 0.49340509959380663
4.011235841414992 0.1636929053498297 2.2895791267806755 0.33446424869694596
3.953739388411579 0.2806526767983707 2.3927369494370456 0.5771474789302342
3.8623869740931003 0.28200649668390243 2.5845335671336285 0.5839112469010802
4.142632769796787 0.16039504892254294 2.0170403986842613 0.3472624258413161
3.921336764861379 0.28039268100143405 2.4561881627236124 0.5698176329544488
4.039055529636957 0.24463638870837473 2.2310367869431547 0.5188127169130743
3.937618849473898 0.2629051523354533 2.4259663740405895 0.535106210558139
3.9992196965078737 0.2357509199437363 2.2980695308144585 0.5064038759778146
4.1173618953996165 0.18673041899087114 2.0292403849612084 0.37401395486394645
3.6874615721153683 0.2092604926632307 2.9283024230975245 0.4116996188657745
4.067169919371537 0.23034484041201864 2.171294148164379 0.4741229137911337
3.9284901842270115 0.24070344336643007 2.457893296593702 0.49296738424498626
3.929875829950425 0.25577097128191423 2.4335675629167763 0.5253609291415936
3.9240700156080037 0.25518450697177664 2.448169435826016 0.5149351496223068
4.051624405495971 0.29172439524309896 2.2107656099086226 0.5968179464159226
4.091904070059208 0.30411475166103075 2.095791081410959 0.6356427446838067
3.853759659595296 0.21403548271494457 2.5922526044281895 0.43904552654625423
3.9373189902504238 0.23957206384465218 2.409471782617003 0.49967180648379095
3.9679817939743325 0.20384791520706524 2.360478923027369 0.4213026059664007
4.074350531518714 0.19748169553725603 2.127387214252297 0.39575112462805684
3.9631082754085734 0.2737875617473886 2.3785222278112412 0.5554672408091781
3.9936740556273316 0.20760671189194374 2.3278587549236325 0.4311912847702093
4.0296267638232015 0.2998189329438189 2.2264036221036987 0.627383758444194
3.8990883917283865 0.2835023254141129 2.5143967081628267 0.5629718506288629
3.9325146120536623 0.24301490276534995 2.435412274280569 0.5098363069150231
4.183753336538784 0.2412659077022624 1.91860317590807 0.4988148261893166
4.2122389636112185 0.20656798025324993 1.8905365999930792 0.4215762029644654
4.094361651547075 0.2909683811399217 2.102763682995915 0.5922985337699976
4.086183003775892 0.23195339279610822 2.094382476215968 0.46791888258371
3.896478236803258 0.22624111488129686 2.50311294930963 0.4607549901900246
3.8830662700601843 0.2720157601099835 2.5387462135509486 0.5429878032643435
3.791490505770283 0.2043956770482286 2.736968963925386 0.4027555714167769
3.935171896203907 0.22035731955033427 2.418271521970486 0.44421055587827835
3.9902131531252776 0.2409252782699719 2.327176543870923 0.5043743553258835
3.956253212442936 0.2526716017783607 2.3764349474494963 0.5172568986899314
3.942213954972317 0.2724293651993899 2.4223063686972663 0.5530788913520757
3.9793460403353906 0.3147832052275043 2.3655701890867387 0.637829939133761
3.943620949892393 0.22115715046606618 2.3933278005436 0.45295866813182484
4.0749665461254505 0.31638274062633887 2.154542631815181 0.6415100264822442
4.055006507471079 0.2434772199019455 2.1885919125631537 0.4910925495820684
4.0259847913516165 0.2285608243115369 2.246647514464031 0.4655599199675061
3.9758073443115234 0.21550065498879672 2.350807016901728 0.4455354196196024
3.943405132513412 0.24528984654344188 2.436447788475415 0.5014880716964278
4.1368858987367165 0.27921112110247187 1.9956328154378644 0.5556985435834503
3.9309524450818008 0.20852844963132944 2.43830211798265 0.4313397684937303
3.849600299229329 0.20463292906182826 2.6101857574412257 0.42023206151107684
3.784577845259587 0.22389283426324186 2.7309087926247777 0.4669411957853768
3.9345909937682686 0.2635642846909798 2.4264290904235413 0.5312301612968741
3.8250534933869424 0.1958666125303582 2.6246068175830315 0.411493387761019
3.8704315960792854 0.18566065286138642 2.5749003901015817 0.37652978680062105
3.8232480382487646 0.2329908604661945 2.654103438219278 0.47446216113396794
3.8445505809480602 0.22729579879014752 2.621827688230234 0.4747750646986619
3.8578332613422934 0.21538789782870174 2.584032229370899 0.44533077276370464
3.876180411645917 0.22912511660516285 2.5633561666313005 0.4481558846656605
3.952915272166338 0.25400534467256836 2.397613237754914 0.5150694489230414
4.240537444874162 0.18741186637031987 1.7731768903406455 0.3724950381951434
3.7493603520312977 0.22520176700718753 2.8228213735692442 0.48028721186043905
3.9409052527467954 0.24489154356560908 2.4104859068817905 0.4988048030570084
3.9799304258546186 0.2682901056964113 2.3251553703622654 0.5575375257474858
3.97847540525568 0.21002950724259115 2.3165441097012875 0.4330871590209635
3.9180430902940246 0.24538576712627522 2.48903565792478 0.5021266785508722
3.9141851098090576 0.28637589724125206 2.4638362508251115 0.5899880682293508
4.116452301929846 0.2062331675506272 2.030673696316109 0.41366355342479344
3.939451868881899 0.2182892128574926 2.414246727654447 0.439527360338923
3.7973665728343833 0.17080066592971332 2.7297572722996346 0.33353929769680646
3.8904371155955313 0.21339424988291492 2.508468604611722 0.442439652110155
3.8255815359446315 0.1941514281830338 2.672337242608747 0.4025584483437667
3.941496405435093 0.31082217926621275 2.4139462352059455 0.6207902090786851
4.2034315059310075 0.2422998926270424 1.889377956236375 0.49062894840179905
3.917735674510348 0.27496044692481203 2.4574774175924023 0.5646793805728595
3.766279524023705 0.17077166287407913 2.8195369602881697 0.3531614058078947
3.9650396896340756 0.2655380878931825 2.3734032510527494 0.5455459791195565
4.08056294213855 0.28725409408249697 2.116111123350551 0.5812233891468319
3.956300426726325 0.24589401753443996 2.3759510420746435 0.506722197393051
4.061878877061169 0.2431698584461428 2.170337153318851 0.5161358482129348
4.087744750928396 0.3239600821513308 2.153774745171271 0.6528020414674873
3.93124553868256 0.2583456699621506 2.425294518366863 0.5297980533135621
4.1135624384877225 0.1581478544653001 2.0904125035393477 0.3318606519312663
3.995984157249407 0.24980550369512736 2.3229051842337123 0.4967233852343225
3.987261881425168 0.19381672987705023 2.3347057957147284 0.4107221620282863
4.160557451187439 0.2205971589672654 2.001268704985563 0.4631126685849715
3.7944272486121755 0.24366543882592287 2.7249009020736694 0.49906854381949683
3.9379724212287295 0.2527803903957157 2.4137626403695873 0.5396848426825782
3.93588039780479 0.27255786651436864 2.434464804320041 0.5641066454172345
3.98777480737893 0.2517235569187635 2.3187550756848454 0.5276358022379716
4.017663696782277 0.2675263538740523 2.269403530920976 0.544814004272808
4.026941964088549 0.261630045113361 2.251808369675329 0.5438835330929035
3.81780299419019 0.31320303210553757 2.678346451993182 0.6330898858850283
4.109277933004758 0.26779840057438414 2.0698628450041614 0.5439995009562476
3.9915970034301855 0.1976949335530821 2.3023648588688346 0.4062930654450837
4.043813333308082 0.317633879847078 2.188365079392489 0.6520174781934426
3.781048583148744 0.2667477151120173 2.7454077908717345 0.5440789432983129
4.019895102018414 0.3224472083886349 2.237945483397164 0.6586099727056414
3.952372708705939 0.31746615856750465 2.3880573167673074 0.6495746170819521
4.071909556798002 0.22867057156175594 2.1531540565664127 0.4788951725737304
4.075361649489634 0.20542066838271622 2.135479528897524 0.41808922946967425
4.019219263758478 0.2718554920416722 2.268304538078198 0.5601479827449668
3.966229804856205 0.21041166147895732 2.3747370925563756 0.41272523010268397
3.6883605783144255 0.2833713034957807 2.9682127974652266 0.5831787628953441
4.030786004339959 0.2041548669175655 2.2311379163167038 0.4240647334436237
4.202563721880448 0.17712607678655598 1.8774102539704602 0.3518703161823579
3.8468454363792692 0.25437612448303 2.5987266753075113 0.5102975130275982
3.898496652533466 0.27468784936755014 2.529841739373458 0.562407067557514
3.9555425915451132 0.24542000895943897 2.380242441992226 0.49489566029295595
3.9028108674857585 0.20323662206741944 2.5184889974219304 0.41989675080792743
4.093982962250811 0.2293438766943287 2.1117981577306013 0.46087296716053777
4.104437761155854 0.25193744352799713 2.108780378427487 0.5257234112702457
3.9085301635130176 0.2573546813027833 2.500106261455607 0.5292472428926814
3.8998843192871644 0.22464040276176286 2.502325266570529 0.466111265738571
3.821619106221517 0.2082062001943065 2.6868032470998227 0.43504634804374065
3.9411553475629586 0.23600849704225102 2.414643520275499 0.49390192733947896
3.9346497080849137 0.2756824708710321 2.441922383108041 0.55333199418194
4.038093303922529 0.22947885301165633 2.20561335404492 0.4623396380395311
3.8177151288947084 0.22516020510689266 2.652429500866669 0.47754207943755217
3.92374476861941 0.2643547245967205 2.486495745203473 0.5466380750073229
4.072328109089658 0.24174982165502268 2.1375846987276823 0.49692997078210627
4.193155384944214 0.20058283823942605 1.8952354721700575 0.41499311725465854
4.023494353744352 0.18850941711275485 2.213931556789154 0.39347651794141436
3.9270486303343572 0.20947006178094488 2.45931640369799 0.42885993976649067
3.9939959267743586 0.21558042148220194 2.2788849149650616 0.42339973897316985
3.8485650898492527 0.21238217259008724 2.632755458828788 0.43474630893482175
3.9791735871376828 0.31490261554687465 2.3376993595705953 0.6442869835667346
3.9694530634735465 0.2283687296644232 2.3296101358807646 0.47433130305025595
3.9881189472158525 0.2325377893621032 2.317830009481639 0.4686123524166681
4.161539110104664 0.23406609920377272 1.968174395353354 0.49009374470996686
4.014295435247136 0.23305680935107262 2.2615713677174902 0.4568809453964566
3.9872540698383165 0.20123022275066904 2.329859949502531 0.39394409264798125
3.962289098509995 0.20962428562406357 2.3672496530534697 0.4309129454038382
3.945854295512185 0.30891654151166376 2.401508698245893 0.6326549838466962
4.008566854966702 0.14961665383146786 2.2473194173759032 0.3075542783758047
4.0105489879454925 0.25647122677220563 2.279054355043469 0.5230125534153331
3.931287512630279 0.22455154171609384 2.442707526103531 0.4643024644382262
3.87904978996917 0.2417296633120413 2.5487610535746685 0.5017862989038153
3.786641782876286 0.2022204605535584 2.733337581367012 0.421665928712631
3.8400401232074755 0.21641948087566729 2.6131506632146158 0.44107182496094466
4.0798634794941435 0.2143807793481144 2.130673240816109 0.43489749447419623
4.050756657211299 0.24582117348187713 2.196129834670214 0.5132969677263082
3.9404488572090424 0.21176144023714216 2.423822320850241 0.43923230059573726
3.7335051265973904 0.2090772020614485 2.843240529728604 0.4229061734354343
4.0260510784192 0.1971017546838772 2.214336817884702 0.38520216683931513
4.097672030816794 0.2688325304064602 2.0868628732833168 0.5433220454897466
3.8585205107174656 0.27198926021847003 2.6133006870822144 0.5594319067103088
4.037131473969538 0.24856407328544286 2.2188684761336 0.5244694543278658
3.797478866516541 0.2798901572732758 2.7120417595300883 0.5750054441124274
4.042181071652365 0.2844342087566525 2.204900769043469 0.5909208182481842
3.976438803668295 0.2680063607451914 2.3629214022784186 0.5485376596212618
3.984166462401532 0.20705472773659467 2.3362215689105317 0.43587748254412056
4.28443776158918 0.2872114613210588 1.7250132926256092 0.6019546003550467
4.04991489925636 0.26396552928224054 2.1978039111075183 0.5403673011790237
3.871548747763525 0.22975799534251323 2.5574862428254397 0.47177349766515725
3.8019382908264805 0.22588498110299426 2.7088621834404734 0.4528541026195502
4.049210525197362 0.24131804041409816 2.179482531282457 0.4859140012590902
3.974812639763089 0.19068601677015193 2.3811055634190175 0.39963273626368534
3.9113303148940437 0.24378997635529895 2.4912490569849903 0.4892573647680889
4.116572016087032 0.21400852127340644 2.027234063893037 0.4379501975929718
4.112054274349715 0.27938008047558704 2.0654215021044218 0.5647911692233091
4.096513756782773 0.2870665904265683 2.101046837513252 0.5857367404384393
3.8666831761554863 0.26305430568330673 2.581068409021185 0.5416249760251319
3.793557769357519 0.31834192715341947 2.7081903570988715 0.6559554741368667
4.2137771084738 0.23838441282407508 1.860406565372642 0.48487821237822215
4.170103763788214 0.20694447942487387 1.962181733441483 0.4209341537710168
4.001118302918399 0.18629109718104742 2.298185188357221 0.37881687574894907
3.9629248230796748 0.2581002891392925 2.3777425394584273 0.5325509753282553
3.8794882497987686 0.20737332930514044 2.536363877729478 0.42672233937094906
3.9762489042666296 0.22900679592845447 2.3513677974268994 0.4474119835202198
4.096855180988601 0.23673182940459417 2.1016979543345844 0.474338519145835
3.983350337982185 0.23895052445176765 2.329216253193823 0.4931913429476494
3.9542246410370123 0.2218668538338558 2.4069070112792192 0.44472826866813836
3.937386961126108 0.2785747327669385 2.446037224384867 0.575657250570312
4.02500253857285 0.21241040642603604 2.224470838468863 0.43380877156034764
4.003321150864609 0.20338791081191482 2.3143015859789244 0.42695170694059487
4.015409153337734 0.270074084859518 2.2609529024226585 0.5518234904567139
4.067921670165722 0.2448555259942958 2.1631484952459212 0.498444963304992
3.9112640269815238 0.2903528667805986 2.4788246407308634 0.6011232044353304
3.9698852098551396 0.23946390183901847 2.348376254368725 0.48570878511768634
4.010307193772773 0.219870198399674 2.2691861809261717 0.46116885963426424
3.750859829658991 0.25728597512577794 2.8234145492311664 0.5212616094560266
3.931674021391106 0.22187949301557502 2.4387498583311658 0.45571861881885894
4.035212065478184 0.2540828623123271 2.2275284607926586 0.5264471116307297
3.989861555081367 0.2579845730829175 2.3239578755511237 0.5313727710334721
3.853351549756962 0.13716031157514025 2.596120733645745 0.28608189693362135
3.932274351870933 0.2588817206841545 2.430884046987285 0.5303141356431665
4.010959321655093 0.23026389712694384 2.272673267799294 0.46669047141458986
4.039140781417798 0.2668535815851592 2.2338845083454437 0.5369240214520851
4.111102591517813 0.22149013098736148 2.0854739027931117 0.45528160072515755
3.97494106326955 0.2970705068014647 2.3642615218897243 0.6043476700670865
4.064848832074475 0.23827594380697395 2.1419233968773472 0.4899598288986359
4.011108157657423 0.21186873525312488 2.270629236968138 0.4426179913682169
3.88112648925941 0.24469045883755025 2.550521893432789 0.5137490155658783
3.9334825830881197 0.21354444671432077 2.421335503020232 0.4397332413984403
3.7851202242229496 0.21396413739683778 2.7444147673492667 0.442896446780155
3.822213592277947 0.20142016453509612 2.6730224708570205 0.41521925935624204
4.033846584770229 0.21618929873930556 2.2304039888612843 0.44534747520810003
3.99904840007588 0.1885463923758165 2.308270065865516 0.3813296754502121
4.01707343913711 0.2517731348032101 2.2713704163706483 0.5125576434686425
4.015180725479691 0.16968681702150545 2.2997146830093524 0.3366495054754425
3.7720957809091544 0.24960543346093264 2.7691588021221514 0.5179480616499481
3.898016065538732 0.26070207544318486 2.5031245294662394 0.538735959800792
3.999943148974697 0.1972750057055725 2.307105965084304 0.38970751804454146
3.88199426662626 0.25963379089594424 2.569814263539497 0.5317500239311982
3.8089693484663245 0.32941247911387134 2.688076478494188 0.6687308105515655
4.015885046592109 0.15642092959628873 2.251236833814321 0.3315745004232251
3.884612288267936 0.21573900052565173 2.5241815246024517 0.4526857551510112
3.8979130838966594 0.21615554473155713 2.481972038559311 0.4501636272741872
3.8806654416119883 0.20827746442443287 2.566375882708045 0.4290786855644274
4.053474815557518 0.2176936614267485 2.183894881946938 0.448035793147243
4.072224456209584 0.29696777438983435 2.1384541029499307 0.5952241285162655
3.901036522340788 0.2193514383551604 2.5006432224601554 0.44879558819193843
3.9631831290765653 0.28339464393118413 2.3549669067419354 0.5690954609901341
3.8463176584528873 0.3046218895375591 2.620121876021148 0.6415513094074855
4.11245261016715 0.2615912375298042 2.0769270678603147 0.5385555593626689
3.966869998176613 0.23308885885603348 2.3873993285472963 0.46491556133895107
4.083802461835049 0.24529442493622292 2.139865874641889 0.511563364650526
3.8885170241276494 0.28520432495423714 2.5248570980857963 0.5806794714990241
4.082883380847886 0.19237280812798188 2.1305947499399025 0.3855993076002017
3.9975283765841523 0.19650494820795106 2.2827045663319505 0.40338528326452266
4.062659620426507 0.26198274608964034 2.1697602718012288 0.5365550629871167
3.959047747945589 0.1872023958410667 2.3847000773734077 0.3819824451643523
3.9992953234172157 0.2441868553389079 2.3275705497986428 0.5026143121433836
4.021803456940203 0.1740697990056061 2.2709251348068507 0.3639178933151571
3.978803281693632 0.20753357617329118 2.3219683187781532 0.4223670838156132
3.8962147722703238 0.1862582026679619 2.5031975938038307 0.37177803345750665
4.0522065193344154 0.20693846649239928 2.1707197055943537 0.4302272897517618
4.124532077116793 0.24214500710496256 2.0628860681839614 0.4994807052215492
4.082357404654316 0.17914339924681713 2.1316855954758482 0.37461457240050205
3.905933523432733 0.2613098980127427 2.4928612473012244 0.5332553810577794
4.083716721759528 0.22357965254376413 2.1345586298280055 0.4718716605965192
3.8910981346746123 0.24967610901527582 2.5280920719480746 0.5132485711735503
4.111340843138219 0.25994797957560417 2.0552927052404346 0.5352897068425588
3.9568897103117306 0.21911043723397425 2.3719972534662377 0.45070855071749816
3.9833959694606262 0.22638321406459638 2.336038930546822 0.44442926509473396
4.1352594298337095 0.2957809384280375 2.0048464425562775 0.5981552097726113
3.9587432160866833 0.2539150566861163 2.3719263445975343 0.5312502327110262
3.932224409074241 0.18102579207241468 2.4527210989961725 0.37148174050342214
3.959455409626912 0.16971049032753505 2.3776217187845416 0.36214840756639627
3.8909173541215276 0.16068994335253373 2.5271314574418344 0.32747476950237786
3.890704919151224 0.2075581770869145 2.5230879386952783 0.4299698040765475
3.938485785356921 0.23476987735106017 2.4156293757385066 0.4830885432378029
3.968380572197172 0.17465869517140292 2.3494665107245485 0.3525854969250007
3.987123671660261 0.2842474959003934 2.3355060912048575 0.5786976234772958
3.941007736432889 0.1784786666416635 2.4189494022061675 0.36806923467681485
4.075673912142664 0.19062713774581383 2.1457496451176845 0.39588155586997803
3.9238362328710545 0.2748788735767345 2.4889492581964183 0.5606144695747857
4.075746468341853 0.23615160759553358 2.1629246498442765 0.4859562033581782
3.8780038853371614 0.2694887077040368 2.5264396898718493 0.5659904607444722
4.057830132885085 0.24491757190554928 2.2093644931161784 0.507767403564798
4.062212991755543 0.2619578639059532 2.1767767898809858 0.542119021122812
3.911996239002695 0.2231914980373556 2.4877095938299796 0.46555457312014664
3.9343533410377427 0.1595829018313324 2.428153162241135 0.3156980814291398
4.021313999806689 0.2266059797716869 2.2688912401374877 0.4712937518409086
4.092469490287068 0.22243873553384966 2.0841543729597136 0.45458664828499307
3.9711912182661724 0.22003091419924375 2.3394949438409034 0.4398064578956016
4.016078559194456 0.22766372670474677 2.2812131902423323 0.4714419987884629
4.169770770331959 0.3354940435258217 1.9577732835386583 0.68757205361907
4.037550719530264 0.2342328574247937 2.2190623510880174 0.4696597304457535
4.027440152190158 0.27578883100923257 2.265145127468654 0.5583413539709156
4.1157471464074735 0.25904653256692667 2.050790085957463 0.5366494390386056
3.951100879816779 0.24997453871843248 2.4058778858802397 0.5122098211897472
4.035916906742575 0.269388902879239 2.197598664242647 0.5463540103780818
4.226836706945501 0.2201927144539669 1.8686211228126293 0.4653799722821683
3.948903745633301 0.17475964597901097 2.4334010673892204 0.3614917346053517
3.8523851874264725 0.201569060741525 2.595174942439309 0.41403969354249187
4.083349122148647 0.2612600703132643 2.12770752621573 0.5167753404943597
4.036950982345463 0.20809117068296512 2.1861929733287733 0.4464806537438965
3.9959200624810087 0.27097325593542687 2.3136294268503654 0.5584516927159634
3.949896593656539 0.20351670475910677 2.394447956442413 0.42296534699923377
3.8882776016486513 0.20797892375145582 2.551903368170114 0.42588461761256097
3.9325248681144647 0.30132673642458857 2.4542035096004216 0.6114869554273716
4.073950482168462 0.2286845839470413 2.115816657279047 0.4570044344724594
4.144705652254679 0.2829909268433258 2.0063108228612876 0.5731483953357174
3.8734827189487113 0.2553055363926273 2.5654525068745904 0.5213437040231669
4.106261191557377 0.2053063835692615 2.103095028406523 0.41437575669123844
3.987789105653233 0.2382662216067542 2.3326065574380626 0.4971933781654226
4.0176715448887155 0.2547369258934141 2.276467196888979 0.515821554720187
4.00014413235815 0.25020051224719475 2.272445438128705 0.5121716422281359
3.9202590225822984 0.26716787382264584 2.455413997578257 0.5545347813545803
4.076423699975342 0.2920772162866254 2.1541317542098586 0.5807928336452994
4.015591804430854 0.2224591622002803 2.2441372661740937 0.44943505668589323
3.989151268235566 0.32137305590616494 2.338944771767145 0.6657945001272679
3.841752260510357 0.23817563733833347 2.6373964809440906 0.49460300373691335
3.931951881893526 0.1932385012388334 2.418211752571259 0.3870799931739629
3.9173355635730234 0.19184114466318758 2.4807741673520294 0.3828836450818303
3.857408430804627 0.25735649934295207 2.5868278833711633 0.5448833565791964
4.180110532368161 0.22218812406969563 1.9569125147631854 0.4508334671747415
4.05752058382996 0.29835754043833973 2.1541608474229608 0.620518579560839
3.976529776696041 0.23126706484007428 2.3523160081859458 0.47709490461663084
3.983496705480258 0.26262195483436734 2.314537358276209 0.5337172152780307
4.037141212941785 0.19724929825098886 2.2367146573952716 0.4016398257337537
4.05372876000255 0.23289730749746318 2.1811254048808086 0.4824828902466917
4.12796337369572 0.3357375344632168 2.03261474711618 0.6911916573791088
3.9591370991701895 0.2734596770043679 2.390084998398226 0.5617334178764543
3.918172984602286 0.27824181027503336 2.4497698857416608 0.5732019007025333
4.006200023087285 0.25808702811484385 2.2620593865614964 0.5301913342237139
3.9859278907504105 0.2872885673209153 2.3186109242058173 0.591845966292067
4.0541137461919465 0.28135679293478005 2.1642074902834274 0.5757132025366144
3.9956417593378886 0.21494643573075836 2.317691159855958 0.45638273332778756
3.8711181910141095 0.2785067449677771 2.5509149115131864 0.5647915201849746
4.066584628763947 0.20413902157179806 2.182223775367195 0.42708572550721324
3.9445301865388505 0.21467526224270408 2.393779035382563 0.43276546625274387
3.886048483881513 0.19911370376698173 2.538147990969058 0.4155783194805828
3.9402259550447165 0.2266915277132248 2.4429584854137074 0.46560712403842847
3.9896239737003807 0.24721465500091228 2.3347617238003213 0.5113562141766131
3.9505036887162652 0.21681285714327164 2.3936105368258813 0.4485056029458879
4.052404322729547 0.22447007613750325 2.1849331202415283 0.453352751804048
4.204729181421576 0.2802980786671619 1.878046771322714 0.5556463727789905
4.142455115495002 0.2004379897511576 1.9893328494413356 0.40379888905317474
4.0538305764453995 0.21475911155162183 2.1683168956086174 0.4328552583876471
4.065780575107071 0.24397380869524027 2.1671516586595168 0.4995995985824316
4.117761304621661 0.231085357283975 2.057533631209731 0.4679363147374492
4.238997332309022 0.25705769363637426 1.82440996938957 0.5239750932509987
3.9408405632225265 0.2531947844378056 2.3885342673392005 0.5161533147125024
3.9537050641082248 0.2741712945733546 2.3794309923440915 0.5513659155643892
3.9105963522987124 0.22712403356424274 2.4898170546416765 0.4834656000667452
3.919978389379483 0.21743486153231054 2.4700505747360477 0.45718362524454365
4.041711533674713 0.19342797829486355 2.2369128073211773 0.3968535684655122
3.9466369234738354 0.2495794330323193 2.407385600466048 0.5132046481091849
3.8180276421792225 0.2724346953098771 2.656235126253776 0.5733578974804896
4.029483723942206 0.2914532865898209 2.2435521732210884 0.5848021398146229
3.8356089111706098 0.281617127393816 2.6260133779537513 0.5766520486909672
4.058540930011401 0.29587974155150604 2.1553807829049028 0.5928937813713346
3.987253090945301 0.2778709487192073 2.3552146009425496 0.5711633350798833
3.9717230706689834 0.2093831852340141 2.3552130708032655 0.4253716082726922
4.24653460085581 0.27935001242030927 1.796737238279117 0.5665977580367443
4.0381510170208585 0.21867362763278042 2.2043016882436475 0.4470096246693185
3.8825556560095107 0.20410691133434553 2.5299111533504313 0.4026091932713751
4.098344957680597 0.23208005788290043 2.077675926753578 0.46776556019253107
4.200676032207454 0.2475704553870646 1.9117837073838724 0.5212592152064612
4.186454104544017 0.2403611781358769 1.899153110985469 0.48380602557182
4.078757453657666 0.3009624329845148 2.153791714974303 0.6255417828233912
3.9516493425259496 0.263121688365839 2.4005049824681692 0.5437300357496153
3.8337111897798866 0.2618149964996242 2.6612430471201254 0.5134969901508379
3.9755077220990263 0.19326593281921695 2.3510273644627864 0.395596234545015
4.024095610415609 0.20323460197087626 2.2581555717541373 0.4178176393723571
4.252909680149482 0.3031052087780635 1.808300786745431 0.6100524768359273
3.999156329804176 0.2296302689163773 2.2725164969926315 0.47014165149305287
3.9615513007905427 0.2786858279187169 2.387851870773617 0.5520003000579905
4.017537196243941 0.25608145912072083 2.2613228704466133 0.5218253072916711
3.8774270813283565 0.21932645481950414 2.5282969222397176 0.43925336231011014
3.840350635025448 0.25356701462463543 2.6351843457096495 0.5115400497788867
3.9301000320358996 0.2528850037805647 2.440226613229793 0.5290333937168705
4.1975108510759735 0.29311681194665734 1.8571867263238473 0.5915697973819614
3.840093835675699 0.24420956112504402 2.6304393539638693 0.4931909102013489
3.975694202219213 0.20314499146583181 2.337840733823291 0.4239962376037704
4.057710536617373 0.27084299473255 2.18763200930407 0.5571412487702201
3.8648433015371793 0.2630053030552284 2.565497387743809 0.5329146525760533
3.788234309991072 0.16683016555516267 2.7642690166248443 0.3413084604946011
3.95347058391773 0.2070962027729159 2.3903750583030368 0.41681677449785115
4.045725092534083 0.29655788628623714 2.2114097498703917 0.6047647518623684
4.10094010538632 0.2553144544080326 2.0709870161632478 0.539092445092078
3.9415800069623037 0.206289676252961 2.4059958107324455 0.41994476549291904
3.935549308961288 0.19502919278128 2.4307006911061375 0.39175080186184225
4.104580832774511 0.22389265412818646 2.0797987722818405 0.45420093879041107
4.011688850476151 0.23701919592196774 2.2798182784739813 0.4811943967630683
3.9866205712305556 0.24086363298480246 2.312990408212764 0.5016461376665946
4.228687826476912 0.25828282260262403 1.8104799431112149 0.5297220336187746
4.043271839318038 0.19742114579165063 2.1879902395350346 0.4038984047207629
3.834198481578184 0.17303094311915615 2.68206040718139 0.33293480726392377
3.9017197930363574 0.20461681509780233 2.492959139067585 0.4192509207758728
4.0257944373511565 0.3246899771648122 2.2515573995413276 0.6722155417810153
3.8581890300019737 0.24359339689012355 2.6025871431686625 0.5076926588447409
4.092695910664393 0.2591071370566858 2.0965875867862223 0.5223909737629063
3.8696524418287668 0.17501403593905543 2.5839929279638048 0.34801951818168775
3.9992837675735524 0.22231551373054867 2.2946060826513754 0.43093617678522833
4.167206346426349 0.23438704913383882 1.9750928143620299 0.4893129597229073
4.077981517987608 0.2038750684601878 2.167328115020645 0.4455564683448574
4.059032329688471 0.2264501524346974 2.165512916639579 0.46077831777861733
3.857674154169392 0.19880662723037137 2.595603972437532 0.4042322213245766
4.071958531046562 0.22657346042096907 2.1586087034425514 0.46994175530058346
4.149421663578286 0.2329733025231242 1.9849637305988073 0.4779679189361055
3.9926573065204187 0.18382372666049898 2.3093674209490977 0.38620131405761365
4.055603047816113 0.18305340477819865 2.1619877991873406 0.3755494809499578
3.8794820769736775 0.28178138794490765 2.55986442815826 0.5730158169577785
3.858972378153723 0.24074962862734298 2.5929740070018736 0.49142461888831396
4.030932615745213 0.28287533395841785 2.216173470637358 0.5911584218709083
3.9355938457398296 0.245819354473352 2.4510224945984973 0.5037230416510206
3.753267686670915 0.20805235830808372 2.8297925148001686 0.4260750971473993
4.142271650203343 0.2596221045991454 2.00200696234691 0.5206323807274051
3.8290756888341013 0.20622282491223412 2.6470054011135753 0.42089796289586573
3.948016551598749 0.18877666485427172 2.4190744722189583 0.3802158174448519
4.049866049011728 0.18799698420992778 2.216729708143906 0.39332874443678
3.9864459737112634 0.1605813233403493 2.311202489654102 0.3271157579160787
4.0178807006251915 0.2191076037617842 2.2503566800862673 0.4559019334412845
4.047572687857338 0.195703917836305 2.222223560650076 0.39001580509833284
3.9838227184379127 0.1802524858747712 2.3328716848478876 0.35693094268056796
3.9209115035468045 0.1666331501490037 2.4610850765451104 0.32153757466110433
3.9918530107706642 0.18059280657359883 2.3103727722710765 0.36916615652120366
3.8795118914382423 0.2351593988504594 2.5762493000736955 0.4845091362481369
3.932677456660014 0.2019633129632765 2.436264121609846 0.41830487232810826
3.849361434995218 0.22802676891776535 2.5849324505675297 0.47221805134337014
3.955024397159944 0.2460901927687536 2.3692505561481645 0.5019919211203481
3.963344407344035 0.26293298441211543 2.3949110187502134 0.5422020733303912
4.049005133995326 0.23550372006367032 2.198912708326725 0.479793499760447
3.9911339192951214 0.18569025936472908 2.30676737651574 0.35709237583795683
3.696235965555288 0.15960010627532248 2.926304461991889 0.3405032795332286
3.937831409359932 0.19672789385034395 2.430468607745341 0.40735306780021185
4.032780914597122 0.22978781024592718 2.2212172676780537 0.4859918122704113
3.855811633489813 0.18821952340744424 2.5782037827108795 0.37842903767830377
3.941315358807709 0.24943979456924106 2.402207718315076 0.5142858344173958
3.95597420865124 0.18696566413058793 2.4111854203488208 0.3812714488380868
4.011174251202421 0.18308252508208334 2.2548863147034384 0.3876279293693676
4.044753841988328 0.17730991889930342 2.201357023445161 0.35874340409184163
3.880107432433134 0.25286986145028334 2.5513608538540824 0.5071221052685264
3.8688617349183776 0.20406114516118415 2.5647575161882203 0.42845403680303873
3.967704685579546 0.19965220894508232 2.360924215749438 0.391886158691482
4.037612354688976 0.3363706072623291 2.251459349123029 0.6867214032066976
3.8769721679168194 0.2839080009007454 2.5469621536965774 0.5809257284662394
3.993589042988595 0.28431241385647155 2.326875194520728 0.5903625704502378
4.052777339569063 0.2633638870730833 2.1977118395238446 0.5444357261050109
3.988127546707539 0.19043131900788016 2.2948108576939523 0.387588094698077
4.010828724543894 0.21179709732264876 2.2777008303556805 0.4291749006624761
3.9358430173050873 0.1883686890851034 2.3961792976083656 0.3846460535429251
3.8451328864388286 0.22073516468875926 2.622490960837921 0.4481402432713199
4.202249927547143 0.24213689802350102 1.8979155339321725 0.4975326896177389
4.003046454980286 0.26452693134034155 2.2756658127890086 0.5353995944982559
4.0510208797813805 0.3016315049873044 2.196007294676342 0.6080862219243353
3.8539044281726023 0.1841792460220706 2.5836736815502794 0.38802502729000515
3.8000448451550897 0.1984411665162894 2.709667717467215 0.4134630983500783
4.099481314724162 0.2518574701793893 2.0841907093049077 0.5155674486985126
4.016806179246639 0.16452359285860232 2.252637012581713 0.3387979069697408
4.030185795499087 0.2703666965928198 2.2595558728841874 0.5567330332369222
4.049320807700464 0.2636507962096278 2.2038948939411527 0.5489952141590158
4.070349178963076 0.2719254770254868 2.1382066846347354 0.552800718759318
3.9897997534449328 0.2350660497689415 2.340126828194187 0.4857450405836945
3.9550629299155506 0.24026883279104455 2.3958214916026934 0.5016255257224425
4.072722396268385 0.22300957914445213 2.1669443230327703 0.4473035520723554
4.012519409050875 0.24056863678379836 2.2450004103474943 0.49396448764646145
3.977385094331395 0.24681706035404702 2.342824667688851 0.5050943157223394
4.006078068274318 0.24628868357042158 2.2763203892266564 0.4956204764796106
3.916990489887974 0.30396245821263845 2.438702566380205 0.6127282410666487
4.030696281810376 0.21820671442792106 2.2453774484594606 0.4520936927441057
4.045478062576141 0.22108068938108796 2.194475928023551 0.45226899077262905
4.067031655121716 0.2300107587467057 2.170492313654468 0.47465293498310335
3.9359442721827564 0.27154339364738955 2.447529403360051 0.5666918935287972
4.132358234480767 0.31906506245151167 2.0392086906688713 0.6556429424732212
3.9837945127324668 0.2286058623695668 2.3287469567830144 0.46942234473118427
3.9637606367761418 0.253647565171206 2.3790889345465764 0.5261947528789128
3.8013409647301177 0.20743623162516112 2.716806857854867 0.425856567324386
3.8782670904481344 0.19049103929420183 2.558620623577533 0.39570747923326105
4.004321445093858 0.2745801923811451 2.3073737779356174 0.5518208114411777
4.022919534492625 0.1836568313279838 2.2613932318299756 0.37771241902466907
4.041340635065438 0.2450749145365458 2.214428258152213 0.49322728145993927
4.206962459290225 0.2753315813122671 1.8510686105782481 0.5569285826674251
4.248228282870679 0.35565406643894615 1.7941732620179955 0.7362277676759695
3.8827169593120514 0.32465009832467684 2.537329406682651 0.6498177169525945
3.9375106228297376 0.2437668707876494 2.424315058195056 0.5164986727175365
4.22249756112212 0.24646798977100967 1.8677809145232567 0.5106648016097172
4.036661858405745 0.2755999629051002 2.2334726869108383 0.5682110497630601
3.9792715489493773 0.21508957843926058 2.3733315759481606 0.4511739149362246
3.9189948373217924 0.2678787237765814 2.4902380377531097 0.5559404320826634
3.852036302016483 0.23726449269993286 2.6161885038684707 0.4625594535454502
4.083090401672575 0.2563382017112823 2.139602181695994 0.5245085057151553
4.056745995924797 0.1917931782528634 2.142974011454035 0.3906024593194247
3.9056559672828133 0.18697204556962363 2.477343232839785 0.3905608525642224
3.935038388720577 0.21053045870284887 2.42647204272121 0.4298093159128745
3.961390133490678 0.27900191714978195 2.376364232876797 0.5710561666781302
