4.170055087449942 0.3247389118514658 1.9224098396031872 0.6657581218785925
4.069815878315849 0.3342781711376125 2.163012788503562 0.6908065022233217
3.8066460892999183 0.3193304539984186 2.668511846216264 0.6585507556158912
3.9998947802199396 0.3138043951839494 2.337982100508186 0.646023890552114
4.432771446180904 0.314272413643427 1.3789540384993537 0.6414199003375993
4.010676782089682 0.3184357319608451 2.230509901380713 0.653780531272369
4.342951528713754 0.32617770424105746 1.5901199865619793 0.664743257734702
3.64707014545421 0.3474532979300935 2.940550985036693 0.7138223315811513
3.8719443971327623 0.33086314390721744 2.552088527021339 0.686719721926497
3.9389167854443854 0.33411529615942287 2.439253662112598 0.6826821786946591
4.597483910939592 0.33115080285470855 1.0591303945506518 0.6784712186864961
3.9616000162811096 0.3149465251751808 2.4250349130180693 0.6478091441821772
3.7850859745016385 0.2997090906340612 2.7568840220429314 0.6171407024111665
4.094971353329826 0.29848021158130555 2.1185764483067215 0.6198924423559722
4.204872772528607 0.291573645109366 1.8925610847635617 0.599283176526582
4.124297903551044 0.3229140863440669 2.07046352551243 0.6602441826322754
4.111316653449425 0.3619420897837048 2.091833815999902 0.7464086638854536
4.1358881313738145 0.3132833536421592 1.9741503426691027 0.6500834993366877
4.10620209180245 0.3187476964154887 2.097585990928585 0.6570441447240674
3.581552587915273 0.3064409218633262 3.175204939771401 0.6303709203267184
3.967246351914717 0.3334121007789561 2.403237771796981 0.6872821477146948
3.595848335657794 0.3093854053392183 3.123178249829863 0.6382467284196524
3.5092790320905545 0.32394351068902844 3.2824521826089534 0.6599373045147808
3.8039669550250315 0.3237981102992561 2.691167892003606 0.6649052681881877
3.4565611075287856 0.315752761187269 3.3350309083688465 0.6506369459883546
4.043778885655163 0.34861887370601186 2.2079643380977885 0.719896222683284
4.052120660194451 0.3236827798064469 2.164785269118278 0.6675450735067052
3.8150802651870306 0.3180452028077258 2.7020441538158337 0.652651080493378
3.111392223899167 0.31082868742999664 4.145588815708356 0.6440860144871803
3.626238740434559 0.31351933669348286 3.1251492213571916 0.6476041781227038
3.802119964856155 0.33903783550321015 2.690875993630107 0.696709594646596
4.022191116450699 0.3309869864585538 2.2483276900368176 0.6827621860167445
4.023546602999746 0.30583549617953787 2.3141720503148715 0.6299059164428199
4.189381335081279 0.3292694404538621 1.905165106917598 0.675832369309071
4.169800060769708 0.3089597940125342 1.9908721230871809 0.6366482754773419
4.068790224889686 0.3067824951801146 2.1672026255504324 0.6278142264677793
3.7510012974018894 0.3303637332284344 2.7736044059281606 0.6776421169732687
3.9850454602435033 0.3303104323072071 2.3249004909128104 0.6800806007151253
4.212403539506605 0.32570079717907097 1.8504365962919882 0.663301293246698
3.754403209718533 0.346003627637825 2.767283366034409 0.7094817757389592
3.4975264668630532 0.30401204424226214 3.3983893646455634 0.6250604533746307
3.7682830957760904 0.3404880381225921 2.804339201702552 0.7051769780133953
3.751028972788882 0.31929367833949157 2.8231511780285743 0.6573263725511977
4.170115278388407 0.32765483778406723 1.9987692017665752 0.67580929009993
3.9304842124640422 0.3133815467633352 2.429599110443605 0.6393709032561815
4.11166981215736 0.29280711747033855 2.097703062858156 0.597001505783285
4.014265466920076 0.321650695219254 2.254295555805503 0.6582970861583223
3.9375329250812863 0.32028566213155707 2.3993389053427485 0.6621677262216993
4.083249534320063 0.3123642880505655 2.107185711106446 0.645942790464242
4.232593656223631 0.3007825228171014 1.8202886389646493 0.6206737073192709
3.936705017491576 0.33100100230042856 2.4383341054940244 0.682155159849314
4.2284341525331195 0.330539438580991 1.8142175794864008 0.6713941901738022
4.0390527314391464 0.3103989181011993 2.1765081646842743 0.6407642564721893
4.044307673803852 0.33160036262511394 2.1876329613683385 0.6802743143563532
3.811256879047448 0.3147477429077218 2.682450473766647 0.6492319201623964
3.8968293202872664 0.3114299800076109 2.449645019893385 0.6378999358039713
3.844601629144832 0.33355941937189854 2.6009109365807155 0.6852926252237561
4.408500283320132 0.2964750764186481 1.4897366450030818 0.6099370045452652
4.435744887442352 0.3137803826000046 1.3742227890884584 0.6450176445052498
3.626117260017123 0.35403936366261907 3.0092179806204866 0.7240357406606086
3.977773532002809 0.32442194965458826 2.3549119349063288 0.6711903432249902
4.264821665069966 0.3113028679366943 1.8391414514000468 0.6361962356281883
3.550763961831616 0.32196440834713413 3.1600160655450926 0.6578442058561007
4.019236258215221 0.3020705768515648 2.3480900015385093 0.6209901985033806
4.040067722163836 0.3342627658451787 2.2295739260454353 0.6863141466884615
3.7106087390459717 0.31791957182989655 2.911147109061557 0.6540674200431502
4.266385570489517 0.30963232447920536 1.787326880499894 0.6353749774124634
4.1323272531484125 0.3075308216458432 1.993694147683551 0.6354575347720907
4.420146142969562 0.3378598676633945 1.4510957139204572 0.6967962241043505
3.935211060704397 0.33082627605393355 2.415095676679659 0.6844950037697434
4.027794922169943 0.32750082725889357 2.2095552388823787 0.6731376674257503
3.7644430558756135 0.3196346307235282 2.7820178688630657 0.6616926181739697
4.3306995530198975 0.31477690550001564 1.6327115994399675 0.6450102603484524
3.6990911223925504 0.2993890909453441 2.9433036224386933 0.6192637455825735
4.232109965884039 0.3334710675078149 1.7742043917129515 0.6833235365714675
3.9055271520478723 0.32145332165402796 2.4799819283685576 0.6570799372777267
3.911927470071679 0.31368604491636776 2.4802507662498314 0.6445579579190284
3.917297540441382 0.3193309120863565 2.41291058378477 0.6601494443470991
4.185118165857866 0.317249028029377 1.9461004280731857 0.6548457355586357
4.136318053056142 0.32827929437448256 2.034205027701966 0.6746756452757275
3.9072567820012347 0.3174050135063725 2.529039445398454 0.6494475417717466
3.966531164486729 0.33736562917994783 2.3436214224313936 0.6946573852402959
3.6706147543106358 0.3236856488130897 2.957323775910063 0.6672426979939878
4.102786041875982 0.3387208829927752 2.110260387516411 0.689822325927386
3.808876704039494 0.33249262142754527 2.720183025489008 0.6900629254598234
4.049271697207872 0.32701075529523704 2.1970914801410677 0.6754404933261242
4.558771475620292 0.31996263924120516 1.19161838433411 0.6534455779750807
4.01600988037417 0.291815298903922 2.1924125312329155 0.6009790484265601
3.7339981607787083 0.31324885282708587 2.828547573866639 0.6434424048591298
4.038455724634365 0.34802088784186525 2.190654593816283 0.711503440014933
3.9576209869456997 0.3105764324245501 2.368143789102284 0.6343199125899959
3.9394415350595238 0.2916927351096023 2.4643065784706173 0.6001026405617057
3.9028210578117477 0.3237819927226459 2.4985226362777313 0.6659065352612573
3.83676233327381 0.31491568659761454 2.6305162747051845 0.6410463790965812
3.719217759518695 0.3163064275772613 2.9259742242435873 0.654375412245338
4.016000746305419 0.2835160639924796 2.2677912192992835 0.5843037426645251
3.8312887148395314 0.3062060913955601 2.6496682547422257 0.6262230775188043
3.6642657768225995 0.28894464922574586 2.9393400645889107 0.5896005815698825
3.710974283330212 0.3322124522768953 2.8549911980675136 0.675315898345458
4.066546970231991 0.3405729775650324 2.1684953929748345 0.6956595471988856
3.7821818884188647 0.30958398704904394 2.7424690536775964 0.637884103295181
3.5752552311769854 0.3309736514937402 3.2082212795877023 0.675865952551104
3.7157632444354896 0.3216498463096288 2.817844119415975 0.6629946291573094
3.8895751031527563 0.319627286528765 2.52636563334644 0.6594834835097173
4.019726878624935 0.29991618241824947 2.283908576252087 0.6200102773527081
4.092231312796929 0.3153930079251044 2.150019408192569 0.6510087011206591
3.981429960204201 0.321067797642857 2.296435896851222 0.6638338714864525
4.2316011750227265 0.32936083949200223 1.846428051245379 0.6805887708165286
4.082863228941697 0.3083404729213732 2.1329509337813013 0.6380958706894954
3.580147692220644 0.3328683328707212 3.183558409352302 0.6920583314566504
3.804374005026626 0.3085224938153968 2.6726850846963526 0.6330740850067224
3.9916707473803434 0.318001779106407 2.316107657419332 0.661116653098513
3.8465749531750397 0.3238463106964514 2.596690001570508 0.6656733817366186
3.6886029069436366 0.3235490614364317 2.9554696139480194 0.6667603186860784
3.937984279858397 0.32973339703224014 2.4021237305864154 0.6699967091918788
3.66976212153694 0.334439394673085 2.9394080272351655 0.6841452676735208
4.244169832086667 0.33116134023246596 1.7781859365880623 0.6815950135638973
3.897103591190959 0.34136567195722045 2.500994866010486 0.7029441103428108
3.722295471139618 0.3160027046228424 2.8693150559189595 0.6488109577690971
3.665478079815283 0.2977053472156219 2.948235447633605 0.6111992133206525
3.991530236302647 0.31452282778251867 2.273830891537111 0.6448252565458058
3.9199406847529827 0.3194559998643617 2.5042079625853533 0.6557452463248725
3.5512476083239144 0.3071531998362306 3.251278759591732 0.6275956151846585
3.9806926238632396 0.3106626708892006 2.434134913096818 0.6455629478414247
4.307437801286044 0.3103284578907367 1.6466246648618936 0.6391149370384283
3.821520906155044 0.30807832331734275 2.6150125737843304 0.6316221568708061
4.062494932153012 0.3325855740051608 2.2044586907052786 0.6805089176371202
4.209920196124699 0.33690968872714316 1.8635082024806233 0.6824959019690994
3.6995476817124153 0.3118878298879716 2.898301209071473 0.6430279736851434
3.9903256977414987 0.3253761112580626 2.3327182542144937 0.6713949620354764
4.244008778087593 0.3338327077936508 1.860008613739068 0.6859084072194144
4.043169239714957 0.3101929816694483 2.1891976460608262 0.6375378304258186
3.881822306448199 0.32836610269719113 2.5737079765099455 0.6759490946446184
4.051334784409902 0.32668122962085544 2.198434911475272 0.6688172693107235
3.7860706034210576 0.32339509044241566 2.737025571487964 0.6628887987499282
4.212222558800754 0.3346159996707369 1.8590389347145893 0.6896213873632395
3.7830620827154235 0.31244072600732253 2.779826276411086 0.648624116770191
3.969293791715134 0.3346450046628128 2.336532813340148 0.6864505617353472
4.160147125915378 0.30130376116028507 2.049424080094311 0.6209660221852076
3.7723308616474958 0.325977985407314 2.7292499315275727 0.6675640884468995
4.272976540087415 0.32377026725587515 1.740519046831867 0.6641745593581051
4.092938893605705 0.3307170733049574 2.0942548034534907 0.6765986674784028
4.057867120480921 0.33381575126700364 2.1493217628552426 0.6844093565179921
3.724475534498179 0.3322699342663427 2.87259616575266 0.675580543959785
3.840650980849224 0.3063230954852323 2.6209766533510503 0.6310693395494846
4.1096319408725295 0.3102974584315288 2.0615388815423916 0.6363588914460532
4.11378992458652 0.3074527434434195 2.080936946476686 0.6283905657583955
3.9892404520774907 0.3081219474848588 2.27702443842635 0.6323897892814601
3.9852542901912007 0.32015880799864 2.3913798595808355 0.6568531571074744
4.310973295546287 0.31873730595970823 1.6800468395823813 0.6586405751506095
3.8532066708299997 0.30965393162831334 2.6542953359110046 0.6293247676099664
3.83355223979645 0.34917142541724727 2.666860306510925 0.7132734245334507
3.793835346326146 0.32052395705243464 2.725129237667348 0.652329079317347
4.171263240608981 0.32405142535037923 2.0099299303145326 0.6651310271792132
3.793676542128561 0.3321846397754715 2.6855634815628537 0.6777663981794945
3.7372522271749085 0.3216901740062583 2.8317095977364577 0.6589796957502383
4.269350158340411 0.32315297318001757 1.7312967575228893 0.6615780193403997
3.9923251140199945 0.3074065953675013 2.375136270003493 0.6309334071764807
3.9095871208066377 0.3225328041569572 2.481974047554833 0.65714835195166
3.827504675147658 0.300222856360077 2.6443613820234746 0.6177058326543478
3.936859695155939 0.33129215933373535 2.422025905573104 0.6819355592063355
3.8188585758576594 0.3182143093849347 2.6482466633846125 0.6627539218636094
3.8880278208410877 0.31340832384503514 2.543196873670043 0.6490659900078077
3.855763659850868 0.3286749497015565 2.644787158614148 0.6694099062823817
4.057285432207703 0.32118226671883465 2.1805831228751864 0.6629294494214457
3.5733741565035304 0.3293861380469956 3.1606426227683952 0.6769934829925209
3.866453297146639 0.3084029424082578 2.5784834249093302 0.6350868048901528
4.017539101335483 0.3141216406645389 2.3330654188210467 0.6432398587934772
3.896260815025961 0.31791559340958253 2.4936092512600894 0.6581377930147896
3.9005964243053888 0.30680977937957393 2.5009166433961876 0.6282184095349193
4.164151317420151 0.31411448020944593 1.9457036589489871 0.6491325759426543
4.063045615993354 0.3158503291936904 2.1682977535639725 0.648913070304085
3.8773429726482442 0.3215093203637969 2.6085878719858417 0.663493294227058
3.95959728268516 0.3092769186634992 2.3550861496841162 0.6347407189780828
3.83782016945322 0.3297977108370971 2.678857890874718 0.6793847406634531
3.8528067293981705 0.2937283190516939 2.674380266900979 0.6035767287687364
4.005099106226416 0.31443995423423554 2.2860657458938087 0.641661855231144
3.4964181560312175 0.3249357150404302 3.3053524169505906 0.6687251985067207
4.188892209100161 0.34135495806283916 1.8751016717153273 0.7022523507093078
4.1966718082769745 0.3120954150204729 1.9486447463588479 0.6473782939813079
4.262285448650186 0.32635664836763384 1.7616062976906635 0.6691115706507325
3.3695260407685423 0.35039082783460074 3.5760497188898084 0.7104081477182027
3.9105349065702475 0.30309361128883305 2.4419340382451127 0.6200316463373776
3.931922947397987 0.3002193885039047 2.460903567573551 0.61757673917621
3.9420959959721538 0.2970829413107702 2.49763510688856 0.608124586804999
3.7391687920571313 0.3483788785906284 2.768088470065952 0.7184463112535288
3.734090090940403 0.31754906274012806 2.8349895608115987 0.656638367652945
3.851852118504646 0.36669853676176145 2.6647775787159858 0.7489316996677754
4.180465127705408 0.30908068614432693 1.9659144296359536 0.6335315561206903
4.149671363460541 0.3110074129839621 2.004927446986777 0.6419113892048268
3.8985941700142135 0.31440606182548275 2.494750206790162 0.6465358780702934
4.094339632750817 0.3113781709029435 2.1433570543369522 0.644899412640148
4.122295288580657 0.32164419842397357 1.9864092997495462 0.6605425377433867
3.765361091231383 0.31955336627807035 2.7450428480257725 0.6606731276760403
4.275635375443811 0.31796169253813183 1.7140669452831956 0.6513068686115685
3.9462352157314156 0.335080080410901 2.3846688303298005 0.6848063794003281
4.141598831934145 0.33407486674340403 2.0465626748572703 0.6847529834907583
3.6996209099885284 0.33625350543629406 2.8536441285063603 0.696256239935729
4.026658426210693 0.3256913445201803 2.2147550445688204 0.6673175955902482
4.230406797452114 0.3270765711240982 1.797163340181315 0.6803984783672693
3.7869347747352387 0.3421151025885471 2.7197692413116834 0.7009308121209245
4.548152661368706 0.29666969710898045 1.1767269261321767 0.6130247624454456
4.0908176351741385 0.32689406912005486 2.1316685462724267 0.6729223104989053
3.8428160984582265 0.30519981300596305 2.607090657232999 0.6327404052691026
3.9543750035354384 0.3153055043696209 2.439410469840694 0.6468716300419735
3.9343486095020017 0.30951986948735594 2.411215013761667 0.6373395669219987
4.1002201211757585 0.29502257022194833 2.0508331875148738 0.6014999946425799
4.062406045018616 0.3339075322514926 2.1697538785850035 0.688138394819265
4.287107804431033 0.31852127903099536 1.747016638043188 0.6528473826336381
3.9598705878005087 0.33932056656118986 2.3438647653461433 0.6935283735964921
3.678378173663902 0.3115290730790566 2.967857863871385 0.644737063629623
3.9206569441983996 0.3402571647039097 2.4689842586683293 0.7024298513624827
4.271827515794093 0.29250205722150335 1.7192938591496278 0.5985525993231258
3.8607030016926447 0.32125167928806286 2.525782339618957 0.6584906790417869
3.9628953481258726 0.34721676033386595 2.3945230331843805 0.7117154566090205
3.7706210007231364 0.3067306393624091 2.8025598302021932 0.6288434916512737
4.1117936424531 0.31705583611533866 2.1116888978838535 0.652174004356631
4.002625650709744 0.326712343035114 2.263042565343248 0.6639350113725787
4.032615953675334 0.3192092572033 2.274778257954889 0.6525665364581674
3.554901294555283 0.3195476729350473 3.2315776568969614 0.6585914811703169
4.033398202267788 0.3181397682607162 2.2221243430573345 0.6582806339921177
3.7059372288236405 0.32400479757408224 2.9158528541414834 0.6688834725849911
3.823602378477968 0.30816120385187135 2.6478707612144436 0.6330833121895453
3.8456088396756387 0.32849705090349324 2.637271047831841 0.6792797671657362
3.9879024807247436 0.31493259610682073 2.398659940314661 0.648111667722544
3.4533049501755535 0.30980425822817503 3.431724119041949 0.6376719575850482
4.110863736621262 0.3410760587473695 2.0472869519230477 0.6940353305594058
3.451677901091004 0.34361934801499816 3.477847204843875 0.7069845034480828
3.763210819521669 0.31736931002650903 2.8132879934054134 0.648376468225348
4.204438505812033 0.32855074408905066 1.8100069202014588 0.674363463585048
4.1042055186433535 0.3195273566757662 2.127316134046768 0.6519009048939532
3.5482035655030852 0.33733334191893116 3.183959636844651 0.6980295085026348
4.289317785879312 0.3185696549781515 1.717709877609538 0.6515290976055905
4.299104933592248 0.31477777334435325 1.663500484932746 0.6429229654527633
3.7628200177443065 0.3083990121730132 2.8197602083245505 0.6335767829977423
3.8941397916417424 0.3291754147180053 2.499926509642851 0.6748342532700682
4.201581468616565 0.30795970428757424 1.9164546006303036 0.633909211921279
4.0723581873953325 0.30533216661813317 2.143165670705204 0.6262388334334017
3.850120884415028 0.3147931336885839 2.6308168057655865 0.6459753101383398
3.7005085326415226 0.3030887960324763 2.9508673789797566 0.615881163680321
4.125627643752306 0.3363580870124561 2.0300786177194206 0.6882542015862253
4.178149852730266 0.3237092418553906 1.9360772785279319 0.6679983377468329
3.808400631057932 0.32170820911874715 2.6917922820433295 0.6661347686821492
3.7936563668775882 0.33267514469650245 2.7493548367815404 0.6809813143029029
4.155841378493474 0.31194256794985387 1.9710218409458369 0.6465751412610702
3.7087507056448192 0.2945821866745396 2.9126024747667505 0.6047107398898818
4.229412950408907 0.33505667532869 1.8758811756042588 0.6901646864041847
3.965456507723551 0.31049541609081044 2.3937280033303034 0.6405257131735301
4.343821684501345 0.32461802395050504 1.630914630717199 0.6629616198350806
4.336120345605574 0.3088262302997172 1.6378687772448686 0.6346522552855588
4.188810552853382 0.32551217079545197 1.8925186833221534 0.6696758499333821
3.6458150878498006 0.3021818178375234 3.0799812879670005 0.6233323090986949
3.874901431887513 0.3467144199546511 2.507011307521893 0.7064778403088284
4.052227153779738 0.2978880267519493 2.2034372744282997 0.6136922031350479
3.619289261670028 0.328435659469897 3.06342020098503 0.6758075661055307
4.27421772420977 0.32501447562955854 1.6934525496870139 0.6648717045143547
3.8518416337390735 0.3049010968157508 2.6125941775124026 0.62525414299056
3.967962843440243 0.3176261334303176 2.3721168160335964 0.6556842103967723
3.930079403954167 0.3185993792301308 2.467104732996738 0.6488579530344812
4.040603959590326 0.3105800968442791 2.26774677087734 0.6369852010954543
3.3574186179327263 0.3112190815984482 3.669006377344009 0.6411654108156087
3.9879810333610832 0.32721119152067923 2.3213111465484877 0.6751456420998259
3.788534624714081 0.33288334863957303 2.6835463949165836 0.6836321062022507
4.117564037160138 0.3182420567694137 2.02101531369387 0.6509232413568379
3.8205797401822323 0.31105622361838975 2.6439037184117757 0.6409328259308992
3.943219804373247 0.31902992442366884 2.429517566046329 0.6556991218139324
4.048351709734619 0.3147773430063414 2.1863650777561006 0.6481999880861927
3.6305730975732646 0.3195385526908815 3.065500658125896 0.6537493237532153
3.9011793979026477 0.3261184274359711 2.5540588413286693 0.6715048056842048
3.709992683674785 0.3128426413350402 2.7883715382269005 0.6395515588927007
4.13745502750572 0.3241720412577925 2.009442390391408 0.671358878787628
3.946145548891047 0.30253097931945355 2.4242104957509536 0.6197579752762823
4.082215875160735 0.34163719701281003 2.134172714911118 0.6969453488894031
4.599684789464508 0.34993902172624314 1.0227221481560145 0.7244179942777157
4.193868881118441 0.34607516506347524 1.9257473978331132 0.7117642574031081
3.637612825112965 0.32473869807648775 3.036234242551898 0.6661344513389162
4.079882515673917 0.3086084740300746 2.127938919658149 0.6297917254324844
4.107471184074984 0.306010541454858 2.1106661595763248 0.6270787265916682
3.883741855643908 0.31225810024091327 2.4880035851403877 0.6418210912773364
3.8517468839837834 0.33498171166749957 2.636538167114063 0.6926746812652768
3.4813528838423884 0.3044180332382341 3.3312957642233947 0.6264660775377867
3.92988580231835 0.336950064907336 2.5143266854041606 0.6917546966764351
3.7282770202155886 0.31092931371870425 2.9202895355988767 0.641583941855448
3.686144127318831 0.32467938403873753 2.9982550226155045 0.6651241082229575
3.986232106041276 0.3147032110939764 2.3664772183035265 0.652500022012842
3.8202560935034837 0.32961796420641376 2.81012738793741 0.6845736749312342
4.364068786441457 0.29285526606345375 1.5517380224159294 0.6015646862437296
4.176618770673871 0.2958016050548245 1.9248132590460099 0.6061557805422353
4.153271681605366 0.3185348507985835 1.9908923911610699 0.6527068427409806
4.435662316565315 0.32975754543468877 1.3266142948694593 0.6771139640494774
3.72167230181734 0.3148045723193958 2.819772615495178 0.6498219881267885
3.8465714186287663 0.3439318716325002 2.585110051109699 0.7102928269861536
4.454878845997504 0.34684722565632575 1.4142868143619072 0.7120942475243959
3.8698853968137317 0.31857400645140216 2.5994082988649936 0.6569588155254015
3.8593085740256186 0.32354070787564115 2.515485385759073 0.6584975655235118
3.8305660306614726 0.33074086811529496 2.62607909263204 0.6815060103432208
3.6893714428757343 0.3418624785938183 2.8855466548607653 0.7059894554670909
3.992510537226453 0.32651814165232884 2.3371176717915647 0.6696243021711686
4.036196827100874 0.3003955027198331 2.2189379678322196 0.6219157298233746
3.7913000165711366 0.33669933298608146 2.8022007933711763 0.6925534054669185
4.088087838089393 0.3295180108200482 2.1071482551338283 0.6759760919040969
3.7580493560235815 0.3045616853856549 2.813056227008894 0.6263616620664512
3.7229658370864565 0.320313012877388 2.876910265816283 0.6596038081993906
3.694357758689864 0.3372985662852108 2.933859445529248 0.693775372981322
3.6709783992949205 0.3253896704275854 2.97009647125836 0.6734259357124793
3.9093049302183847 0.31978639530174363 2.489557199693494 0.6510735338926193
4.034068787310423 0.33415230417915126 2.2367684081321455 0.6941282202204615
4.1851125715233835 0.3335339056405825 1.928766057654295 0.6867866596963986
4.0486911385362285 0.3169585749391295 2.2478224755939156 0.6555165154503828
3.932507323075611 0.3274484469287515 2.4305915517660983 0.6728693481861902
4.158327920781085 0.31655096904768737 2.0181151223051588 0.6559350163327066
3.8744117057201777 0.30044935783875637 2.52476155837851 0.6179080189440547
3.638981139282814 0.3189508453456605 3.102193644000208 0.6516427243419235
3.888712632684189 0.3019225902563643 2.4820440799212165 0.6186475922571844
4.00306603346523 0.3242157666629603 2.3043921660186504 0.6627060411466794
3.684694335405675 0.30611587418643316 2.9527030039937783 0.6282664844902647
3.8983140638340745 0.329308240888532 2.484912585897276 0.6765267617897697
4.004831524946898 0.320077202608969 2.235829932751384 0.6598507737336515
3.869422641767086 0.3141173925429253 2.5405307276452804 0.6406485985420197
4.095005539335988 0.326363116840395 2.1339210029461677 0.6675967805946535
3.495545419298116 0.3274092256641071 3.304604627847239 0.6700241071582818
3.8422181869990943 0.3391556183958869 2.6417470941425636 0.7040004344846149
3.9802600656192215 0.32653878718203105 2.3215049703314694 0.6728182681124745
4.110192239545178 0.34282685839785215 2.030723536639366 0.7027927295806868
3.805734216985205 0.299651233712357 2.6473847928880048 0.6165911542703921
4.409687983031393 0.33461731172774206 1.3815732681731465 0.6906430845173449
3.9396479265785604 0.3140017750035151 2.428684197200747 0.6433769311701318
3.7652209838588506 0.31428965146290994 2.7524715816280763 0.6454272227311532
3.8847523963416934 0.32368275814477465 2.508328938255398 0.6687633341366205
3.9543542528085838 0.32004833275947825 2.39483980944981 0.6556157217412342
3.596679074189879 0.31032419891688406 3.1316082561569942 0.6355947704067
4.059558793752572 0.32779737832889005 2.1606806054575953 0.6708791044155165
3.9769644942190356 0.3135871362639778 2.2989795293757904 0.6367725037727748
3.837717177343155 0.31755620032272014 2.651397635931349 0.6508279810012422
3.6018441472073666 0.3129650998798929 3.1710724891269235 0.6438184652342778
3.956524667627101 0.3149082584543253 2.370967249086329 0.6405386740326332
4.1058295985228686 0.3428961046577229 2.080481781564194 0.7107264146558234
3.839141473943162 0.3045080245852235 2.6702601995288027 0.624987604662464
3.641192921077438 0.3237061750258404 3.073456781294752 0.6573058738532266
4.1737267181455655 0.33970171229690244 1.998000195382236 0.6971365043099259
3.9075489418222054 0.33104215891235655 2.487681725472968 0.6762747006484104
4.006304962080401 0.3398293025751589 2.2689021394320594 0.6912114723933029
4.282592651971534 0.3114761310651887 1.7153141291513232 0.6396160263733863
4.009751877323511 0.3173575474424035 2.245597280620752 0.6595222791147574
3.8926017264239983 0.3228228375975741 2.5370120647512686 0.65952967241176
4.159375928591306 0.330091492540502 1.9813716822801115 0.6843302130187218
3.878915173328776 0.31605155887429587 2.5672534484629885 0.6554213361515812
3.9091213626437797 0.3182796560364246 2.4696159408034277 0.6501642509603806
4.134136430130333 0.32646119954903335 2.0171950666781036 0.6677685305284924
4.104450491864872 0.32276990912333187 2.0524775325717473 0.6627423520030304
4.181064450243569 0.3306705640467604 1.9550427847381142 0.6854085916750269
3.949095366894798 0.3003010392780664 2.4117890591685818 0.6190450591204136
4.290815132934032 0.28867423128397207 1.7453549627500209 0.591606795181628
4.122468668126329 0.3034407582720597 2.0924440395869084 0.621380309243475
3.8986394178013697 0.3342681696786835 2.518403899789638 0.6888876685606414
4.361058558342801 0.33393524718717144 1.5552845888210487 0.6836924597399345
3.789944213138475 0.29779250141552777 2.7313335412628357 0.6058187051582682
4.120582343232389 0.3293681530034444 1.985673252682841 0.6714202210985087
3.9490804721516417 0.31961817272426474 2.4187806473949776 0.6590342755457006
4.116920308632529 0.30327435804051694 2.121392343670218 0.6192710637444252
4.161648786787441 0.3252674121014987 2.004659391312173 0.6701212508414868
3.7573897060119554 0.3128704060166021 2.8563148608417506 0.6473697918278549
4.256962643110741 0.30752777101611245 1.773493406353305 0.6323728731210622
3.5922860445813813 0.29047891206919535 3.1074385122732204 0.5931135110896115
3.822679870664442 0.33809505383869043 2.6938418993937883 0.6913977997956662
3.57248747299153 0.31758742176888116 3.1370183434095322 0.6570488671063274
4.036653323868979 0.3153545792845622 2.189288428547953 0.6442017431266724
3.7633875267318135 0.3078104745124585 2.827262336208541 0.6380541875361025
3.8396277819583924 0.30855032524904685 2.630996276165145 0.6354433588906704
4.083382884923768 0.3258903020959321 2.1211120831741166 0.6753567586708065
4.082691289995365 0.3244838801593181 2.094303236961642 0.6694093506222457
3.957521143898753 0.3127254025956699 2.416780527758828 0.6394963072154952
3.6689763399473923 0.3286622739068995 3.0258492947105284 0.6766897600475078
3.665105356939489 0.3213595679234469 2.959000055169229 0.6603585706878362
3.8277873644167872 0.31794116125109007 2.6657514254955874 0.6519786357025112
4.280548682957728 0.3243508735782773 1.7393047092531013 0.6650586176016543
4.0247411659476935 0.3476765027452293 2.2548023329729885 0.707599046425565
4.539582725417125 0.3380773474009536 1.2481822452265954 0.6899515716671796
4.457899867711846 0.32356353376513436 1.373848353398337 0.6696102042324139
4.159665398819366 0.3216418157448169 1.9906879035004506 0.6579275354095329
3.736987793027337 0.30736964474715445 2.79889314479484 0.6300335216394656
3.9556086043872565 0.3315542015870432 2.3614246570618653 0.6814015653863098
3.769611648173229 0.3112787548705073 2.7709254923107967 0.6407499679503382
3.9292767643382582 0.3512305068120297 2.4876538285075327 0.7229053149016804
3.898085246716573 0.33076418370351424 2.442758164734102 0.6799754321337868
3.61920897088652 0.3250013305743908 3.116572906742288 0.6756143894975959
4.038416738239188 0.326101482835613 2.1863267533363695 0.6764083367871467
3.752113294879554 0.32546739854965223 2.803703319016286 0.6719831383173956
3.8558238612163818 0.352168505176852 2.585801648161694 0.7269808395558447
3.8359158434317973 0.3255526317708157 2.6413957410864826 0.6730965873042019
3.6919232247297176 0.32176415858947527 2.9083655630949474 0.6577067315568007
3.9504782889730223 0.3084910405288398 2.3544987503727812 0.6314948543909076
3.872667135613205 0.34261834766615556 2.525500299142112 0.7073284939499354
4.1145606412703835 0.3376817147004301 2.084375322507362 0.6993982493342636
4.345712141647041 0.32738146665258927 1.5881396199445452 0.6697415464600092
4.061105056814148 0.3253027110015578 2.2030501861653287 0.6632727544541984
4.017311849975963 0.3172065023104752 2.254477363300852 0.6504209717347452
4.0835512140438235 0.327967760377706 2.125191646118041 0.6729282849596387
4.1267623392603205 0.3387731820984568 1.9559913285752866 0.6920905487172505
4.060465352350441 0.3457352330036464 2.1691044628379053 0.7075745079091154
4.022412149890276 0.3233792524738318 2.2204016144827428 0.6639620288165353
4.070218725801455 0.31544521605208864 2.231594679771345 0.6449215842342456
3.735757872727294 0.30188357552829037 2.833080961529989 0.6154411988781042
3.872529698414243 0.30962234398631283 2.5445259671548106 0.6312603590344793
3.9599435030864725 0.3202445994313769 2.3791876520490094 0.6550886173237314
4.15508650816475 0.3230240739920338 1.951895481499735 0.6634623547731054
4.135891585670044 0.3416128013154289 2.046667742441283 0.6946668960325069
3.8625272565595923 0.3158734782762203 2.6076289595683892 0.6541623828539507
4.074866745518747 0.3253072267064215 2.1475219262158607 0.6654699604823711
3.9403109722851575 0.3207174864771394 2.4075464055572695 0.6620933481608228
3.88004067800669 0.317219965169694 2.4889043779720006 0.6535033482429619
4.004123107642156 0.3233222462864124 2.296997330051462 0.6646512011028286
4.2462695851442875 0.3434306335410464 1.7649460589337465 0.7065069820275123
4.219861675362598 0.3180526696572651 1.8778811873420578 0.653687890786692
4.208716999312215 0.3151162910781778 1.9341026096487681 0.6461639539244867
3.812797748664728 0.3461649199695271 2.653188548977356 0.7083725128654873
3.876707228467766 0.3081325041251281 2.5173455489939363 0.6308803189118068
3.5774067492078583 0.32534998332138393 3.17930026813445 0.6668261554674011
4.034627174468507 0.3060395867023291 2.2129695527093354 0.6286980587257264
4.043633137519819 0.3118539475703849 2.1771320514331203 0.6463596641267872
4.192250602733061 0.3043097152379813 1.9065812540768925 0.6265015572041773
3.706572383014099 0.3164039970252737 2.934418885824739 0.6506601445689605
4.044969694662512 0.3309988655880563 2.300003183157126 0.6768023995633129
3.696712166929884 0.321581969191081 2.981841499046992 0.6586899598254552
3.837338338620596 0.3266902798061772 2.630265367721294 0.6686891903913877
4.160618407159548 0.3082160644626126 2.0215434996618162 0.6285591475241633
3.68722102642216 0.34325983917036684 2.941789565501721 0.7056728308599898
3.7955776066100713 0.3189152699087222 2.699719712718557 0.6519731283303136
3.997892344449744 0.3303975351141359 2.2873185141886005 0.6789860798788598
3.9153499945087455 0.31957623392752116 2.4946536576592178 0.6600339245480831
3.966944260242858 0.32970971843324337 2.436591469238018 0.6737288955140279
3.63007482444173 0.30993857836947025 3.0882872621524355 0.6346416477123559
4.444944020653794 0.32101453450029266 1.4373751547141909 0.6548714562973831
4.209761409399548 0.33389839673696925 1.8992927388442944 0.6825291651029081
3.867319019337673 0.3408967474206933 2.5760118698966066 0.6988283820172533
3.7946293022579516 0.3030756440759938 2.7292750236148366 0.627485345451479
4.144559645951105 0.3395131773891692 1.9897577211020765 0.7001019988071381
4.025046478794879 0.3211921848176914 2.258752224716394 0.6640912235953058
3.970699554690157 0.30304555476270195 2.336842117547292 0.6161808798878597
4.519112867563765 0.32075530726071655 1.221374241857296 0.6663007759419801
4.096141807858865 0.31706411688970304 2.0992714983431267 0.6453895523496367
3.9342930084834418 0.32644548747617214 2.483338104653244 0.6661485621600756
4.1172533133263185 0.30985411139586216 2.0296652705456477 0.6356149201278304
3.6887955904461736 0.34142211673784434 2.9565942426302145 0.7020758823412063
3.9653179295123024 0.32623396815700245 2.4146312171586146 0.6723532073321556
4.2707437671086925 0.329843368124129 1.741332327947409 0.67625264563335
3.7834831117751815 0.33431650872766516 2.767074881767524 0.6848379680593938
4.3982670087342886 0.3028443139121177 1.4712146166803424 0.6241395111784299
4.181077663968843 0.31655700386315094 1.9230218338513538 0.6467529852215483
3.7744532854356803 0.32370905086055596 2.7340114882755815 0.660439778249362
3.5091688252240205 0.3318407531125074 3.273025509952145 0.6798306627191082
3.6507902802694625 0.32447524430934843 3.0436530985755406 0.6728676668296253
3.7827145868389973 0.32165292150514607 2.8289175277440215 0.6602362683488205
3.8334574780103585 0.3246067111109351 2.7024265631180393 0.6642252274985666
4.163831364677126 0.3132228643019905 1.9359689571593373 0.6444947998363926
3.966182353269475 0.3120373962756037 2.3927218445304774 0.6464826510800034
4.290090437689065 0.3012657543046758 1.7100638604886649 0.6198301680227166
4.013739715914801 0.2971570518390065 2.3310152023402644 0.6122175898836871
3.771363212167677 0.3241245094826042 2.8038979150781573 0.668263892683673
4.175945393340289 0.3326209763139523 1.9523907146019064 0.685484887889201
3.6945558482922056 0.3171454584600431 2.911949256402661 0.6549682194164088
3.9183631545784827 0.3314757621844515 2.456286576909768 0.6836375240856316
3.843689836653391 0.3281081971548679 2.6325768571784494 0.6787960342980426
3.9361583175677404 0.34351179730389325 2.371064120163083 0.704436573641426
4.150928471115684 0.3190982925185228 1.9999193828816764 0.6520765505138176
4.282814787046785 0.30730338052939715 1.6649162917851243 0.6323217917134647
3.9178986260140345 0.3058052582799564 2.4506208176340163 0.62674369503373
3.808508733802846 0.3278591330649349 2.6509742347031215 0.6682000512085884
4.106957071664254 0.31480353834488023 2.0713515125661943 0.6448915118072749
3.9975475944609387 0.3303790960140865 2.246453449062333 0.6773559511798471
3.888774618980314 0.30529099783649205 2.5588644199778345 0.6236007126360613
4.152293937576797 0.3113396826302088 2.0095253151296646 0.6371932712351208
3.81726296179858 0.2941177836454652 2.667463516389539 0.6064784460208021
3.5382237949143085 0.3454939907650101 3.267734099600003 0.7179446867219673
3.549644959365821 0.3213319339690054 3.247459711147015 0.6659638644516807
3.952268047420019 0.3074322429410795 2.3651710924264457 0.6334094805574403
3.9128856638871787 0.30627381397337033 2.4831647000331962 0.6304376720664207
3.8370691304344513 0.3184214481239935 2.5896873744863367 0.6593371549858633
4.144773056216694 0.3019450449566655 1.9922012058481036 0.6253754998500664
4.136736196712155 0.33129249469661004 2.0075581088684067 0.686509997164915
3.754006600524291 0.306894288775439 2.7843763436728413 0.6294020595009899
3.72402347311962 0.30020097472469115 2.876045357220394 0.6150155417587024
4.094669049758144 0.31509812810860643 2.1245767235821695 0.6470430800358254
4.167645388680803 0.33386329871687315 1.9528865028537055 0.6825328975534539
3.934452711561369 0.3336920845372054 2.4262933558968394 0.6808488218024299
3.7852053555589356 0.31884409444432077 2.7457060557001514 0.6581142410866173
3.7308856371284747 0.3199251769646844 2.8232292078003205 0.6574656360782478
4.151000965158698 0.3278983909048294 2.0169400980167334 0.6741068702581454
4.115322349723666 0.33968999974749714 2.04153186166819 0.7013452386644423
4.0001390741718446 0.34840292054619587 2.293764338993922 0.7128081882392859
4.018384242946524 0.309422288988124 2.2525056344569165 0.6397052482329887
3.870046813228095 0.30661571384301345 2.5509063743093208 0.6300370169956666
3.772049013579161 0.32383911367819074 2.7261430759593797 0.6629760688150925
3.9623627068856937 0.34184686531791003 2.395720885825233 0.7053266298769808
3.7581486148118386 0.3593614636367667 2.8135824252451815 0.7350957073579913
4.074346401770774 0.327862529358964 2.1327154695590047 0.6812254136391225
4.168497337910259 0.33575341162795996 1.9982266574708094 0.69333157219435
3.9931164790390223 0.31569572466710444 2.3111951705396434 0.6431407217819656
3.650023343369152 0.3308211506408393 3.0203770989099246 0.6835989845842732
3.829378603007771 0.3366683160806317 2.698908880356938 0.6901262460354792
4.051155506173178 0.3327537232062677 2.157282317915022 0.6818977839023685
4.197769653077333 0.3158710984617526 1.924410780384289 0.652650267820961
4.013994272266824 0.30796593130626837 2.333612938780105 0.6340143808136106
3.804353879450884 0.30422746434702114 2.7223061542240856 0.6276091396271591
4.054017377659538 0.3256179281378259 2.1652136695651905 0.6743628206889183
3.8510245422679907 0.308851100195919 2.5729458032302848 0.63619144896666
4.2261177540564265 0.30680657973088715 1.8605854173589165 0.6238523309161065
3.596535615207067 0.30640988930755186 3.1507480555956624 0.6348972092904537
3.672651024091163 0.3136999436485105 2.943681842937015 0.6410188489073613
4.247151497609844 0.31741725786789443 1.7342240580279107 0.6476381090380642
4.022480500986168 0.34334147603147724 2.242225090202004 0.7017681694567962
3.7822701688510074 0.31112557581055966 2.753526687455267 0.6412376794627755
4.066526229913011 0.30746830542229286 2.1383965198380723 0.6310783110926195
3.70655724511447 0.35232011116721906 2.9251100746713132 0.7242375524661713
4.025301813340396 0.3136733147461284 2.2463824025514327 0.645895967628658
3.9235087820988674 0.3258883705772555 2.441471625967013 0.6661625462111308
4.007900278742117 0.3535268509039922 2.296141262382793 0.7236600266943203
3.948385645018592 0.3006255002869977 2.362645405038961 0.61933806878276
3.935034549919954 0.34602559239234093 2.4442188003679357 0.7121553085961353
3.6627113103723037 0.3024802826268703 2.9888867448875747 0.6228252064633854
3.978275233995988 0.30234179895483987 2.3630630873300884 0.6213246023063971
3.935912603387716 0.33963879549939824 2.4906285645461494 0.698629101623738
4.029662594811821 0.3126459298587215 2.1987987719400675 0.6406360962142315
3.710204695216294 0.3314428375698596 2.8664614621874693 0.6834666829028131
3.9679120043117813 0.3264516251452414 2.3475005299023195 0.6726149506846794
3.7370287982853974 0.30631339986433964 2.872146334332431 0.6274386777535433
3.8521675127819064 0.32370674355299367 2.599078262044187 0.663343823257555
3.911431617040499 0.3384188281803338 2.4998404309561364 0.6969888228762748
3.7489526194576004 0.3097877003649361 2.7874789614708018 0.6380063690817627
4.051804396638365 0.33672726286856186 2.2204933681762418 0.6939741164582289
3.9760185565783237 0.33850649537639294 2.386068053932245 0.6940629738935711
4.211179830216555 0.33411441840193895 1.9078002557711056 0.680414219765393
4.119693135617933 0.3563113561245927 2.0470949226979345 0.7319056265937913
3.9172991117642795 0.3134325811157711 2.4800792788493276 0.6422274921934278
3.7507175824240613 0.33143107638825736 2.8281313150028096 0.6826479189777296
4.279833675601921 0.32739638945198923 1.7575583637581933 0.6763246180398943
3.7664939736400265 0.3148987067305113 2.8209809746802033 0.6551068206214603
4.383176044495893 0.3385891058302967 1.4921108301180526 0.6927028169489245
4.006228444549478 0.32605314231663046 2.340912095374338 0.6707466521528845
3.7495100115372444 0.32205526647328786 2.8670528528182797 0.6543873885827691
3.9824202546048544 0.3363481185033541 2.363830477521013 0.6934358735091577
4.001479663525452 0.32510211543010137 2.320632382437579 0.6695529414732653
3.925858349291741 0.3058439842500727 2.4491535763570678 0.6306604802644727
3.8271228177821426 0.3465010792761473 2.6413163973888194 0.7103751141327169
3.906283037204359 0.31784029677125114 2.5239154982956755 0.6545450868748965
4.003199151533968 0.32288563708480644 2.3191127581565327 0.6635685329551073
4.1320910818553065 0.3201432102197206 1.9756684689587325 0.6520932541964233
4.275488583441842 0.31604414629917116 1.6977585163881 0.6475736287333863
4.161420881680435 0.3356794377743775 2.031978655377132 0.6867072016467948
4.1767449493757915 0.3401484506429043 1.885442477709569 0.7012644649999721
3.8891167753468 0.31441686981616096 2.5410710506229046 0.6400417306382654
3.879724211872561 0.32944198515046813 2.5528477256399142 0.6810764200294507
4.072271517710824 0.3075200117688654 2.1605489462636234 0.6336231868888353
3.990909294300466 0.3424068104258624 2.272203958195103 0.7015622421376091
3.5810333281949336 0.3095297584156643 3.191485539230258 0.6391732589297415
4.052886296142573 0.31706935473028514 2.213777718477433 0.6440643262318526
4.012033596358423 0.32744895326378387 2.345770155303363 0.6724647734791758
3.9840646106467754 0.31228253892392693 2.346863049679385 0.6405146972514933
4.327072352906596 0.3428255262542198 1.6213843744647713 0.700374725895793
3.9260560752274447 0.3263506459540756 2.438800469040496 0.6696320820630555
3.9464802544166826 0.3214591776479348 2.367433685292585 0.6666325484707154
3.7586991932377227 0.3225471187419054 2.766817432937288 0.669738030507338
4.091134403184435 0.3588922573663173 2.1398990342255875 0.733595188579846
3.8782303996113043 0.30847620152816074 2.5944489366789565 0.6339803528080571
3.959843940423213 0.3211306150556418 2.3325172537359355 0.655121462104026
3.898125350014512 0.3303444812023759 2.49829094085964 0.680937722190292
3.82506074795422 0.30549731924457335 2.7320612364552104 0.6268528212317869
3.8216313644298876 0.3151717352279431 2.686462684341798 0.6537644288611848
3.7839174900327603 0.3160516000832554 2.7520933227248463 0.6517790128537712
3.9259187662803363 0.33011116384166705 2.4541412615479468 0.6757220487841419
3.7119712137012693 0.309596866814104 2.872683822719722 0.6367819679048217
4.203493416385423 0.3324140030921124 1.7823958285348445 0.6869494217110562
4.020872358915264 0.3297935030861513 2.239646811889984 0.6729195624400209
4.11684086123761 0.3554896805646825 2.0552590520777674 0.7382003515955459
3.9482951705529654 0.3224912345272009 2.4302908095580804 0.6612281750415152
4.194638451864681 0.3311543990593032 1.9278276747099041 0.6816604600546126
3.5194540478813376 0.3064542570327318 3.2930787340457934 0.6309400364495014
4.026912299121777 0.3257070151869868 2.2914050048746715 0.6672085271471746
3.8638125132763825 0.33387980431206987 2.6349099187268905 0.6846403117610301
3.8982716101348647 0.3368053343287774 2.4566040953437707 0.6895957755988128
3.8167313135997993 0.32454295839324193 2.6583867006597557 0.6651299044064674
4.01707478499545 0.3158078565394637 2.2412178135811525 0.6420342378617888
3.9180391015791614 0.3005177235773213 2.430202076643779 0.6241512244102699
3.8449126048189814 0.2999409302935774 2.6007160521691657 0.6179250720922355
3.9029578042504234 0.329043256887764 2.531670924931423 0.6767830524523845
4.14223192341734 0.3154258841431144 2.004508401197758 0.648339163187933
3.786879420428808 0.33410989858872253 2.7480701411360062 0.6899399304477685
4.250002227328887 0.3251648665334563 1.8033651321111952 0.6617371482334556
4.0151016995829085 0.33133413745310075 2.26855020982218 0.6831721918882534
3.5515943547368694 0.3162406491900438 3.152658160109403 0.6500966702028833
3.348004476479775 0.31510981384346964 3.6394445204556782 0.6477220985542087
4.23779823954046 0.3180814741041921 1.7853551884916872 0.6518434031498658
4.366730631369598 0.33248139999396153 1.482683098322163 0.6868982312043626
3.6848695748972937 0.3327835953209129 2.9445910698180593 0.6800591262272517
4.104210078653445 0.32444898993758625 2.050988741505212 0.667910065580366
3.46781760802749 0.31758483107576346 3.3949021300526105 0.6494042991278204
4.206432699934783 0.3135273422220883 1.8630295749864987 0.6463394930832651
3.5913830344808293 0.315736072193437 3.1215897678405273 0.6439941030200514
3.7950845076215023 0.32261398433216076 2.7229102483623255 0.6622105601966525
3.7347556019819295 0.3226915544398184 2.8510162552923735 0.6650870231230805
4.031510093680177 0.33739863146816657 2.2423397859405974 0.7020793238576001
3.8956562535126062 0.3337284139690648 2.535742069980022 0.6815044374828128
3.687974316862003 0.33537172672005744 2.9321374275419454 0.6839479778454935
3.748287222842671 0.34652110467293434 2.864060377607565 0.7061137874755877
4.435121356395635 0.3285109006028652 1.4153345574149139 0.6724211191137488
4.254724445935048 0.30359828918087745 1.698503589704773 0.6267624332105206
3.9344378835376603 0.29957817840511947 2.4196554959501015 0.6169516698887256
3.6723825343602647 0.3166290161808005 2.9877848741471853 0.645794306514972
4.202738219325383 0.33465901480279503 1.9189759017151522 0.6960382468808384
4.108299484454414 0.3457412678004287 2.009962449104634 0.7114086733245206
3.7609669917016872 0.3261536681944823 2.695374171087173 0.6735789157607206
3.9677962216822085 0.30541993345595103 2.326246824601016 0.6200035390512197
3.681299170805481 0.32845635245704663 2.9569835944960583 0.670765335417765
4.019655524250322 0.32580159447874535 2.2463672117632534 0.6769163471235183
4.285336444626294 0.329888191142779 1.7733772543100583 0.6728560478253168
4.090854749046446 0.34224517764080353 2.070727400520889 0.7000865273233923
3.878718131387874 0.3280159590818963 2.542659728502295 0.6748001933899582
4.194021631274746 0.32038261824938447 1.8845484274053814 0.6583062853522571
3.9560743306108583 0.3168984529755515 2.3967883361253755 0.6530666572080858
3.726787328044057 0.3224376773962092 2.8141916808005685 0.6582335708933323
4.2154699041871515 0.33086733991560613 1.8160378232019576 0.6832106132043475
3.859423557736016 0.27763430900813674 2.524744009054372 0.573457246346384
4.138663269883943 0.3097476840780391 2.0567115357062105 0.6346812088811314
3.8540071608104283 0.33873867082050435 2.5617844309818567 0.699244190239631
4.20238415905344 0.30274993202463363 1.9051800371783303 0.6244566851516349
3.7829052812276727 0.3178090888320166 2.7345035729413345 0.6548805819179844
3.628823199584503 0.31465995599561697 3.084683482768475 0.6463417261126116
4.295705587595156 0.31893140577816365 1.6805426278658244 0.6574990399579258
3.877630044582225 0.31991091150420725 2.522559232344662 0.6614023412246589
4.064817255245087 0.38380509906429244 2.1483158225366568 0.7916497320180884
3.6637504422157585 0.30597341725783533 2.9900959478490607 0.6310210979789332
4.223230955783453 0.3240613607202828 1.8078619713391695 0.6688972322040131
4.194382528282521 0.30535026307656027 1.9537486107628137 0.6285620697627361
4.212031216080166 0.3291371853977539 1.8770068486573122 0.6778208352357445
3.780656686598917 0.3187707599055367 2.767850099926511 0.6509152443594458
3.713021239901614 0.29769026982939517 2.901141662387371 0.6096979839158456
3.909565277058826 0.34125466360043494 2.4837427692539316 0.7036344383288347
3.803388146228744 0.30617833857384796 2.6685116707683 0.6258910909452118
4.0411211877448 0.31976464189947307 2.2374216349834217 0.6575705428873146
3.647349969006733 0.33557560042299434 3.0793436123117477 0.6883895133621639
4.13499948307545 0.3010952385301529 2.0026205571544886 0.6172716195067037
4.047095222886245 0.3239282670700701 2.2639309517335615 0.6637991446209538
4.089280486013058 0.3136901497557022 2.110525565792355 0.6450298741534444
3.823765959972941 0.3293331458442658 2.6440198379026665 0.669734169646681
3.908960850366282 0.2925390112323222 2.4951096606419654 0.5996080344220213
3.9900483795726944 0.31846684804573755 2.2952632931255192 0.6553798115614117
4.189113366274652 0.3293499377143999 1.9276217911125035 0.675133166830699
3.6342390030900042 0.32223719343673485 3.050098090346856 0.6700461395973465
4.550237723228115 0.3205567075700907 1.157545378910298 0.6583099758096559
4.078876229394645 0.30956927214050917 2.1441521318849004 0.6321875852916724
4.025385498868444 0.2975813496633911 2.2152282617486536 0.6073566639156275
4.10928597552693 0.33160171110169695 2.042781165437237 0.679729054306521
4.00317568154057 0.3300551607621833 2.3087660769312777 0.6838133836428167
4.01845712799828 0.2943587888330534 2.2260582845751804 0.6050621321490203
4.109717866242393 0.3404400974944982 2.10674032092105 0.6926674990088117
3.780815389055577 0.3183110561038022 2.8160104306670837 0.6550869064101098
3.7920139849318035 0.3303688660883322 2.6969627199446355 0.6742482256930384
3.733322157635161 0.31650105906808224 2.8244633428904127 0.6467922726911423
3.980078673521933 0.3153125570136415 2.3493991420549962 0.6547127851365063
3.3408145928627864 0.3331360167804521 3.691447617270348 0.6846620449617699
3.760272383287509 0.3277687507561645 2.840739794488473 0.6705246630527173
3.7714618196988754 0.3147665898635077 2.7799660254942324 0.6456528784863919
3.9532418075896887 0.3446015843234586 2.389045080769839 0.7145985422360527
4.385385017559944 0.3229535432879408 1.585858512268576 0.6622619496043981
3.9737403481696467 0.31307604712739023 2.395258109442989 0.650305348183084
3.942334273486889 0.33310769061230144 2.4469944952029055 0.6836635343743271
3.7060249638653913 0.3250329094249509 2.912310600364732 0.671634071596103
4.057668663986472 0.3357549053441945 2.142119595119773 0.6875384964033762
4.384873847919248 0.2971940262471241 1.5263319894085468 0.6103755851257052
4.072286375532804 0.3060777975866812 2.124378158880541 0.6315951406156655
3.837232080961261 0.31417391837340075 2.625561705640839 0.6496802117138897
4.0079001300832005 0.30310344029676445 2.196539206850498 0.6233912838940607
3.7356179893904873 0.3156955479903151 2.9021531580721582 0.6494925544364442
3.978014134339241 0.3304536438204774 2.328804993927565 0.6808906302167343
4.179646482741042 0.3313136316848211 1.9849570032002453 0.6751989300670166
3.8910847247825684 0.32531682521130195 2.5399102751562346 0.671018071079005
3.9068565385698286 0.32233300136387827 2.4525516067966793 0.6579323091848638
4.136362245382951 0.331950766614221 2.007291092995292 0.6836205690084141
3.7342073434912946 0.3250919434913618 2.8860506976116023 0.6654578963810467
3.814282455149492 0.3012671578786019 2.6712884611979746 0.6180033653054313
3.759454578117638 0.32436347373593305 2.7735337700188825 0.6672119204163017
4.49218616770857 0.3041916839656266 1.333521716575924 0.6268301603035094
4.257036199515726 0.30946563918242 1.8307451586560293 0.6343084523855805
3.949481603483028 0.3158392148067659 2.3231317556285687 0.6471258818390269
4.337229108155964 0.33501934086636503 1.5465921285189608 0.6905355211548222
3.835000553221388 0.3494375875070893 2.622009444408905 0.7177426731689541
3.483250610158863 0.3053967462228304 3.3713353933962513 0.6225427566714946
3.8898040909687777 0.3211771109602845 2.5017575749146608 0.6631677933333954
4.140688065836339 0.29817423075825844 2.0030541965445265 0.6123431687597395
3.9597664704796403 0.32076198188854704 2.3819408954196533 0.6583394102145878
3.6866100969366196 0.32367460608215187 3.0281918372452887 0.6662070483132742
3.5510744619832417 0.32774022193346203 3.2123486201384117 0.6742247657407447
3.8728630746409625 0.3194015196672573 2.5079350397769655 0.6535746133642992
4.137005479359161 0.3094617053447854 2.083944169623723 0.6351917107573262
3.924446946002866 0.3272250354321051 2.4777674582333624 0.6766071066059954
4.084130039005959 0.3366579451962106 2.09879842035922 0.6850154509674868
3.578928716392144 0.32332954821710347 3.2382631263619217 0.6672490083355588
3.746122982184782 0.30149447329987455 2.768936197543151 0.6216663989320772
3.683014203408107 0.3234254249489291 2.944303993655395 0.6610446573897074
3.679668040264662 0.31724866796408085 2.93502817691462 0.6463001987655334
3.825081879264428 0.3040802030185956 2.647787620414192 0.622777385178785
3.83626694662801 0.33379909446071215 2.608245611019088 0.687954509318597
4.044170468235454 0.3104023064777049 2.2237217295247937 0.6414234119246629
4.159758643121249 0.32342714976292125 2.0014906834220323 0.6626198821897686
3.7207122028201542 0.3229230402491949 2.868700023311934 0.6665332360126426
4.319340901728999 0.3461951276366681 1.6389972958803285 0.717171817173897
3.9705060621116672 0.3123222956753033 2.390611918848988 0.6420675199306515
3.932651105383612 0.2939880245478175 2.4660571077069537 0.6020270777682571
3.8941383207745766 0.34450930707020444 2.4983287821810927 0.7092880811533476
4.011738292100782 0.3189334871456555 2.2112930608492585 0.6497096801538433
3.861661984155459 0.3125225794670108 2.636158866395798 0.6457926277877469
3.481912444520107 0.3206342502527938 3.408892314691619 0.659305116680635
4.038750048966172 0.3525472330245693 2.2122918970926837 0.7240049478063593
4.129617082260868 0.3230676642238724 2.0972009475726052 0.6655225709556204
3.8715596397710987 0.3042014081659876 2.5753577228008337 0.6263570614987446
4.024226465885537 0.31028576779990313 2.263022074327483 0.6372460780471153
3.593779531402986 0.31409481470538925 3.1439068173016116 0.6437718557638296
3.5717967640667485 0.3048323412889212 3.191224089808665 0.6289100602130504
4.128111755792872 0.30417882016285436 1.970404738284997 0.629781913244805
3.715115524040627 0.31220848948584395 2.877767360835348 0.6440982156463907
4.3925473853395305 0.3105656236337006 1.5017215784516424 0.6428801539403948
4.13871799856176 0.29816031588280234 1.998469230033958 0.6121970446491237
3.9115699485812403 0.33461900266297 2.4841391228650958 0.6892270071188801
4.0305076138302605 0.3264803873532952 2.2321864693905766 0.667771365744288
3.646067464754643 0.3008394375495201 3.0327299272863257 0.6239976620592235
3.9902139986640193 0.3190596539598247 2.3254951997213977 0.6545895525396885
3.7677242822491697 0.3499696937346059 2.784907854041924 0.7116167457562264
3.6965017750484783 0.3263737162556324 3.011049574048279 0.6693021091914448
4.164316951540561 0.32112968305813905 1.9492649158894042 0.6590898008175731
4.289699957968702 0.32386652835737023 1.6924880670772529 0.6681605617617793
3.845147516315845 0.31373029838779226 2.6001555533744964 0.6444071803244508
3.8218565116168977 0.3522812197525929 2.713068093062151 0.7303070042432653
4.031262745776747 0.311849018958098 2.1893743850839504 0.6396027984562314
3.9533618034972027 0.2917999882224072 2.447068744485845 0.59897552916846
4.314225109109303 0.309665900032719 1.7099354530414508 0.6345317890392795
3.7571671080793347 0.3110439151309909 2.8199532296887204 0.6432322815770918
3.924680338027847 0.31499376119772143 2.4224448582606284 0.6497967207941484
4.177834013843114 0.3490611115222483 1.8863623361674895 0.7177883208520339
3.7286244261800228 0.33906990569966106 2.856008209525899 0.6953109916704091
4.293103037257007 0.3056861556473687 1.685025009470967 0.6294723168727595
4.282824597336585 0.3316326712636241 1.7562313878186502 0.6847739107432053
3.7428579941124003 0.3456649938666403 2.8139359897052554 0.7172524475323604
4.238671163268476 0.30751889738864546 1.7611346702045907 0.633305601052686
4.053059944785418 0.3443054346841805 2.1927637275387193 0.7072055393737476
3.961894200490753 0.32789564959249407 2.4294277716130077 0.6705902510963835
