5.980275488052886 0.8413801965971707 -1.7263837796715076 1.713309528485025
5.967933136941758 0.5646505743232862 -1.7437229786650095 1.160418740071175
6.053805823231917 0.664166901137178 -1.910522182197006 1.3512507767968014
5.984870254007066 0.6538036389843266 -1.7412995902849082 1.3403024341234062
6.106857971421152 0.7404876001755764 -2.0816027933346755 1.528289732094755
5.970759675571546 0.6111833384138196 -1.8562071549201855 1.2596816775746977
6.278046427960306 0.7077400298564214 -2.3814167691986867 1.4468086054774343
6.39196621684913 0.7368225868612474 -2.584889607801091 1.5037983426382406
6.335160791976943 0.724995451961673 -2.5680725920599006 1.5039809804932598
6.224777380808218 0.72039124078296 -2.3448703003323423 1.502235858561058
6.006762722820615 0.6314609021466667 -1.764547302892446 1.2965748912237787
5.99824739242289 0.6325482374907004 -1.8165513351737421 1.3000108396091292
6.4207853635761065 0.8049521014615032 -2.7336661579413306 1.6615994777947019
5.484210163026048 0.6563833281244528 -0.7155197456756823 1.3565903400101547
6.21551658124195 0.7238908155353382 -2.233116448687193 1.4825439148090842
5.960238725354522 0.6737579009167437 -1.6835963485513148 1.3778026294876315
5.83695054817567 0.6276675976194042 -1.460449961393043 1.296802532646076
6.29415314839564 0.6909379035593208 -2.4025350175609264 1.4222613798829409
5.913375524574484 0.6535160933798668 -1.6073106795091594 1.3413484179724624
6.38243268637424 0.6928364593536954 -2.5593246480263554 1.418383607293553
6.035096439976259 0.6549796118377466 -1.9190288002394467 1.342004157248322
6.2062068042900504 0.7108226837879599 -2.1408882908185993 1.4371185307743826
5.903455522744483 0.6406179329486611 -1.6001461229257667 1.3142202965530723
5.761840615483907 0.5249670973341739 -1.3161610400317734 1.0793778627739747
5.627473049601059 0.6968024514122065 -1.0028319130259626 1.409555418197697
6.5056622923523735 0.6962978399931552 -2.9109999828089643 1.4232262062628438
6.39595499479475 0.780394578004779 -2.6586170209062163 1.6129646911625166
5.696415056708771 0.6676041915373172 -1.222049965417721 1.3637145922305665
6.24150499355278 0.6789094741161672 -2.3666276258311085 1.4034154261880636
6.696207072485999 0.6357269072629529 -3.278031356537044 1.2811759466289026
6.338422580604599 0.7226156299685396 -2.5620434636859097 1.5088830045951294
6.0252405281004275 0.7456790795525992 -1.8801665516238268 1.5321698893385325
6.249090522411244 0.7111814960551268 -2.426221118596409 1.4680836623176592
5.647979097050197 0.5781971552677958 -1.0856319533666103 1.186268912673928
6.3937297397436055 0.7481100113292388 -2.542992459884588 1.520898058871153
5.544435753760375 0.6285917776023875 -0.7927565824314466 1.2933551913527457
6.181306348969827 0.5867243418535707 -2.1971102920999304 1.1814318605177534
6.357343914061193 0.6608071676584496 -2.4974855978328976 1.3471766441750934
6.150109718642651 0.7757299324401222 -2.075986019283607 1.6080547412375883
5.784331097080012 0.6750678350893249 -1.3327431415286932 1.384147038885153
5.700951199538919 0.5949293032723489 -1.1326919734463128 1.215401787062819
6.640112130835263 0.739949628291665 -3.1073103485138382 1.5273642079861818
6.068476862263232 0.7371585111720734 -1.8819009316077029 1.4888244957824095
5.90283059706713 0.6725958317021752 -1.5792983016649547 1.3649673911809728
5.9693307273172 0.7869863959960526 -1.770762484597992 1.5623310222892137
6.268835433237572 0.7509801133215601 -2.255037419577146 1.5208309260386847
6.319955275815047 0.827136302430505 -2.3874133128276354 1.6729631420832072
6.410640980251092 0.6737439548677465 -2.711918002726664 1.376783645617161
6.226029555557433 0.6984381957627309 -2.234570901890401 1.421370522555256
6.276755815621694 0.7529644954453673 -2.288568915368373 1.5366474205095435
5.861472138742838 0.6831302888528895 -1.524520539803466 1.389437683949051
5.841851984942035 0.5490997750932577 -1.468933039338492 1.1167790322820006
6.659075649117581 0.7376283098820828 -3.147280128564521 1.5153245602830911
6.403292647596505 0.7816041957463554 -2.663496661122854 1.6206388333446557
5.877146392170552 0.7025347142323412 -1.5368043210833373 1.4249407336362307
5.862021899323467 0.6743166724108121 -1.5217231113389014 1.3837786627012618
6.148624068092634 0.7887302966615234 -2.1374700374679794 1.6313562883121089
6.0826736628518265 0.6991875708114329 -1.9134534586450473 1.4308489452123394
5.702959249680795 0.6654111796786519 -1.1192181193494546 1.3558981373736827
5.7750320523734935 0.6415215124162891 -1.3429351871858561 1.3219362940490724
6.683138970661328 0.7285536510484336 -3.253804417557662 1.5024876890842422
5.910461561688489 0.6504335951330505 -1.5515634401103422 1.318230240214327
6.075314407844208 0.605213921309967 -1.9848967301966347 1.2513386254043743
6.145942303936748 0.7615812610643304 -2.1386021176025816 1.5576146411180765
5.900769681001606 0.663050119191878 -1.6617020050962328 1.3687753177954707
5.7535230435474265 0.5294109447209535 -1.383271308380945 1.087507694164277
6.260012074348554 0.7061178490844305 -2.373720568190663 1.4538461434736814
5.805606223554415 0.685391450348394 -1.3033768383733826 1.39037181136524
6.355373091524692 0.6604668136255758 -2.5152382429869964 1.3545532785604846
6.347623406789362 0.7237482366977017 -2.430477870270377 1.4833226289921113
6.396733722320426 0.6495685645689651 -2.637371816398503 1.33133407495961
6.184107711223354 0.7462601999128584 -2.1481869273143186 1.5121162512371704
5.788943244639169 0.6879807335096141 -1.3809305300313237 1.4330593028134637
6.010711884947218 0.7185709702788711 -1.8508188561811134 1.4653132146220655
6.693787472202523 0.7312873868798163 -3.189961093221595 1.4917400906194667
5.964867163131954 0.7121325273044216 -1.7031644823746834 1.4441511680481178
6.06502190160513 0.6066928502366836 -1.9179588377371277 1.2390060336821302
6.2102354357152425 0.7985594706878232 -2.2383331174301846 1.6443542956001
5.9060137051143915 0.6458204458781258 -1.618829679286013 1.3278677011751274
5.562606237523569 0.6036406597259031 -0.8832828667231404 1.2115713180086738
6.580006487412774 0.7405793554851835 -2.9593905669218055 1.506376813255441
5.762750281318613 0.6460848713746835 -1.3831871862172225 1.3176866114201882
6.133109332687242 0.6770073371477275 -2.090264157930773 1.3971066817056599
6.187243714392608 0.6381335442100656 -2.331002293834487 1.3096229454145205
5.985779835632195 0.6795193564381646 -1.7421328900286572 1.3908091656333517
5.857823919024062 0.6746134113667527 -1.5194403179050653 1.3805247613009737
6.064194133967934 0.756417417128349 -1.9025801648978948 1.542998130422192
6.2645989816016545 0.6800151351356406 -2.274447014947753 1.3779849709333398
6.203347316329667 0.8169831628709109 -2.271778112970074 1.6657326690659948
5.794761542381155 0.7136379911508269 -1.29244034134775 1.4602971234117295
5.818813505584387 0.7085234448254389 -1.4188143430326385 1.4564781262474813
6.226418106319839 0.7277665056476855 -2.266670625853922 1.4912081991061308
6.56830310876781 0.8153953714258151 -2.913807556063446 1.659014433500229
6.05310814529293 0.6224809782539442 -1.9033549056061965 1.2571310294170823
5.7422798567846005 0.68166556733502 -1.2902811234271778 1.4015571410987904
5.775143779807822 0.6913130181979217 -1.355577855207716 1.413437806334659
6.30301682911726 0.7916537891726564 -2.385729420112886 1.6256036336074804
5.700769826487013 0.6012239097572256 -1.2214739788543283 1.2256792383665918
5.858671288210239 0.6605214024935988 -1.5376018706921877 1.3509766410790274
6.300298000759881 0.7689691525545906 -2.4210898236772453 1.5729500754851118
6.655271162319451 0.6755108876006285 -3.180066382679014 1.3844445052651335
6.200721570485917 0.7115098918839277 -2.1697678938342824 1.4632054345954901
5.749701104061753 0.5885948804596687 -1.2634569778324534 1.2068689248111273
6.063019557700475 0.639415140801872 -2.014480328509522 1.3243186836538245
6.043018993160894 0.7016988783390115 -1.8516475016992668 1.4344541203662406
5.974114371298548 0.6913312275136624 -1.7467161073549913 1.4150811682666016
5.807812519706211 0.5796755858482139 -1.3580563066208193 1.1812906324183416
5.441373972627458 0.6075384707832614 -0.5740704534528283 1.2456855182873647
5.809926755481085 0.6609899834589912 -1.4012133356067313 1.360262934386282
6.091821577257139 0.7002904633472794 -1.943014240221132 1.426529537315566
6.004043216672494 0.7860862241289653 -1.7553583430526378 1.6139825296817765
6.137486403714785 0.8281441773760392 -2.182694745261542 1.6998944669576386
6.548593541174693 0.8101757470929974 -2.856575035086264 1.6374040658347495
6.007506883004568 0.698038796681838 -1.8594208601636852 1.4330886816369228
6.333685198714417 0.707060785586496 -2.588386064078839 1.4593625621779354
6.595237037798176 0.6926001109203916 -3.0172509750233756 1.4148911951103689
6.1424753389379525 0.8114525984462683 -2.1053979835186203 1.6632967603129676
6.174666066658844 0.782623185198655 -2.036691816356214 1.599284247685007
5.655701206767188 0.8029853910126712 -1.0975502348925104 1.6631678639544525
5.711617850496846 0.542030971955161 -1.1641229384094132 1.1166796080422376
6.515938170820538 0.7032903127554014 -2.8625069293486716 1.4455708727070475
6.186034899977715 0.711714959239296 -2.1513554114944395 1.4522033730557007
6.734709736093785 0.6695517029862064 -3.262693695492633 1.3590375284098188
6.161649324440476 0.8749865751850577 -2.2081085890429146 1.8103771481923867
6.644805988034733 0.799706193110879 -3.1604249891595826 1.6396438528504196
6.417775199515624 0.7528550143767957 -2.653185742301245 1.5671978925775967
6.050022448432645 0.6735964149219777 -1.9181379682536361 1.3649831821979004
6.078043196163975 0.6815684275741157 -1.8962775030972878 1.381354983091089
5.70161312056336 0.7167451513252838 -1.1477525353579305 1.4690194854928238
5.954396674661046 0.7089795733741994 -1.7607426048493684 1.4575788375376737
6.259375523896246 0.8033801947342186 -2.444967479011998 1.667978067309832
5.8605051811540765 0.7653482589093081 -1.4134594276530892 1.5488902770933595
6.023688853425046 0.7087786310562565 -1.8701378215164803 1.4736829148661144
6.425988263363468 0.6980269859284755 -2.6770091723210885 1.4178459099096958
5.898076902496294 0.6806286097140228 -1.5447710502853425 1.394539787509625
6.337900413044733 0.8192109214274884 -2.498124938362837 1.6927379779878027
6.015341713267164 0.8169231893639852 -1.8170571585986792 1.6639428326581345
6.220719403500576 0.656809181642308 -2.2000829000926267 1.345708566270482
5.443618511233526 0.6063941304971006 -0.6331934764646958 1.245728757313529
5.964336476257019 0.6162295424685786 -1.7549903888811218 1.2677717881264758
5.995552519053627 0.6543972212899943 -1.7528175735180591 1.3445850190093842
5.870297451479141 0.6758804583375638 -1.5774253174203912 1.4023900312219604
6.269959301034715 0.5806871289947797 -2.341865721955892 1.2018633129558773
5.628004209508157 0.659643602765559 -1.100699588129691 1.3595208996194919
6.373005854903333 0.706532690875202 -2.562292572813859 1.4610899491707312
6.525535161359104 0.6712431814127365 -2.8268456766654415 1.3797968321299334
5.76200802012373 0.6309633696614224 -1.2968989032157716 1.2954230835631428
6.304303095113758 0.7689291519309212 -2.481643820928408 1.5842243902495285
5.810412529178841 0.6921751459126402 -1.4308299336381818 1.417844463846363
6.2348824413032995 0.769102629021955 -2.370259406745481 1.5880062104786428
6.696144252680389 0.7531369621410293 -3.2511577972686276 1.5512688420486391
5.987650889800758 0.7116797331415449 -1.7252142089602824 1.456886694803036
6.2185523017286055 0.6232709435977073 -2.252096577261807 1.2858582956460627
5.866490294711279 0.7143280535081254 -1.5314816766182355 1.4778782188281858
5.724598665673351 0.7551497067988415 -1.2580271403247827 1.5471363783372516
5.970385082370396 0.6913244195468756 -1.8041479419140911 1.4339051543680084
6.380001518969168 0.6768312272858793 -2.5520404378543926 1.3688306160865222
6.66934831167808 0.7402369746832491 -3.1105688561721996 1.5121342191091516
5.939130741781673 0.6291042440074255 -1.6646936887256258 1.2846166277825743
5.9365550008082915 0.7507240965789941 -1.651233911095187 1.5433879474677448
6.196005395437879 0.6883628240450199 -2.236830026222826 1.405572816780056
5.871544507408017 0.6712011957380465 -1.4707435093180674 1.3927514406620694
6.369796260005243 0.8349056522907863 -2.5957557239415934 1.721005949897984
6.601658673407026 0.8695606473774694 -3.0378604675365053 1.7898466415964183
6.209840157925514 0.6502222860961887 -2.200074356653459 1.3374335084047868
6.2081590751450655 0.793555624710852 -2.185679208085504 1.633342423219072
5.678142922242174 0.5715734711263815 -1.2373824421017001 1.1747348233025765
5.810464462990453 0.6697177509994138 -1.4950811311256629 1.377885266038106
6.185709055211813 0.7926439781223262 -2.2122291430849073 1.6454364134720705
5.977965434763668 0.5908359756755497 -1.7245123497443438 1.2044105723228122
6.08415562276889 0.638574435346113 -1.9601993736580412 1.3069313125490698
6.224909081538726 0.6580203598821099 -2.2549347068959915 1.3558056418139923
6.0408162016001965 0.6910446051554622 -1.8092858438632637 1.4110007338656578
5.937749871348913 0.5475797944252543 -1.7116147332538563 1.1252332167770518
6.011034180912375 0.7950105617917618 -1.7989395008788844 1.6090176659446873
6.1401205554686795 0.6294290408424662 -2.1017039812661475 1.2956697263026764
6.540803407890106 0.8360741532434651 -2.874298953178987 1.7231238659251542
6.034521745348915 0.7029105102977564 -1.8812520373500925 1.4471024772822418
6.143268894074483 0.654335058565139 -2.0988184109995656 1.3401312491241872
6.22848708069928 0.745475926668113 -2.3044942406955986 1.5343829018326944
6.621168825084183 0.6200392770585705 -3.1044261827153248 1.2761731820489153
6.006410313380801 0.7059723497992358 -1.785673305586549 1.440625938793383
6.204750630600174 0.6208241180011603 -2.27369537066928 1.2771870852904845
5.7280907441615305 0.7433298202359852 -1.2055742218237357 1.525015296170475
5.757276916831053 0.6251514140981593 -1.3415553435281513 1.2873123254669179
6.22206780870877 0.6523120383525729 -2.1583219887441727 1.3274453878870411
5.893997048184873 0.7005426734735757 -1.5841735508102641 1.4179931226715676
6.5534809225205635 0.8081092574083578 -2.958550152653598 1.6654817886083493
6.049246817820848 0.6835644159988967 -1.9488397278084233 1.4118746410891367
6.1040570248138994 0.6011155646597107 -1.9951452477728748 1.2372093704323956
6.013702134393556 0.6663263557758085 -1.9089857510126809 1.3713304595832165
5.987469982958565 0.6077044577369894 -1.7305348016974271 1.2400262761050487
6.652637660107578 0.6335201620153476 -3.1594951182934654 1.2930030169708244
5.956182060998868 0.7824907757898739 -1.7361998590733094 1.6241134982049965
5.479826738238048 0.5089661351274012 -0.7254680840630062 1.0344799701271525
6.111951419315005 0.7913886001701875 -1.980623278332875 1.6172608454591355
6.2293678946485045 0.6963016337258019 -2.289087569193647 1.43049708997372
6.6139002945406125 0.7917474605626459 -3.0632171720734735 1.6330758191507586
5.834975227123994 0.6128572461895055 -1.4366452509501026 1.2447626703273265
6.111415868061766 0.733349285411537 -2.0468088899341064 1.5210168119369654
5.812157642763565 0.6808975014633746 -1.4823763411275448 1.3947410578487291
6.495177338337967 0.7606493373221803 -2.8689505268118056 1.5598364169207464
6.1589446254887985 0.5986451679141518 -2.129112870639824 1.2317760969549425
6.176742536473263 0.8040864424153722 -2.0907173995163166 1.6495585264836514
6.538799448018421 0.7590184111848624 -2.914790196686771 1.561796350520572
6.234956989563091 0.6889542627884095 -2.275140615629023 1.4170065236614238
5.8830433474472565 0.7485785504568546 -1.4443830194879177 1.5255620496241151
5.920378846388378 0.6871902103801554 -1.5720813114923393 1.4003569271166119
5.811984193302923 0.7669634185233419 -1.4557150706947017 1.568419069495134
5.720009296252243 0.513405297053365 -1.2976618746252777 1.069691790650004
6.666792240367155 0.7567272678135625 -3.1647186517229717 1.5426176391943218
6.485407276719908 0.7156369293251024 -2.78375339997418 1.4682131661141038
5.919098353025182 0.6610121599572071 -1.642374375131274 1.3567827920704187
6.073551724301959 0.6978834428966674 -1.9841750880242701 1.453934163680125
6.171168953193983 0.6767998293854302 -2.1961563564048054 1.3884356063812857
5.6933920900694135 0.604291397716497 -1.182508445435461 1.2370324608778438
6.867424645518101 0.7516800966631244 -3.7144979736005226 1.5502221126741624
5.943778011947755 0.5914578440832261 -1.630752150661483 1.203389460613101
5.727357219190475 0.749167889969311 -1.1864178980135125 1.5204144840671352
6.409243305801809 0.7098410542061353 -2.6936244000230323 1.4555331047180766
5.77053170837781 0.599880996598308 -1.417911106391338 1.2370654567974153
6.038872600627643 0.6951566473355466 -1.9035100590965892 1.4341297782107254
6.405475631188066 0.7472636410630733 -2.7341755979303963 1.549847982676049
5.80366266956044 0.6263081948537427 -1.3476001102963582 1.2740641336174758
5.934445585755036 0.8997519616837051 -1.6128366209168385 1.8379543790228772
6.116057135272923 0.7865321020003184 -2.0682180650284847 1.620374327210592
5.938074458695782 0.6186095856085853 -1.7200835801668282 1.2610907012863766
6.215708518389233 0.7179763532341369 -2.183452495102613 1.455886901891931
5.829022089803329 0.7181046681543801 -1.4185020310320349 1.4544710449360574
6.013721597523443 0.6686345909450491 -1.7860479129919948 1.3580716184245734
5.937855517181189 0.6297561716886922 -1.7113558748859874 1.2837232890322499
6.245313982368829 0.6037449773753489 -2.2938644954949328 1.244262276680994
6.450706415918022 0.6388689437122053 -2.7578615614482436 1.319710970608145
6.197829048016013 0.6882053264621617 -2.121955587395329 1.4169437442372044
6.037829713195276 0.6792151047172618 -1.8182105484067184 1.3952531438018778
6.103938870361064 0.7618898651790149 -1.959547133822162 1.5652367948608872
5.981702186076618 0.6974810166501912 -1.7966692932190342 1.4328461450626175
6.4472653482065265 0.6807191585552081 -2.7349202852867767 1.4035015009900387
5.677159987213377 0.6674098192893394 -1.1725902164872084 1.376655070999307
6.398861068959589 0.7274182276867114 -2.6924778199087758 1.4951430203484615
5.8776828445989295 0.46078660406452787 -1.4854659087495654 0.9375352738617241
6.193004636740916 0.8249257032902259 -2.1139656564830362 1.6820194692043213
5.738928878421623 0.7033476201480765 -1.266405940087611 1.433670324339933
6.12013164638423 0.7645915312420806 -2.0858740859362097 1.577671403254453
6.513406681430028 0.774075812389274 -2.8945488942448643 1.590178061450244
5.947815529845579 0.6910281407543424 -1.7181837079936415 1.4052851929437244
6.816222521322111 0.8186321737212887 -3.477357427380233 1.677681563096448
5.9648507929621815 0.6862699493697434 -1.7954184298007794 1.420399660550356
5.969135088662196 0.6181206282869162 -1.81883022645438 1.2826030150984957
6.127404745477477 0.6520691377877499 -2.0475516312615087 1.3503609071197702
6.069611144177072 0.5971934538233323 -2.0844234033245446 1.2327947107638801
5.944203830565926 0.7348073829218751 -1.6358774690348155 1.50401517390094
5.728102474531585 0.648782137041106 -1.299536396422104 1.3417879535412895
5.897366958246213 0.7638192186203242 -1.54823747404669 1.558041985933604
5.942028834809109 0.7415941518582971 -1.6417829642337387 1.5159837986494982
5.98455520705614 0.726585220908031 -1.8256163533466756 1.48983812340506
5.822410135058461 0.8037921553791096 -1.402790302300045 1.6307644521550435
5.973138832239963 0.7029501507320632 -1.7451299065291612 1.4438365397063697
6.215705764921914 0.7949668166833455 -2.231769611241842 1.6237192295761904
5.767405031435441 0.6950482493004861 -1.311538055812031 1.4248032513631688
6.041465396451576 0.7572739869266821 -1.8762174206454083 1.5602687593383595
6.190521162340383 0.6267337027990398 -2.1940771469702516 1.2764180806900605
6.02577466329458 0.6116449330131277 -1.9115280216245591 1.266870121015089
6.162073556763746 0.6911587760038908 -2.1087870362494607 1.4206946889688528
6.156484677165855 0.633527742714465 -2.1318206473027845 1.3050648948329908
5.902205875320804 0.7543082886418214 -1.6486490761945416 1.5591239725012978
5.6704154615449855 0.5975814604582448 -1.088469264494048 1.215602838651111
5.960603700959265 10.004473427951446 -1.6463777667800716 7.6682439002544855
6.0746642090176515 0.66969747488354 -2.020549253815701 1.3814829991258817
5.67081234385389 0.6075829476502489 -1.085306503554996 1.2425280083386676
6.015768226942328 0.5981225882550182 -1.8634808471768682 1.221239965222628
5.973436021504462 0.6085511429054767 -1.806119797812192 1.254471812898606
6.097096756605508 0.7031653111996835 -1.9253810639974325 1.417706284434477
5.824305254515533 0.6715583773161411 -1.4349544167400334 1.3847926513501336
5.865725507622274 0.9189841305815369 -1.3672457869185748 1.8460541757232716
5.693922046086511 0.7143785837237843 -1.1335656965887408 1.4734049579126702
6.398624550952503 0.7777234356922941 -2.6639005267322977 1.613185956325664
5.859987872725655 0.6198051830807975 -1.534197547771693 1.2788269531151641
5.963988407852627 0.6485999095094062 -1.7407768882625403 1.3299326527046056
6.285999970655395 0.7128407664673824 -2.2580621377530767 1.44811020203926
5.79575399437976 0.7261411511437676 -1.3314305852754529 1.4879623820076018
5.979272425785062 0.7216277529347827 -1.814132400368437 1.4895806353064358
6.390408578557725 0.6722425216863802 -2.5836213404266894 1.368278224112844
5.775456644794552 0.6223707928319097 -1.3838732787713675 1.254053984313002
6.121359138240676 0.7276056461983705 -2.0805643800067886 1.5188481068371407
6.063163602034369 0.6563790348178081 -1.881714886126896 1.3395212329666248
6.498113621079956 0.6638941810397783 -2.7998083625567247 1.343066763616122
5.497157328227852 0.6029739061160717 -0.7680353750901825 1.2349656232515969
6.1858490708465315 0.6718098289700851 -2.129980551368096 1.37137472452298
5.919378664429925 0.6048789564197482 -1.6413777748872753 1.2462082337484532
6.2180514466282 0.7894172826151564 -2.2365137894579474 1.6208820058871767
5.880754549444013 0.6394223505551754 -1.605061004022666 1.3148339452880051
5.983066375881911 0.5524146143167902 -1.7374370168841387 1.1339779233530056
6.186339661851129 0.7336618474163639 -2.201433124892109 1.4816206147675723
6.409373310998108 0.7551506400091674 -2.6138192545770167 1.5533051793893304
6.19016555420712 0.5959335730999397 -2.199265183510762 1.2324420868379193
5.849274371089244 0.6372822458352503 -1.410303538337572 1.2799832189741835
6.502014773787694 0.7722389794086763 -2.9154326403024458 1.6103771747206839
6.233523378445618 0.7082853966782301 -2.1979263596974423 1.4412586568846895
6.152831323995823 0.7039984956620564 -2.1424136478861957 1.4496715400615265
5.808936353265647 0.6721475549461967 -1.371265731129665 1.3764023384600903
5.8772721527448315 0.6977568739572722 -1.5616471478246767 1.4265118433253232
5.899780389866989 0.698167819339375 -1.573981927828778 1.4315506359116195
6.118869637277533 0.748172807924768 -2.10594392637271 1.5462175722271838
6.079122870307353 0.6524721478531289 -1.9762108395837257 1.3557045401914125
6.057538254626827 0.7229501955764862 -1.885446552807491 1.4758416682516522
5.706641135818208 0.632418036319799 -1.1964632597007656 1.3062396979594724
6.45561396380675 0.7649397625076061 -2.7867314360045774 1.5713137991598845
6.2741261181147525 0.7537486398961581 -2.3980012066588956 1.5582294098082132
6.384405938996426 0.7796828464363654 -2.5263353136860447 1.6077361179888534
6.286903853244574 0.9666467266573938 -2.4571416268716417 1.9942063504751149
6.3835950184181085 0.8590174539233529 -2.586853906979416 1.7560888419049467
6.062735093939663 0.6919441221428625 -1.9604620631646417 1.4272638724385198
5.739140450396518 0.5500142479862096 -1.2472566455239307 1.1317260984063853
6.439378765247733 0.7033630019067949 -2.7321710522270695 1.4460445089295537
6.126589076713995 0.6344634446844137 -2.059440438557534 1.3017777717734464
5.965213983715421 0.712538479626272 -1.65819254100772 1.462065343826283
5.695370308161766 0.5856475756340332 -1.2114522895255517 1.2072145385787696
6.288881052362344 0.8074261899158929 -2.357484284541805 1.6345819737420522
6.001513635167488 0.5802905758791375 -1.7895499816531948 1.1966080266888943
6.203693220439698 0.6940398914672491 -2.1385230670312456 1.3820046151903425
6.109163848612757 0.6281630710804046 -2.099081133678423 1.3039061080715992
6.023575463643413 0.7144359133521159 -1.9066647373362284 1.4688674581992947
5.826699090538652 0.6340932146188213 -1.4931948683197833 1.2958836213117515
5.77592479687631 0.7713035672042544 -1.2601684878654695 1.5065212035348547
5.982434917159426 0.706655021531625 -1.7513841376951262 1.4587429278612019
6.005194234623208 0.6619083579556194 -1.8426432134240995 1.3516811516565836
6.180386791900945 0.6734355335548918 -2.2806473294330605 1.389117357800146
5.853657298953097 0.6555501013365448 -1.5470814100698091 1.3411160777881799
6.030979573943385 0.7224494037481926 -1.7834057482676196 1.4825585600307767
5.665734177200495 0.6688999097533921 -1.0863406693226456 1.3734282076259852
5.787276408113189 0.6545738570336862 -1.3531847540115094 1.331720451214302
6.223898145603904 0.7449283840436696 -2.2469612875822706 1.5352374377877986
6.648239080748642 0.6781213692722965 -3.098102622416678 1.409364220511903
5.9126318481159075 0.705464332068626 -1.5371455381504753 1.4262258300702375
5.918229665852159 0.6063515828206939 -1.6819324191185048 1.2550261830897351
6.1865694813859715 0.6156884041738379 -2.1846488540583264 1.270617318937522
6.476142952191864 0.7955788082164154 -2.7291341817189236 1.6105819443941023
6.438081733296943 0.8870227670640817 -2.675673465578863 1.8147966875886272
6.512188751119468 0.8541528636927271 -2.9381484826210107 1.7382771012187956
5.667815105782866 0.5793763566010561 -1.066549811008529 1.1825649142188552
6.340637693286708 0.6972653004714023 -2.4267258536554515 1.4183579491015061
6.179897124250248 0.6984423014934275 -2.207524396617451 1.4382907098342632
5.79102370155385 0.6317606688652558 -1.399911609623889 1.302177001996529
6.134252680571095 0.8044120362092797 -2.1397101545848773 1.663537593495751
6.087870514510435 0.6705431509602717 -1.9725645035319257 1.3709890310524486
6.250060284535464 0.6874880455582649 -2.315179588251862 1.4165862525312551
6.119227690610206 0.553548553753086 -2.0213207054319975 1.1357742571969793
6.024084002067767 0.7070582242264182 -1.7819571968306396 1.4583352744856903
5.9377333477725465 0.6115224176985044 -1.5616481382664142 1.2388926906712308
6.000275894579239 0.7474331063034432 -1.7774335255759817 1.5221865629749922
6.159373419732006 0.6884992559365571 -2.118044927191008 1.3993276076977277
5.759183523933929 0.7698751406656078 -1.2607449980129621 1.5701246800941846
5.800718622280296 0.5913157297500882 -1.3483033350770364 1.2148514208810859
5.826420992390751 0.6533117967004406 -1.4039293633756813 1.3169275737094448
6.217635454596474 0.7131597660611756 -2.270687459206727 1.4523916402757588
5.56052635611385 0.6587026531581424 -0.9987959298257285 1.367771729331126
6.144627600895101 0.7278466648118936 -2.1039107379612076 1.5060002782445965
6.118162210840854 0.697177811284295 -2.0081568129161127 1.424908694557851
5.584421017933316 0.6748613850124192 -0.9849004615747338 1.3906138845721947
6.096743511428941 0.7460342334417139 -2.0517572059689453 1.528764515892551
6.092815330027718 0.664187696706436 -2.003469897981816 1.3651681136013907
5.805577324992565 0.6326785142067392 -1.3393076183484898 1.2934347631647973
6.413434644881957 0.7499012890253812 -2.655921914424346 1.5346775531396502
5.959523553925342 0.7047977173599229 -1.7812460067593099 1.4550937043113024
5.968520414966807 0.776345540678594 -1.6998131119210687 1.5818348969496754
5.955990234503329 0.6067175772720406 -1.6573635503289876 1.237991836953293
6.083264864875925 0.7074102525255204 -1.8915628287737363 1.4527655588948591
6.18489113945845 0.7365999140575545 -2.15424035616558 1.518634594647401
6.249228702428843 0.6808781432119823 -2.378170685227332 1.419730840979312
5.539270936482557 0.42555252075418604 -0.8402328029189112 0.8591483873473061
6.24079640708443 0.7700879448397417 -2.2656513467853125 1.5658506563678047
6.451862515658459 0.7398973657486653 -2.7181671235023472 1.5302553076428531
5.8208085597351635 0.7488726572086856 -1.5313295795893527 1.5536567033885913
6.095852028986573 0.7518088178099521 -2.0110342832244235 1.5419860445958191
6.407515121360465 0.7932740043851338 -2.683758123045184 1.621084543473609
6.449016319476075 0.6891783239765944 -2.6604105688617183 1.394995641863887
5.90704832371658 0.6868783151045643 -1.565842082767513 1.414190670508766
6.280611015246073 0.6984343731075208 -2.3466149173046142 1.437594367765838
5.991700174874534 0.6311073799086024 -1.7412128119111423 1.2765239190097177
6.505439471126465 0.8411764404022812 -2.7520554752717032 1.7197773949183792
5.925208536084574 0.6231968159874982 -1.672714737469358 1.2872084672348119
6.166217937327791 0.6889097913646349 -2.194077767135896 1.4226697665953483
6.079056808001848 0.7349937379792024 -1.9294892646898496 1.5125413174575877
5.7560024463034924 0.6196960213627477 -1.3226069789009247 1.2904789640077174
6.260321581239489 0.7644264481447506 -2.405329810148337 1.5798747834255022
5.861817972677703 0.5474687009738025 -1.5487196765936333 1.120329491310169
5.790666375940814 0.6818879092206849 -1.358248967009109 1.393498723209543
6.023056369363006 0.7246564551549799 -1.8587377441692094 1.4975723858845806
6.245044900159639 0.7023925472478663 -2.428884314810472 1.4554815325893808
6.372987442192651 0.8230603537539123 -2.636956726142412 1.7076468472563526
5.773317531445405 0.5846365748987202 -1.341581967373825 1.1941735271711584
6.5222197258796175 0.6851256700322312 -2.8610225138947563 1.3986162469943646
6.142326866784101 0.7423832898085564 -2.0493042468539873 1.5208369219399671
6.141822038467639 0.8186913036682588 -2.018573641532911 1.6808039395846435
6.406882694591404 0.7137873373588387 -2.6943859030487056 1.458746357802247
6.148899684960082 0.6152090434573567 -2.0742673166735726 1.264053817585942
6.0929468666824835 0.7668171114616643 -1.9959627518827032 1.5803025008020999
6.598002783009998 0.743894503737601 -3.085452172284128 1.525947148651993
6.257170048327062 0.6213363217693271 -2.3968687922192022 1.296022401412785
6.563463676197664 0.7855514344108088 -3.025805400891467 1.6143375307194407
6.027674274947287 0.7197435872102245 -1.8464014873977919 1.4688840545792037
5.767468617434961 0.6032952158705819 -1.3973401602999187 1.244425364386686
6.177882992935178 0.6536220072827011 -2.1405068131265748 1.333741974307583
6.826114874141826 0.6072454279896461 -3.5295437883011633 1.2587376067524305
6.475627813634556 0.894209402706018 -2.814531522581815 1.8503993285152942
6.094001808765661 0.6770154232308468 -2.0315013042313246 1.3968465927318505
6.288674461992882 0.7830681555991696 -2.368546857525109 1.610630360437632
5.788184135335589 0.7613586931765836 -1.3419059207964663 1.5673499378607043
6.172517460065986 0.7381853977328776 -2.1832502251281456 1.5237130711622107
5.67165776065632 0.6188345601305817 -1.1240117194122132 1.2696118846920101
6.202642160812143 0.9616598973736468 -2.1658075143408158 1.951926124145844
6.553063246959473 0.6999499391401279 -3.0577017063096434 1.4514288226311973
5.938435616527464 0.6317985905900372 -1.7600737583719113 1.3153553626630505
6.025006209619663 0.705574219668014 -1.9164485543751668 1.4557650267564606
5.927531739268586 0.6963431383674675 -1.6760279466693442 1.4359709069348463
5.800821021671688 0.6371006011467167 -1.3895728465774082 1.2936712823869057
6.221302517922142 0.7280395000298995 -2.2434042131942 1.508156106875514
5.852392451798185 0.6674785705760807 -1.4999948451763918 1.3799403084257251
6.124005023059299 0.7529227961256068 -2.065786420588941 1.535980291136615
6.86903827416287 0.7507574601154323 -3.4559333036097977 1.532338896153368
6.229375528315769 0.8368024147764126 -2.255488636534368 1.704891163055363
5.744932803399298 0.6424997240045544 -1.2318690839105315 1.311004260640797
6.312877798819205 0.8304221557732491 -2.437121364718871 1.7103877342401972
5.906875599175178 0.6745436391619348 -1.586115746789429 1.3767848697687897
5.732054484573093 0.5618953572274503 -1.2371199677331777 1.1456278196510903
5.68334545142827 0.6455532433286282 -1.194217214402932 1.3406272549873004
6.389772063166921 0.6411857423444081 -2.6287480485245163 1.328357250793472
6.335607276521232 0.7979656186018707 -2.4742837282029306 1.6312051739901483
5.964601030215253 0.7803816883501945 -1.7346507607815185 1.601588474381325
6.523073502885432 0.7618064625909422 -2.938756889768174 1.5729299319003083
6.112531854023278 0.7250135834267943 -2.022252294673904 1.4772220888005767
6.408657680396817 0.7452924761724955 -2.6255593996271074 1.5206732723106349
6.421106435566561 0.7873296629630058 -2.621939723200044 1.6062157107291306
6.2927636244629195 0.6998699586742905 -2.383559560313466 1.4396695173237382
5.859660476030095 0.5641520022299156 -1.5401929101337273 1.1424187435743614
6.282834502079812 0.6755786702781601 -2.382513207140248 1.378988802847557
6.539987295685293 0.7610090088883443 -2.9789730842068707 1.5617239451415497
6.78631875439556 0.6646681684702083 -3.4166231873404485 1.3458626271548548
5.96207740861915 0.6235846015213801 -1.6861232680006517 1.2754124869484313
6.363822651678273 0.7455738553224217 -2.573038478556394 1.5309127106661748
5.929436144956496 0.7151332911356543 -1.746415431011011 1.4767950270685843
5.859676497981148 0.7326006392181208 -1.509038443902399 1.491253106849317
6.487854624525226 0.8117707528857908 -2.8649854060936844 1.6740666479179473
6.495632753610187 0.7191819572435622 -2.8296924336149507 1.4755188640211252
6.289560391337841 0.8259665783591661 -2.4118443004318117 1.701444031868774
5.943149210135535 0.7186158064891323 -1.7244632691215762 1.4656980587948227
6.107357107982924 0.6278823188090508 -2.0411755228647204 1.2884603101475252
6.4088605539153995 0.8360961466158534 -2.672567291014944 1.7055769452500786
5.996347361378154 0.5425486246187413 -1.898367544520653 1.1248608270129357
6.574925011851672 0.8745109481337896 -2.884030041669484 1.7752027778836488
5.9572627112933825 0.6038439775048418 -1.6754624149988564 1.2385603231853721
6.114142929917759 0.7320818698938055 -2.037175493318294 1.5124758993339582
6.248687182087066 0.6857265030743757 -2.2703158734607154 1.3960079919741966
6.089715247855894 0.5155991110190495 -2.0593920604263296 1.0689963159219047
6.180079905125466 0.8032530631037278 -2.268147237845645 1.6714917978567596
6.1668383879602695 0.6713181614995636 -2.0407639758725513 1.348608491578937
6.161265166241238 0.6321581564106746 -2.149911505495881 1.3033478004986585
6.566183140364055 0.7581815994619621 -2.9471019543457135 1.5422926571581523
5.987369592660024 0.7358488707050669 -1.8286255292997167 1.4977870497751216
6.455331758495525 0.625937636800548 -2.721081073695684 1.258523743801923
5.941410091267553 0.8729061206063996 -1.640321296353024 1.791706120577496
6.536584503061969 0.6805951853591754 -2.8468859730188356 1.3881855465900454
6.0032239600690245 0.7557245655983468 -1.8442677474194096 1.565637448285995
6.123352090415242 0.7075475334947864 -1.9779761807919702 1.43053552911269
5.6630791661286555 0.7656399982976535 -1.143403518711297 1.5844135215241613
6.271147454077026 0.6755316921607938 -2.325851430047299 1.3950405729668924
5.755738154436205 0.7072377638829571 -1.318015894155936 1.4486179152611407
6.041431868684902 0.6609790888500434 -1.889517582708179 1.3536663890672773
