4.029570046631788 0.27815698130835875 2.286208903384111 0.5755835518689831
3.7885564231756383 0.2805294913399936 2.694261579711563 0.5810456577051994
3.945289109642497 0.2588066194052805 2.4625875698303243 0.5333328340422633
4.012677192432913 0.28792188221688025 2.251204652882191 0.5946088631818182
4.03444312736378 0.26642174310873196 2.2094940450061262 0.5529635038227645
4.1833781693981775 0.288924321593321 1.9456421990385167 0.5977112386913151
3.8394350979031957 0.27045804084348024 2.6588340024783665 0.552846383687457
4.07792112797668 0.2626288517734395 2.161469849169584 0.5384370594649924
3.9010520791955 0.2815970849704538 2.5237304126351052 0.5818010675335918
4.16424735436169 0.2696957438204722 1.9341206238633024 0.5554612312851749
3.672849455027463 0.2662398222696447 2.943454227015101 0.5475727442002809
3.7262256328677426 0.2669003910025561 2.8957860412846435 0.5478188815112964
3.764935563726481 0.2780400541037904 2.7879414717970192 0.5717254710165734
4.05189621742349 0.26115269652446316 2.2020502401253284 0.5348921304545292
4.318197878324353 0.26185671305553554 1.699840211854555 0.5339838899519249
4.004019130636403 0.26535466397768376 2.248310538137783 0.5443127723859764
3.46268384426801 0.2619062206271665 3.422335209407146 0.5344708024942085
4.176099268128462 0.2863143583955164 1.9732466887740046 0.5896110058686158
3.935019182007416 0.2600318929287492 2.4662283519006367 0.5330675053496522
3.99748170440776 0.285520802879953 2.3388909761970673 0.5873603236312591
3.6958080774267437 0.27284154781872333 2.932329080775379 0.5582867476727756
3.5980866131140523 0.27095373702848785 3.1097845052905217 0.5546718367721862
4.208108516012301 0.2892410032559602 1.9126067045305009 0.5950349312963803
3.850772042427362 0.26669475771688006 2.627257364638254 0.5483139310688264
4.079012135112242 0.2881560677001194 2.140895677195496 0.5898340400864244
3.5518747457594397 0.26894628284164 3.2557660378756372 0.5510020227625746
4.098461338485997 0.2911471772525228 2.094747668186814 0.6020478930622807
3.8276809839478774 0.28221603167470255 2.689397560185775 0.5819481875523244
3.990412981105918 0.27572260689668127 2.2893153712344723 0.5654374502766877
4.129706227372785 0.2821278549982533 2.059027658745234 0.583487423627481
4.1300983669722395 0.27010733967055006 2.0410783231714706 0.5528480190691532
3.794402128276083 0.2794574842593599 2.734579471651723 0.5728855562787981
3.8157433597549826 0.2612031152772514 2.7171122308045206 0.5375792067872228
3.8593253699591163 0.27014891968501015 2.5863206733858775 0.5550121549035392
3.6347001573762983 0.2677235314276933 3.0396877754788343 0.5436623930786737
3.8085230881607908 0.25538925140061053 2.6528166660428196 0.5214276009299249
3.841048311993352 0.28084772877352093 2.626298901068221 0.5701491623088687
3.9167191441715437 0.27011885148971193 2.466709540540654 0.5565778355929084
4.147201399670204 0.2768764473324382 1.9825043850847823 0.5676751038230795
3.6614966189170324 0.2585815087321449 3.0204641173642033 0.5322636429063144
4.059053378708675 0.2603983357240998 2.193524830684713 0.5332849309925006
3.834448692372275 0.263298408299441 2.6831542028645394 0.5428457489340413
3.928836405255641 0.26890457017006225 2.473877514077069 0.5549346080861597
3.6988208654394183 0.2734632496727668 2.8699387091234647 0.5564496271966998
3.949521438777362 0.26961453202862334 2.4152751444792355 0.5566423865146544
3.7193944684208695 0.28413424186030195 2.859932533109306 0.5884942680220565
4.215058290658591 0.26116901804695136 1.8594065735322793 0.5357779950344138
4.256762751755353 0.25118931241487913 1.835547159932897 0.5172727652892379
3.889022418177243 0.27581515905808907 2.56684604213595 0.5673773940254754
4.009314853510549 0.2807797161742226 2.2836477901181205 0.5761743692782921
3.8084006603164204 0.26125522396059214 2.7127158869633172 0.5386034533748696
3.8863471532500204 0.2671775733470671 2.478646201506968 0.5470811674682048
4.033668724251769 0.284889808921387 2.254479358793427 0.5819745230323954
4.013688813309958 0.2736135811502287 2.287121341080682 0.5600821683790156
3.792988454711157 0.2749548547624855 2.7165065766778236 0.5610739743151157
4.017334454813345 0.26033076866094934 2.270399937976964 0.5385985656027955
3.9502062172127212 0.28282411256370316 2.4127686923411913 0.5859192038422046
3.8937615917852604 0.267581864180471 2.513527142955062 0.5542987542920361
3.94371155031374 0.27085623809928994 2.3773248072716253 0.5603039404873501
4.086007635672424 0.26751500791014515 2.1403247031805632 0.5433643091749926
3.960636606281702 0.27241963177316575 2.3766786381042175 0.5531783280231006
3.976507371353099 0.27405184707274904 2.323962841171519 0.5654945029991686
4.380306542626975 0.27394330162872677 1.524471465896657 0.5615243418268584
3.845024537889428 0.2652152939746448 2.621913909331291 0.5472430510106506
3.828541133633556 0.26821195973304995 2.65352428278666 0.5540533076734584
3.7733994749591027 0.26848886560436275 2.7992350776275887 0.5524284886413321
3.8796477079558542 0.2920395298820163 2.5546052736954934 0.6025946972582275
3.8211439820632584 0.2521376118314874 2.669739740604025 0.5160897132592401
3.986255598880188 0.29083015242802274 2.348895118309016 0.5987833976411304
3.672705282363503 0.27846814801736725 3.0313025978537436 0.5728156015487406
3.921592565151053 0.275863257250481 2.458779114145062 0.5643632629519103
4.108554866665957 0.24792590407049514 2.1394130219611776 0.511162634291648
4.008351799692065 0.27913485477488714 2.317405802434017 0.570175754667246
3.9582840721240395 0.260125493648561 2.359810318895329 0.5340533932574362
3.994743338686243 0.28123213489416127 2.3175643612354278 0.5781774499086143
3.7094135649361255 0.2472491804394641 2.9218220726179647 0.5077593465530368
3.958983247199332 0.2725882971716206 2.4113574029273774 0.5615472104525236
3.9300201593243065 0.25613509249831323 2.401045387574899 0.5242674600563692
3.8812372144153304 0.2655668385020292 2.51637325262089 0.545149359113559
3.6975985643070466 0.26014819097158254 2.9049217718068325 0.5353061667084321
3.9053236885147173 0.2755860785972917 2.450831378599683 0.5639295005541961
3.819750909166488 0.2737811066242578 2.683982189277943 0.5612975133536615
4.088110593746782 0.26607519730025064 2.072777992296354 0.5431216757114138
3.668701720989172 0.2683851776856924 3.0461118149677446 0.5484453879264497
4.256435716395306 0.26520151902671085 1.770266319196267 0.5396887017464281
4.014154964650189 0.24593632884409328 2.242012968446918 0.5060376753421765
3.709085736641603 0.25454419685095087 2.92369624582959 0.5233534156198483
3.8869410062552427 0.27273878579983474 2.521703250512089 0.5602834111761087
4.058078527562127 0.2805363035035983 2.2016318813591127 0.5722888160718456
3.664455648151252 0.2747335916728099 3.028369513177881 0.561630476218449
3.936215139300148 0.26076817655503554 2.4000415207910795 0.5372459174560611
3.890834674176922 0.28169389801682293 2.5116865934796904 0.5806704685469787
3.8890501991182544 0.2796066995465931 2.5232286703046602 0.5725479395638737
3.921840935900065 0.271380591302497 2.387370965945996 0.5553430796063057
3.929263466280837 0.2791188361256593 2.43305986284234 0.5696943520703277
4.1939118378613145 0.261474553648003 1.8722617780756563 0.541902751094766
3.847723313754038 0.28190915117144927 2.555517470228517 0.5783023504281635
4.24810296938859 0.2836323573547473 1.7554621641669217 0.5828129598987105
3.669132286777714 0.24773730836644386 2.990711280339154 0.5094177727649168
3.9769905862032147 0.26303835028906264 2.3583760007236 0.5403249295696643
4.070645958143745 0.2701500786984344 2.135862962827093 0.551074621485026
3.859556403857446 0.28365848146839207 2.582858107634454 0.5792333615585994
3.779318567691087 0.2792304597456273 2.7357660208996726 0.5781058267523206
3.900574543935018 0.2774680115223869 2.4624515341031437 0.5709246118346122
3.969774908027821 0.26388237104369766 2.3380763371618327 0.5458065550079733
4.0818100886828566 0.2708424798342731 2.09719054754124 0.5558143313085908
4.292459495103559 0.30553915027084017 1.6999268287053526 0.6206898812272688
3.9489363791223657 0.292956579355225 2.345188408284062 0.5987144004943051
4.069184097552289 0.26143345508641597 2.1286275451772507 0.5348482802670385
3.8989831139703233 0.2552760990412514 2.4823369572026337 0.5206216816884381
3.8725801623506477 0.2575017766389284 2.5510767171661253 0.522335084515617
3.8399812693704467 0.2591381779884974 2.585881479926165 0.5305848696967467
3.705107156054473 0.27002064703026657 3.0196316200610736 0.5603805423578936
4.142854408317885 0.2750501144933644 2.0214865249038505 0.5676208019864702
4.1017711228955624 0.2715247596425912 2.1087584158901116 0.5588956005601209
3.891530453092832 0.2659450699430771 2.519917702901695 0.5524293304024173
4.144051674278526 0.28822856566717847 1.9505610974781153 0.5933849824507966
4.179340169907695 0.27655616793459875 1.9058859744632597 0.5690482717968327
3.6185035390798994 0.2694779782624241 3.060670769519857 0.5600273224725525
3.7406320557203614 0.26403685685982214 2.840472816053504 0.5452498929891139
4.344864666510912 0.27960812297688353 1.5229549898991133 0.5723944048963014
4.093857365923954 0.2675279169425256 2.151897092676122 0.5522256796770085
4.049420074970653 0.2663048126925812 2.1866770371114193 0.5425279134472358
4.0224591330790425 0.27251942483954206 2.253415136104989 0.5631495555586337
3.757744207481797 0.2683306049647113 2.845831637191197 0.5492086450884153
3.9524337358068817 0.2842375659250956 2.357481018957815 0.5839771557395782
3.9816584400424953 0.2731293948376985 2.335230475687013 0.567246135408537
4.142206450089255 0.2748568056985806 2.033367456660492 0.5712197826209781
3.7612847766082496 0.28413378060172734 2.7839580584725505 0.5869335133315604
3.535118162526989 0.2575958433696413 3.2737937671764903 0.5314904845192356
3.6407269433286404 0.2697106541879686 2.9924014289736185 0.5576186058504813
3.957532681240507 0.27475210165831726 2.403104122675418 0.557916061964778
4.091519415521388 0.26107841524781633 2.112551824294467 0.5363513008207831
3.7849793401924803 0.26372026308864993 2.690687436089547 0.542134017093644
3.701745080819959 0.25914725003457284 2.9501849165699974 0.5362208911721769
3.8980587154837494 0.30046899395473503 2.526092449818387 0.6153290935788058
4.111887614109216 0.26266943881028265 2.1248996701294343 0.5389249146475403
4.018544150998549 0.2541486908126255 2.246451190786446 0.5261485032524406
3.552762640439427 0.27103861114125166 3.2222963686640194 0.5558414615374958
3.9700830841873627 0.28904963376442644 2.363085170106961 0.5975193882270812
4.10207835742723 0.27002067594426854 2.054953351852446 0.5562522236528236
3.6213002184163416 0.26157234326503137 3.092452447363658 0.5409961229684279
3.916701307785048 0.27529696963087485 2.48762375918577 0.5665348485218034
3.803099447172656 0.26890502537646793 2.6561676034555726 0.5569841559618818
3.866564106080459 0.2904016999460073 2.5815856654987193 0.5987491471881391
3.851059983830633 0.270556589948896 2.5405015106210067 0.5573825674651771
3.7799370049671164 0.26207687841678245 2.714463865046065 0.5412688145811065
4.014260122331654 0.2832741873207785 2.2850265328821058 0.5820636460186066
3.914906461113416 0.2614493763865822 2.44009957234348 0.5392868997008756
4.070588810084315 0.2673769375755388 2.1813075421053774 0.5473762584579224
4.023586807812071 0.2629073943275625 2.240649749658593 0.5423911824149787
3.693638652831936 0.2539866628552158 2.9217728016527036 0.5236175068460811
4.226923842926821 0.2701912212080903 1.786091318545137 0.5561939938130318
3.926615479346956 0.248776223622332 2.4165036219782356 0.5147369101614586
4.097176324258667 0.26609820385417915 2.0831180944683507 0.5457389166702016
3.8182371258120043 0.25230182450711697 2.668413784135681 0.5181337365934241
3.5993025200423396 0.2728923805737784 3.1175695615690553 0.5577782458214106
3.6423699420425057 0.27310665622546754 3.0239238768081496 0.5594089730777403
3.908950181622016 0.2697012159512212 2.513700906471894 0.5545990824972507
3.8525139370904973 0.27262953127075135 2.5846340165052366 0.5615880705491225
4.087806024070186 0.2560296376016226 2.1256714227024314 0.5287058604994282
3.964702722409389 0.2739084185386242 2.375696755137272 0.563668829902279
3.8637986381729994 0.27250482982741087 2.5558501618170206 0.5652964452867878
3.968441108766851 0.24323493387690587 2.3885452603442694 0.501337742749214
4.192709216817512 0.27932479175015323 1.8769589181537194 0.5745868782792288
3.791113443000559 0.26584723196183246 2.7342805722587302 0.5487867553680061
4.147976055218306 0.27467567056835657 2.010372786732436 0.5633379910809548
3.840342613021763 0.2712603721879493 2.6154184596020356 0.5587175959432903
4.179819505540635 0.2827210175196511 1.958342773110424 0.5783116558515635
4.140491590222384 0.2708200300682123 2.0288854596463466 0.557726862263186
4.375724353730009 0.2532082222842614 1.5497187548670985 0.5227822648806428
4.57295890273639 0.24045631437313683 1.1302021187856734 0.49654628417683455
3.9147552540351835 0.26451181432067544 2.474274699259717 0.542786692448972
3.5972184226149757 0.2617778870332638 3.088848267321007 0.539263046740311
4.174413913651314 0.26864550560170875 1.9553737777824693 0.5534382283067596
4.070226600785477 0.269966909556921 2.1143585305434316 0.558585529502373
4.215002456704283 0.2663533996531869 1.823018860819186 0.542415974798724
4.009207047386762 0.2703811080409498 2.2945416486971313 0.5581788346530896
3.6306080141446246 0.28218507383085767 2.98909287879642 0.5776439835118753
4.2161859262115655 0.2891260098282812 1.8800996048762886 0.598708206662828
3.972290389196773 0.2600553257967623 2.3404212949269336 0.5323141734119796
3.885921128890059 0.2564529009501067 2.56551079095245 0.5228832127193735
4.198030890932568 0.25906987409898946 1.8954797647129658 0.5340257660887054
3.8859874724800347 0.25988483856672434 2.5750641758036243 0.5371555660797261
3.9410187796971483 0.2736389738166351 2.4147984021573903 0.5658185749330982
3.616534765403572 0.2689618493747642 3.1430919215389 0.5487515629173063
3.664650710755174 0.27817539472838676 2.9961487118405783 0.5735123760865525
4.156677644509287 0.2706664778476974 1.9844318457449213 0.5552271807827283
3.823632293715087 0.2702960692308533 2.6805802632428772 0.5534043330626008
3.629654029585608 0.2545443299835998 3.0554935730444943 0.5226712491866745
4.206567292002095 0.27075533819760517 1.9082113276646986 0.5552458396277138
3.7399944975550854 0.2697913157650734 2.8486297785385277 0.5534160195110884
3.9524959297994524 0.2771802443163397 2.370202402810153 0.5649536249021613
3.78143630246125 0.27526848240016827 2.7491164768321057 0.5621202180713469
3.985338692736083 0.2678073983732973 2.3021456836532073 0.5493340282475279
3.8936958275364897 0.2764277266123714 2.5177528757257264 0.5734112793353697
3.8036810503146867 0.28778813283262533 2.7044525480705115 0.587202026068898
3.8871315623070473 0.29056599940389066 2.566388381351631 0.5954497322116854
4.173907238149122 0.2734510112227118 1.9117829011107976 0.5662041474163728
4.019992336400374 0.2721851117627134 2.253684394532679 0.5602701831444163
4.217969518267996 0.28680152743340337 1.8668712529489673 0.59035420909361
3.859691261522596 0.2463591727288147 2.5917048146979713 0.509307869200883
4.050600225113256 0.290069786874209 2.2464279832427083 0.5951304490326171
3.8942683006535255 0.28137121087856587 2.5336371151647583 0.5793506766449377
4.085202147810423 0.2832070499025252 2.170369439926719 0.579588958862852
4.279520506447149 0.2631552840431969 1.7274081197876128 0.5475441182350099
4.160071972644224 0.27467862390466297 2.0231330257356346 0.5578612622857964
3.7786379802830394 0.26013331644653453 2.764912224226963 0.532146372959575
4.051295469190109 0.25932196870028684 2.2407047360537655 0.5377861877058416
3.908367195157864 0.2808313298368801 2.4675645035814195 0.5803294358906764
4.228858600713873 0.25641476058276375 1.8839417789879243 0.5277964969087431
4.044399108081618 0.2787973795321351 2.1524648016137267 0.5693199334021
4.304794807343223 0.25625973463327906 1.6602120622277448 0.5190941781763965
3.846954416035909 0.24915225919680262 2.5969116684434077 0.5111237558260431
3.4502069910744138 0.2577182729602188 3.4077832755785584 0.5312145113143161
3.69821058575286 0.28358832491941116 2.8854604574137914 0.5799307498551395
3.9945102527056946 0.30574875384986183 2.3447241883033567 0.6293372189488928
4.123659720786961 0.28322749265508795 2.082579385386783 0.5778024175358398
4.203475997421421 0.2625145709788696 1.852018818386927 0.5386336474420919
3.8766700281805155 0.2640996725927194 2.5036169629777314 0.5419124984738326
4.180651746410145 0.2832567035837169 1.9354813953697954 0.5778824400680641
3.7332576805664166 0.26071775781527884 2.8326681026680434 0.5375469680025685
3.8275457898924348 0.27881023330530974 2.635694835560847 0.5735719754825067
3.697070887144428 0.2702065176129981 2.9491838039022804 0.5538998783063953
3.5839104649154874 0.26891998785331883 3.180328157332182 0.5551119673520852
3.715967856085053 0.2741117834164737 2.8879849933077457 0.5606050327151154
3.9427460230814786 0.2614630583480019 2.364034931616893 0.5369949120847827
3.9513347837444615 0.25379154866062237 2.376854189103814 0.5245386882767242
4.045539998002944 0.2655090344250828 2.1903424705961725 0.5391265362945954
3.661870597795295 0.2693043917708599 3.015094813915104 0.5556966040437588
3.605348737662897 0.2704781095093898 3.137886693511886 0.5536408899735766
3.591207599734572 0.2763304232573787 3.168998158056212 0.568351129741593
3.7949128653873028 0.2662182209285458 2.6769564572556335 0.5493609631444843
4.013828098636951 0.28476295359240894 2.2631125492288398 0.5893640955874997
4.0459990377236075 0.26523996496814956 2.2560132867353655 0.5419059068778506
3.9497242675227278 0.2574408554584808 2.4014675526015954 0.5286979428794577
3.9842996299661895 0.2611925293449513 2.263665089368245 0.53999143014233
3.782447175365369 0.2592623513211272 2.7500068998564617 0.5318243198651459
3.9549463061701315 0.2661863071051889 2.448304859433018 0.5472651775033646
4.077386526974433 0.2603246968357744 2.1106476889349763 0.5354463977339293
4.095710708907516 0.28641014817526644 2.098378402090618 0.587265263436366
3.9894085179164938 0.2685695999256372 2.2842257244762854 0.5531390549412787
3.8045078587860495 0.27044384789289094 2.7020172128338276 0.5533348115032422
3.735048626740724 0.2593242226631896 2.8349090802208035 0.5304432906279352
3.8644546897937975 0.2708542595548401 2.6212842284656444 0.5568716841305092
3.8851580955968155 0.3087540690324754 2.5705022858824993 0.6388036722743156
3.7612205838869697 0.29125817442596 2.796189199949594 0.5983021654041978
3.8184658227794954 0.28033070207000227 2.745478848369582 0.5740282770528362
3.950072400987258 0.28222041500655815 2.3588937616609664 0.5810335223431005
3.829798544704934 0.27849384841195746 2.6769396879021743 0.5714760899515593
3.8336770500829633 0.2646524624137109 2.644299190343353 0.5461414315411668
4.015288719170409 0.28367124305359076 2.2769934914644048 0.584300372569423
3.8912956012051634 0.2813892427114081 2.531048955287188 0.5771938649684996
4.030743275030665 0.2671156256184116 2.1998611773925525 0.5553480720495164
3.6586781333030007 0.2781913140033488 3.0322716140807113 0.5696326531909626
3.7312846629349035 0.2714325537267689 2.8633202401436737 0.5652984878874607
3.6713992916369627 0.2809057027336709 2.9455182814652328 0.5730161807345514
3.7691476666264636 0.2722605928562364 2.7475516131432176 0.5571018250438943
3.967400903945157 0.2624388831150269 2.3982455512069354 0.539018750818442
4.259041044916318 0.25581786646106297 1.7216120784937838 0.5225505991747836
3.8429816810024042 0.2763119279631515 2.5997651415157463 0.5718399504532296
3.6168367418667073 0.25579404953179763 3.101258134769905 0.5212617374902166
4.275653926321835 0.2670439050625505 1.7295729201992498 0.5492120163141663
3.915368458966907 0.2659469878671955 2.471197510500641 0.549959949177015
4.131814618039643 0.26563962051323003 2.0245857880047087 0.5488002291370093
3.8441957056289238 0.2679942119908572 2.6236592798961422 0.5534751703593919
3.60430175261861 0.2788015252679507 3.130944525139487 0.5761004798939925
3.914755983648417 0.28355791038646144 2.501234450671555 0.5860734370831125
3.97437582543155 0.282755040017426 2.4082231589532728 0.5818797257287889
4.154137772154992 0.26824380542642634 1.96980932144012 0.557943746549101
4.166674579334348 0.2671574672417592 1.9618904214370239 0.5506907569639771
3.822589617929497 0.2712852460100414 2.6686867623391834 0.5587729541361144
3.5725325597895043 0.25252714162869 3.1694189342764236 0.5217724388038701
4.006002749733398 0.2700552362595945 2.2579890766382764 0.5566002900062196
3.8684085362439364 0.29627900300233384 2.5720715571714505 0.6104928472250811
3.7393920264275398 0.2788948413805374 2.866583234533227 0.5732752721150605
4.011837403593072 0.2784281410830602 2.28718493773226 0.5706259178361206
4.036210222697374 0.27851669067425106 2.1743006596849863 0.5797547020341252
3.7455592407757288 0.2790690566606897 2.759011965747738 0.569812412079159
3.7276334037601915 0.274082157571515 2.879195774038715 0.5626291665475718
3.9173575857300276 0.26464601723875125 2.49962373429648 0.5457854328059972
3.906264139290724 0.30188762711413486 2.5129373474189265 0.6228239690857977
3.9870932444455223 0.26747773601664954 2.290175009665143 0.5495180692200987
3.84621425161326 0.26946553676815804 2.6266636598102515 0.552497261770995
3.902886494881453 0.271587554795032 2.5556496977975707 0.5540851313153047
4.040431105100371 0.2598923828521809 2.187893912923076 0.5322747643088747
3.9536730146927654 0.2775459391424727 2.4244020108964266 0.5714641191539511
4.031219903058876 0.2613056687438308 2.2705216731628077 0.537023453477773
3.9916390631175283 0.2593234526765526 2.301102863711904 0.5340352962720578
3.950182813806661 0.2771660336930587 2.355736182814497 0.5659231512240112
3.9104046190415374 0.28435424694384165 2.4520798838927753 0.5839224291972819
3.991097517446462 0.2708231740749512 2.285389499480331 0.5585935541577399
3.999961892706877 0.27068863735587273 2.3059466593828084 0.5583495033466851
3.7818464725196295 0.28174127844405916 2.797121057594352 0.5803676290479003
3.9256497721536037 0.28117470630728175 2.4521668059149557 0.5784646385364478
3.912721026652819 0.25060767858291333 2.429571831743369 0.5162798494773607
3.8530123434382695 0.266740860792594 2.637479108900789 0.5501983072897491
4.0431444163593735 0.28707605651922496 2.2347779306894684 0.5894864382341934
4.014896054818367 0.2615067634232995 2.2816609502762146 0.5373602224260478
3.5571170777207355 0.24512416900078735 3.2072942336161425 0.5068260001992749
3.810073119892452 0.2706476210709179 2.6750774520100054 0.5550400793472564
4.090192970487859 0.271777648347109 2.065228103509866 0.5598440405677441
3.9985297445507033 0.28205842656109614 2.2824110511456155 0.5806277419352811
3.9934531199050585 0.26019952965568416 2.3225918782841712 0.5334974301514029
3.8060667648815585 0.29007897243780767 2.711960947040442 0.6016578119773326
3.9859741321421196 0.24668477364821634 2.3303839388440775 0.5145273842817638
3.7541265460480306 0.2572515384188558 2.8287494297866953 0.5229811423079247
3.9877111088836372 0.2697133268822684 2.29167612538064 0.5507320758218793
4.129770760438621 0.2832873743825793 2.0212127784090304 0.5792802976375752
3.9842787806680446 0.2626280357059644 2.349385278981044 0.539906634769611
4.048390115192246 0.263054325354167 2.1950175124551423 0.5386683979797625
4.126866830156986 0.2642610117783493 2.0688913109531963 0.5449528637240509
4.373788271915455 0.28584639390074806 1.5507077730057484 0.5839492391468113
3.617799314172518 0.2683138227621742 2.9893686803292345 0.5486522260380136
4.138655103511642 0.2693951684487051 2.0334729838043266 0.5542283018162224
3.5596926907852255 0.26696455826481996 3.2556280178424974 0.547674883292241
4.0642011379974825 0.27056571689938813 2.1522081903124626 0.5558169698603987
3.481326429509684 0.25493404112667734 3.390210789889663 0.5213228042306799
3.7175324194767017 0.2753401217423062 2.886773739570881 0.5669745805599085
4.053240130297844 0.2589537597155682 2.1853546921450064 0.534757882052827
4.239888420472475 0.2770679487108348 1.834784005783856 0.5689172361558699
3.7912688122327074 0.2664335434426325 2.7471307589910214 0.5488256276501291
3.743790768359978 0.2685361859238931 2.809129506384836 0.5512947314487239
3.5858519476499024 0.2841734384547759 3.1506768249477277 0.5858998511883803
3.950286468394173 0.2761099641648546 2.3851172469749464 0.5666314134778154
3.930563537925745 0.275070344185277 2.451150511980405 0.567254003550721
3.8647316737575244 0.26354332220913174 2.568664283496072 0.5431340194394884
4.047576915498595 0.26180766788942117 2.178625237820102 0.5372069878054971
3.714342457562352 0.2527565930064445 2.911855947241353 0.5171785922154941
3.765906347880019 0.2552092122234082 2.76069970351263 0.5215392919302988
4.120430389077523 0.26337273082677226 2.06934467762202 0.5390592883567005
3.903974779084026 0.2781971031732128 2.5152319275049306 0.5767062325979508
4.282461452849113 0.2999602081223697 1.6950719674600596 0.6149315797258247
4.106852568403385 0.2908681980539463 2.1007099041449164 0.5895984917110049
3.5430526217147014 0.2730922184225006 3.2681028258619307 0.5616490134362684
4.237332020358737 0.2776555655081364 1.7682937530237681 0.5676726110082199
3.8478617767008094 0.27996198532030886 2.5846330087980647 0.5748468461404017
3.530078855959921 0.2635400465907687 3.296540763066258 0.5478737339334498
3.7836628583563128 0.27422411650039735 2.7205351184318545 0.5634029418395053
3.7381159709115375 0.2680699824931221 2.8219097679860163 0.5512154042401448
4.028084762355095 0.26280935325899546 2.271995022987492 0.5428224382715435
3.850945882794493 0.27170416273948633 2.603057229205491 0.5607640956841676
4.1075275353310445 0.2712312069555209 2.1273765492043886 0.5630440863884378
4.016563233900913 0.2496381310026117 2.284069902052223 0.5141402194286945
4.186856686046222 0.27060769167334636 1.8913084067585093 0.5565853233838969
3.7844691429923545 0.24513288036834993 2.7754716342442762 0.5019106274557628
3.7811353673971895 0.27335984064842483 2.761924499055166 0.5547356005057974
3.9329303230429886 0.29718190667449235 2.449225904008629 0.6120835772233861
3.9197152932448676 0.28025983806774973 2.4288521840965025 0.5761940355005938
3.7974556594472597 0.27821701712541436 2.713164483970213 0.5709876642562232
4.005026936506923 0.25430860892996415 2.279899432763861 0.5208809933809221
3.713284741655226 0.2652960764441476 2.8958953806608596 0.5468366958197917
4.372917224552651 0.26354988429487497 1.517470767040301 0.5431975196311395
4.2889005572634415 0.27779081435858105 1.7162259865370761 0.5744590411243345
3.944287541565515 0.28179916741121025 2.4012599373728296 0.5763576654422679
3.6232687422951892 0.2595323200131135 3.1329703236053774 0.5336218500413143
3.7225175954795944 0.2760407200833434 2.839048076801989 0.5647948977319573
3.668397135477435 0.2734277199657914 2.99496461181247 0.5621020731002523
4.237098977807007 0.28597073301069315 1.8118348728656966 0.5861976346120944
3.872930909737046 0.2685507482554732 2.5517557440309337 0.5504017664731259
3.858983403901244 0.25055665865415866 2.579716117663615 0.5115092549623781
3.9376088393580755 0.2736123607289821 2.483559659503464 0.5665421512275982
3.9681775616282047 0.2610089294089757 2.370439138025131 0.5335106349299794
3.715243987763753 0.28986280335838366 2.8879248729655256 0.5984186385017719
3.844668559355916 0.2744614965603562 2.6296066778282485 0.5635401819494038
4.00294235082534 0.27659047041949564 2.299339842781314 0.5679427138474658
3.8768514282985906 0.2612028670546296 2.5372039634361387 0.5380088232999514
4.139752777719419 0.27488824881149126 1.9900079560938289 0.5669490822083569
3.9234656356295066 0.2802612894219232 2.433913447241275 0.5758695194919105
3.94370454047205 0.2566404957155247 2.450172326766082 0.5249483999079112
3.7309204303497996 0.2616750397501968 2.8518790782924057 0.5377255885643925
3.848144284150378 0.26138236110758084 2.6117445397595604 0.5373637425531709
3.872535352684066 0.2760219613722671 2.5860696900658056 0.5664823814448843
3.9178638518795847 0.25986821025311796 2.471932871237298 0.5322192185387955
4.140049599627559 0.2746097294797749 2.0400251553277045 0.5589128227628146
4.231611636581867 0.2684041081989488 1.8358545415037129 0.547272712412003
3.975578325550397 0.27085768891539924 2.3323319303431713 0.5562580708458561
3.7780758069111133 0.27258595410128644 2.7698193172674315 0.562028377144373
3.9316652850032163 0.25863246589748234 2.4348862736025616 0.5305309867741888
3.7274892258396157 0.26603822211760186 2.8593488072993534 0.5439348988080402
3.81676605961633 0.2780455942733675 2.6233435820519686 0.5721003599082867
4.01494924058025 0.26690584044515214 2.259371153241487 0.5502985257985683
4.027671547770714 0.27802935160294223 2.2084807224656897 0.568132922704717
3.9337742930157455 0.2665753111829875 2.4274065279701533 0.5548723851722931
3.6696754577118305 0.273157627652543 3.0055552619699766 0.5606431673054483
3.3918287136050234 0.28266354218968465 3.6065164425268468 0.5779734282592308
3.8598090769446944 0.2577317081107463 2.5318343307543274 0.5273258033117812
3.810293394175395 0.2716309817461142 2.6314146470711437 0.5617494078255834
3.851934267154955 0.2682892082833043 2.638144998037765 0.5565756283981796
4.09247583480979 0.2666140749977934 2.1758804916787176 0.5454768285764081
3.9981475041236543 0.2644330597366812 2.300137650282444 0.5466587052873296
4.075184880210031 0.26257541455538175 2.1588199799604864 0.5402527036916419
3.8387505740836576 0.2580365213115815 2.6656950363572953 0.5318280921503151
3.6846557719058537 0.2754735691402882 2.9653962957277606 0.5637137726107999
3.878260088921855 0.2893494977092171 2.5072915766018067 0.5889954552336818
3.8876965577805414 0.2589147503517551 2.541619039747431 0.5320859402542979
3.987532033986453 0.28141267130554365 2.3274013996036844 0.5780560666240129
4.199881384601069 0.2608143545021782 1.9551379445309844 0.5344047464663031
3.5749399265413553 0.2706725286927139 3.247089947515778 0.5616715723536847
4.0409130896646195 0.26804730188291886 2.1921447444080746 0.5521088281312042
3.9252341561832758 0.2813344345242336 2.402489118390748 0.5765840141524742
3.7802081842194277 0.2728266901942073 2.736150223306529 0.5614551132945095
3.7487731634478134 0.2595558435671173 2.7887804319785454 0.5324964126208417
4.277686456399147 0.2827238669900346 1.7249744668439404 0.5788424610313355
3.653046394480389 0.2604485400162022 3.0120967793314315 0.5337768388970932
4.074275679220173 0.27417222913423817 2.1144015279109856 0.5659876987166205
4.134488086165632 0.28039793673130886 2.0315365815001267 0.575785125739348
3.7519339790566137 0.2576240703375091 2.782709277675348 0.5292058764623113
3.6697862614689525 0.26964707413002403 2.946425530457379 0.555840697379265
3.9689329643940576 0.2960937205875586 2.3412932916189297 0.6087550579110784
4.197381319983967 0.27258068185725015 1.8876362873346686 0.5574520084215674
3.7149945184075364 0.24877578942323356 2.891718655640134 0.5106608737008123
4.33332817645236 0.2679910512087798 1.6246583526053555 0.5517592650346597
3.9070607243524194 0.27467858349802626 2.454985738438495 0.5623157453469502
3.855660811196212 0.27408554229304866 2.6042072217824854 0.56343198120425
4.4097265380248 0.26842538665175564 1.4600907801451317 0.5471688307131735
3.8507039595696635 0.2687394930219634 2.596987592013339 0.5519973869199213
3.984957602374924 0.27986743200880226 2.3523957744065065 0.5774365931256793
3.908658924834441 0.2786843718496582 2.5198317858043913 0.5748233640169305
3.9510185812619296 0.2666602832572521 2.359712384198636 0.5467899741610717
3.7785079777548183 0.28321546743744125 2.7687417589415126 0.5863455706107924
3.816163641513187 0.2726457794135755 2.6835026508487747 0.5618344364516495
4.062313334736885 0.28880852080750086 2.179386830034641 0.5988186276296409
3.634455093279044 0.26679224345538877 2.991837602546208 0.5408413453736725
4.202504047888816 0.2814399558109096 1.8230595291050167 0.5818197775042944
4.0933855154699605 0.2866318992730807 2.16941370914347 0.5855839496551548
3.7404055492270816 0.2840830169435163 2.8580225819413405 0.5813299919998639
4.335799930864031 0.28329469162210796 1.6407045758157395 0.5894048570460729
3.922099897183179 0.2618007926406565 2.467746023012228 0.5357173126143312
4.032983174517783 0.24911338360335142 2.246185922284126 0.5091838667259309
4.040802301494467 0.28100460755226186 2.202792298683776 0.5719497193887725
3.743970729723865 0.2826920348861997 2.789047427496472 0.575591303902834
4.043608291495862 0.2679656641653427 2.246249302612978 0.5475632430334949
3.704537589013116 0.27536018050305383 2.92860885460248 0.5689644106846287
3.712861135057441 0.2649819470438011 2.908505566449332 0.5465259846965691
3.62514306208514 0.26620981811124744 3.1119980079247602 0.5480143386422981
3.8850264841780624 0.2765364778522357 2.5061757823397346 0.5727156722927964
3.8895425219652884 0.2686688618109456 2.5013315880136044 0.5511882750197024
4.011148126204809 0.27093672434777005 2.300852939538019 0.5595606375007883
3.9040972242043166 0.2581594654329322 2.541955142243652 0.5319794171890843
3.957655362125295 0.2819616956166435 2.4054873876943956 0.5810884628404867
4.004735210417888 0.28962647845405926 2.2942657673835063 0.5933083066299186
4.236289835500495 0.2645422485734416 1.827452255774792 0.5427041650320468
4.137764257488369 0.2797712370191519 2.039122803807418 0.5740329045538404
4.107667972350411 0.2954680001472305 2.063449720122249 0.6098558772597492
3.6987585786018222 0.25590112389777303 2.873289051268589 0.5295495657185525
3.8416002167878305 0.26445228238554996 2.6774770959196728 0.540751538021056
3.9286089993056175 0.2981030337017841 2.4508251726107826 0.6131998359505089
3.408474759033078 0.2790771011227233 3.521883449077951 0.5740229394198867
3.878361672146445 0.28641379441765513 2.5743605616923033 0.5870721935042355
3.9266792302818576 0.2765393125011597 2.4748576584899684 0.5739613008009115
3.732178524434513 0.27931852893860915 2.8892966950125265 0.5744350201287852
3.827410437693791 0.26237199022401675 2.617655133817892 0.5408363752994106
4.196111162887916 0.2543221058062907 1.8990674380657087 0.5218325366581648
3.8738657414939084 0.26858135413191914 2.5419985102738902 0.5485674530275642
4.117812823523755 0.2729174054349774 2.106638834558837 0.5593875953957125
3.8389722941105964 0.27588835670064055 2.5899170653603094 0.5666494123695172
3.532320634102491 0.25902241255040953 3.278784483977137 0.528169136914973
3.9891409445675583 0.2602927271959972 2.2937088402356762 0.5344402077925487
3.6794801089843214 0.2614254494235273 2.9155792192531864 0.5376262035639147
4.171696670541779 0.28393893825001587 1.9372503510513406 0.5804074920118235
4.209011324237991 0.2614621109647089 1.884429899414915 0.5339915147056087
3.949950208524914 0.27713475363584367 2.379244908033569 0.5696116090258164
4.0063837687367165 0.2706214897206289 2.291903903322174 0.5514918980924906
3.7737396798190854 0.263236323403027 2.7707708429958924 0.5431389491480351
3.6585816029041123 0.2676139941096458 2.9781977835915967 0.5462605671008978
3.6065370860245194 0.27987475824761165 3.119858287165907 0.5716959979848932
4.085835180001643 0.25144689448590263 2.100747473286831 0.516817006558274
3.9556647856347045 0.274148053434827 2.4097220632866585 0.5637588586889244
3.675382450011927 0.26567010275178804 3.0138844830142557 0.5479887574602545
3.8613737112694855 0.26191761797602786 2.5940949692121866 0.5370610531976091
4.243596590613401 0.27210138596341066 1.784142261560881 0.5614886247893918
4.196555080794582 0.2596256497757133 1.9467130428408155 0.5350829984733376
4.219902938810712 0.2667883130644572 1.8127126626498566 0.5535056596361426
4.129846828850059 0.2569649014997702 2.0716830451179806 0.528531966167719
3.9567478625296992 0.27505473738150366 2.374496291764755 0.5622217549725577
4.1162351855342525 0.2780751561887598 2.0468259728029214 0.5706974285004724
3.9587968094866866 0.23839069299183782 2.3460416425851713 0.4893541934805331
4.027968807133144 0.2513290804378185 2.254121539765286 0.5174617076237382
4.121574382967597 0.27649109052357257 2.065731295723368 0.5681801383115829
3.7515772395326348 0.26461291410382676 2.780918977103604 0.5426333035470841
3.9776945822338416 0.2662195278307965 2.3400662579564973 0.5491871677186385
4.334929074146697 0.24823478461089868 1.664524773299079 0.5078709587304471
4.214772528702728 0.25012113800550556 1.8430756912201571 0.5169520719294194
3.7615239028330443 0.25420596659627986 2.787182188363329 0.5230000920697773
3.8435008171615825 0.2714239048079417 2.602260631904018 0.5590380114171606
4.023901078925048 0.2714294640860053 2.279164293252038 0.5631729949900112
4.162319322135566 0.2762932368275277 1.9580801663465368 0.5665648743167141
3.879001820832147 0.2816743462250066 2.5435654748570498 0.5837446386244508
3.7787290265039246 0.25451565262894743 2.75067229682817 0.5215869021821616
3.9557413777768735 0.2956142835207058 2.3972887416519297 0.6107753199208908
3.8916117101659586 0.2643546379941214 2.527671613977839 0.5403674151509716
3.756279581581823 0.260640607235973 2.7969021105603264 0.5372749336676653
3.7865926253045084 0.2626081573346076 2.7058426024545934 0.537530998340414
3.437917200587125 0.2819364341469618 3.4675137198881023 0.5817368908619099
4.0719502246884804 0.2741027001498995 2.1460312579512815 0.5629271029875346
3.877043950405416 0.2657011392994426 2.5932653486956614 0.5486868094793321
3.6147365123419775 0.26618638165124375 3.080956443293081 0.5488648274621499
3.9953358128101315 0.267120563880931 2.2777265506932434 0.5481170701171625
4.006177336830062 0.2708122288127297 2.32394931447633 0.5517340308514235
3.3077971306691367 0.290226737528774 3.6974209970252687 0.5900472120722711
3.8577710035789243 0.27549914681844595 2.6167030838291483 0.567583640943901
3.510900365343103 0.2647357360936886 3.2889500889725714 0.5451543004973141
3.83977150476786 0.2723780423906848 2.638993134651553 0.5589200822606853
3.772389261172532 0.27518371527970353 2.7860482082210583 0.561725615583061
3.7546209780855526 0.28217888414115594 2.7879364652154743 0.5827812665513672
3.8249661545133726 0.2668906473173553 2.688986760492771 0.5485723333313374
3.8726806970354426 0.2825602847742516 2.6053770441408464 0.5788928811016031
3.843942147789241 0.2635516282725228 2.622824233140568 0.5393942999037369
4.160787006918699 0.26476733487760745 1.9858066318173528 0.5478293322399799
3.9871100310270924 0.27441705207023454 2.378516589939357 0.562871436849134
3.7137613093161215 0.2952900776841126 2.9255336790006705 0.612324023865884
3.6829865900661636 0.2628562170907737 2.9489362663115486 0.5420076032506987
3.8907490895037595 0.2767683704162727 2.5077569250001 0.5639303681816842
3.9840772556450013 0.2705962851475522 2.310249818915528 0.5569090389470108
4.113340609427994 0.2551553044055369 2.033957776557087 0.5262822212068091
4.18033494006842 0.2726866866028264 1.947434109454875 0.5635929701891814
3.9082201435022403 0.27414930562315465 2.5020595674555786 0.5632171446992124
3.7154725418055974 0.25874780802067243 2.902726710538756 0.5380347510832927
3.952645345214686 0.26711848118864895 2.3735367165118406 0.5506765418453866
4.282447744563644 0.28924582101360125 1.704564728018886 0.5952037560472807
3.5165506448430044 0.2759536302196585 3.306144534428962 0.5630193350496683
3.887651622585768 0.2562999192230409 2.572945450221292 0.5284236629727066
3.733772388859295 0.2732885630523534 2.86958060802949 0.5625266022254016
3.9267548365898532 0.28501868748109344 2.4435981933310766 0.5872486273440517
4.32619013723591 0.2862843538795895 1.5810366183589086 0.5904398341477763
4.234360335171205 0.2754938786762962 1.8372087465663334 0.5646764670700202
4.241032564625309 0.25814224986490886 1.8662619113067143 0.5263708031364183
3.828979397730431 0.2796775468127156 2.615241685079419 0.5706140281128019
3.8475269602275315 0.2896590974875669 2.625510994212448 0.5918868729769551
3.9748957557778297 0.26167928044878647 2.375648217328993 0.5405704670525326
3.7366863901831895 0.27817114277194704 2.8600278514284936 0.5740756648001012
3.949048476505597 0.2784519130652825 2.4600120680020447 0.5710901096898465
4.018476666086679 0.2765245253269111 2.2823561470814164 0.5667291275168426
3.92976733127496 0.28530157403088036 2.439124447186848 0.5782628588678518
4.023381712639349 0.2620228644613774 2.3043376476713635 0.5403146054263966
4.086814764572431 0.2793971880839075 2.1189395985710897 0.5747192152986274
3.7383376304686107 0.27062531580959076 2.8362991579773826 0.5547101331609318
3.94934126039292 0.24767644442901182 2.4046489317793824 0.514034259509948
3.817144154286266 0.27959285741109846 2.659991314568053 0.5716528238659903
3.8419490951686948 0.2751521749265871 2.6216589325940483 0.5673259831198278
3.990247427572237 0.25410303938469336 2.308171407049314 0.5180860898693566
4.130790796019525 0.2665325398103753 2.0265076160224966 0.5476262112254636
3.62923627720605 0.2633858142120426 3.0360620573870074 0.5382797036377827
3.8943732385712924 0.25959917578891656 2.5607448244721014 0.5342324423119859
4.180130052200262 0.28478683091855217 1.9186755627417202 0.5839415184573756
4.06415089846436 0.27632888992628535 2.151886734955883 0.5663868944802531
4.1994113784676665 0.2800796276607277 1.9168001850441576 0.5770547004022961
4.295812834598728 0.2635544675164441 1.6840460746737378 0.5398799912562022
4.2233831525967975 0.2690578590302211 1.8535811158659077 0.5518995756551247
3.7489271317434696 0.2686541656936057 2.8325397822215477 0.5560451901271295
4.179650789047261 0.25475261833422297 1.9686789942625895 0.5210184222809016
4.341803260171671 0.28055743143126793 1.5395521392079043 0.5746722271742668
3.96330299992718 0.26467152208094585 2.3607589582248023 0.5431815496326066
3.896656072276353 0.26180131647788835 2.522336342365174 0.5403925210960712
3.935536418524114 0.2713141462926713 2.456779746954136 0.563134164726876
3.6949229744947374 0.2798510377375369 2.9352920203171946 0.5710446493867178
3.7433044305391223 0.26655003116875975 2.854676525321957 0.5455237462002229
4.035446185954527 0.2854148890722473 2.2160640970819125 0.5859558563859856
3.8137772835689647 0.27203867854256286 2.7425566695091814 0.5574845634584896
3.81417140029398 0.27750543394370475 2.6995283249523516 0.5702701284858475
3.8994027810230625 0.28730776812896236 2.4908830430697173 0.5942357346925622
3.824015299777023 0.26886835369809403 2.67784694184576 0.5557366263256552
3.7801140324863836 0.252401938392762 2.7995446917802758 0.5225655775447888
3.9804404183079 0.2582155254788157 2.322428192400819 0.5294319166091229
4.251743565641426 0.2722872481980448 1.7706494483031276 0.5593748799829606
3.899453448351897 0.2662718434626052 2.5225282584294795 0.5504371026109868
3.9171376222264294 0.24066083519643988 2.469985985942475 0.4965189693289069
3.9222263311437557 0.273091030423192 2.445495818253404 0.5565647041401149
3.980239410377508 0.25123085115729415 2.409850523264688 0.5156439149848249
3.824343050016882 0.28035844968973267 2.630559461912329 0.5770957917170222
3.9598705676651034 0.2674169181921648 2.377421692279891 0.5512662512345159
4.032239980977478 0.271559561171433 2.2491227955510986 0.5548029259776748
3.8223009443986555 0.2601878669598717 2.636271713418321 0.5274321156985139
3.8820017431683054 0.27775941267554616 2.5438220293283944 0.5688084066638321
3.436478361796616 0.25132896364658086 3.4837442764470143 0.5142799046590903
3.893185145413641 0.2807808036566915 2.5371315864634774 0.5756173935279146
4.007101239176558 0.2833820248877513 2.284566481795407 0.5883994239724699
3.881751340565654 0.29344260199063027 2.5350795398925463 0.6097184287937107
3.9807097303031584 0.28077546071487686 2.332512613891474 0.574105812935122
3.8551264095084425 0.2714535627482802 2.5896800653560113 0.5634625750915082
3.8882333357448005 0.28049151557937674 2.5550018341847975 0.5745260907397162
4.090119876770571 0.27799417406847443 2.1038998840165757 0.5711903232543178
4.1852561449387835 0.26823910819859553 1.9259709000179148 0.5492754104621292
3.6782758453270286 0.2754165130755867 2.9525592234701694 0.5639466524053842
4.013942572239429 0.2909097640845689 2.316783032870888 0.5981855905093938
3.846782410533941 0.2837288762943244 2.5801689563238277 0.5832959078882479
3.758214941205975 0.293460063114634 2.78341966508762 0.6055456254473705
4.09049927530168 0.2698731716857062 2.0958361129673113 0.5516212145176059
3.9902023468918455 0.2603669192861525 2.293835617819164 0.5383989801358092
3.767497908030015 0.2937478735362523 2.8267279367161486 0.601252893681336
3.8143013730028694 0.2583885389678516 2.675396824502152 0.5336485099659309
3.982717322605447 0.25801021081724207 2.3101425614313333 0.5294092535993522
4.1296323749866515 0.27324351575500155 2.062770959077552 0.5604854289471504
3.6995707268779228 0.2762337289612002 2.9243030685252602 0.5646431062389433
4.064210449165117 0.25595352949483374 2.1615371451627725 0.52518766975461
4.099805678799045 0.25713296408273084 2.065233620736921 0.5271365733810641
3.6005530816822864 0.2661674405166571 3.080418649355817 0.5502611081958999
4.160880375913755 0.2814778165616067 1.980471587260559 0.5784568554995269
4.122676686876274 0.2652698666150625 2.031971263084648 0.5460972245695909
3.8213280786274266 0.270108764631569 2.6560059892252186 0.5542458428700064
3.7376896485992948 0.27116539654313504 2.8596995164877295 0.5575040280370746
3.8421829445297178 0.2625496055444436 2.609294945829185 0.543880388720872
3.6489688266311786 0.2622660517597063 3.040731022635226 0.5346512531739034
3.97625687992354 0.26259343216265174 2.330907075407225 0.5447379425157621
3.9451551102430313 0.2594444373394386 2.405771309966344 0.5334834807612264
4.029175989747213 0.2659313516052705 2.23894954100216 0.5448207385704303
4.1656264781503385 0.2726193863629452 1.9513783118300063 0.5576941505674251
3.6892401136929394 0.28108376264597523 2.937239503778902 0.5785477276886205
3.772257074277384 0.2705151470508883 2.7884704675562784 0.5549653442471157
4.09758119309024 0.29395064877715676 2.083705961603423 0.6051703975021764
4.166695141492799 0.2696788475790455 1.9398384320401694 0.551017771552524
3.919488323083045 0.26158465979978307 2.4694773118768474 0.537598307307261
3.9954060075869386 0.27007130048727607 2.347427015285441 0.5632800327805255
3.821425462046065 0.26287499241157086 2.6603362513160134 0.5377930673250381
3.6664920424629477 0.2712534291479658 2.9641905475628008 0.5589576860920715
4.022500648473102 0.2992043620416969 2.2281970587536093 0.6135759100223512
4.019226013879379 0.2809655404090172 2.2487489832581984 0.5721692972726252
3.892059990912731 0.2795358453705402 2.542427874896271 0.5797974025078054
3.9729341360428183 0.2681154587811161 2.377842664414942 0.5485362668498999
3.8975577272338002 0.2722644329047195 2.4829282817891425 0.5582889545358262
3.932738549038489 0.28234238961647695 2.4473948234620346 0.581573838495061
3.8026437836053217 0.2729271852956241 2.749599239870288 0.5582798861131845
4.245273460373209 0.27275510036871636 1.816875461202974 0.5592558220711256
4.031385219648927 0.26240913449435244 2.262002198723984 0.5394510686442316
3.823436143910228 0.2748002215108557 2.664242200736376 0.5641723282736482
3.9953131974332647 0.27413783464090885 2.296815368157354 0.5647321505210081
3.8427858453972945 0.2658200174009516 2.623757270388748 0.5459441986188204
3.9571800370705525 0.29542182090904257 2.4114735431727454 0.6032884357826522
3.8302635776403537 0.27001141156470376 2.6295456215718227 0.557289678734648
4.063700281328064 0.25783071868414065 2.1503966437640294 0.5295099626715218
3.645148964961086 0.2674482269263829 3.043989560987994 0.5431609815574961
3.899566303217062 0.25415410399845845 2.5551747271525005 0.5219185506223746
3.650496936943995 0.27661666785561606 3.0094097575750096 0.5673902749286417
3.9576699371053694 0.25936127064010556 2.366161221995256 0.5324315501403819
3.6553989255725736 0.2700082639120853 2.984841810175707 0.5558420047192499
3.776618047082106 0.2626524890062608 2.744456655529441 0.5385874110401937
3.5918875518262112 0.26461782230489894 3.1408626726347064 0.545463854517123
3.9585236645138346 0.27556572784772243 2.4735963630469904 0.565615286814208
3.9322829847328986 0.268493237040998 2.511762478734191 0.5505430231230642
4.023346548961889 0.28255303273990157 2.2714731652352724 0.5803700816756993
3.7492190220572414 0.2690920269378226 2.7871290149331003 0.5551959852283006
4.118598428212771 0.29122673625150153 2.014729169736448 0.5956508949044353
3.830462251856356 0.2687582893552293 2.6268764469984522 0.5479798423164592
4.21863861422054 0.3011110669896518 1.868143016961446 0.6110456292046178
4.316832604823727 0.2882115865960252 1.6633521350158595 0.592033551459657
3.7826849922164896 0.2776065706302408 2.7248290635659917 0.5709333149853548
3.852665615108342 0.27483712982802777 2.612888466465436 0.5660824660457605
3.719672635358748 0.2641937660562259 2.8888824718180595 0.5400347466762528
3.7363896003981343 0.24808266388666922 2.8339174413366024 0.5114300347952075
3.560008198117356 0.27142455065207244 3.206410386735361 0.5619134940038593
4.028899218362778 0.27454557613154595 2.2417693093646123 0.5652765435842159
3.9881422957673522 0.273352975383639 2.3203031597060075 0.5621412641327822
4.191306385329448 0.2688267976971138 1.8977102531348797 0.5533980298575536
3.801997982715484 0.2714597629159289 2.7441753266748172 0.5565324603714401
3.701477198274321 0.2801007571929947 2.9543202402262883 0.5785915385592532
3.857362838331682 0.272620833030745 2.602723697198221 0.5552080087677077
4.01975804652453 0.251243757387074 2.254621463975445 0.5136520081434092
3.916623951527212 0.26884480913537107 2.4666677551662364 0.5556404498941553
4.092482247984466 0.27256302762405404 2.083908728992668 0.5530618623191429
3.9986188267752363 0.28110147526616364 2.3149782438923423 0.5772205678051118
4.166663363489883 0.26536070079060303 1.9876673978706247 0.5479296503637929
3.9339379149769638 0.26341890134836143 2.438445841760351 0.5349332480792804
3.7315437692348237 0.2755181988423131 2.8434673390917773 0.5694674741573881
4.177628363728688 0.28514495187372796 1.927389290971044 0.5847179386444691
4.170095736536469 0.2774946492404809 1.935853813533977 0.5674596529300051
4.330168717221278 0.2695515595744218 1.5832470958932505 0.5507952949747652
4.247471486945663 0.2616203777653865 1.797079748359588 0.5370250034817123
4.1374289031280576 0.2840869120151314 2.0131191900923646 0.5824965126972178
3.962852346077446 0.2763391179353692 2.3411590319225253 0.5746468263082222
4.234215664806024 0.26859584307531414 1.8000710764677077 0.553620154881281
3.8107758206551274 0.26304795519583096 2.6451259009648167 0.5405262986962638
3.562992245992155 0.29317850459736294 3.2300994255498514 0.601893670311937
3.9106225596742124 0.2899312483438771 2.4783864166031075 0.595260006864564
4.005630222116037 0.2808245746084326 2.321635543257607 0.5717723910832223
4.0464700282530215 0.26213104084201777 2.1674235910443946 0.5395422916408141
3.968927671761679 0.2768198053313288 2.3771647393500963 0.5701431809508516
3.9369894333310373 0.269120514179722 2.43289476810036 0.5553832475348705
3.902063248174765 0.28304433588018396 2.477872965987195 0.5800790740322757
4.096826326471147 0.2605148114837722 2.1113841212551243 0.5390726342462696
3.898751905566352 0.24478570892483129 2.553540433484482 0.5068151723315066
4.087313823760632 0.25364560155491933 2.124378360657226 0.5216656636580936
3.843911956994985 0.2462847462103624 2.616660244718181 0.5054627245773305
3.8265107738710897 0.284837662481653 2.6652150251745566 0.5819415488772629
3.9410938115889245 0.24941269663439763 2.411977996557901 0.5153540327962675
4.308276661734993 0.2850892348455674 1.6726317034728484 0.5836009086707545
3.939543955274506 0.28042643867369094 2.4357296856453643 0.5773897951941376
4.32433438431128 0.28096751945910303 1.6552345741542935 0.5781863645268515
3.9141756172417126 0.2604862047028932 2.4649072197306463 0.5346628100750013
3.944349587210195 0.26479454447083206 2.4099009077062385 0.5490743818178757
4.0439154555210015 0.2720605921010381 2.1945742592170623 0.5582051376731152
4.089307941576619 0.2902605698589375 2.108415174853111 0.5981752094281744
4.232157070632986 0.2752212467870993 1.7824650850163704 0.5652689590910999
3.910358440344825 0.2881365395680941 2.4703649286151528 0.5931606140005796
4.07508028197856 0.2784611826820301 2.1956114841451155 0.5682653965445299
4.100854193653783 0.26069629805126693 2.087252835189685 0.532358581610694
4.064461729865139 0.2633541486867961 2.1714221566433185 0.5378998727044411
3.794105017909118 0.2699558778586444 2.752524889978126 0.5544309245386665
4.324903169955651 0.2743435583114576 1.619248439148408 0.5623257414520941
3.932725820917029 0.26583069852356506 2.4061797164851226 0.5470329482682936
4.1717038337707955 0.27742279182665747 1.9938629528941645 0.569201136233095
3.7810594408133635 0.265541901646899 2.7277870600884153 0.5462670107912841
3.904745522277572 0.2712446985526904 2.4966957273735515 0.5530406156043335
3.9634766987970966 0.251203872279811 2.359900371153074 0.5140242050167806
3.8981853306247185 0.2641051473060435 2.4575310774664163 0.5421418606440063
4.344866005856257 0.2526023187766964 1.5694322324018897 0.5233034522295954
4.005751672790909 0.28839739757897487 2.3150904843127655 0.5950141535997167
3.885207171699202 0.2710542729663968 2.4930908884650558 0.5550215344793747
3.953311489011873 0.2516419556751031 2.401761822889232 0.5169429056533309
3.727767592539049 0.26678313252806196 2.891812641593277 0.5486595769099964
4.068542425558281 0.2729805668990803 2.1822124160885523 0.5639127610777593
3.7998257333539005 0.2811598077007205 2.734900471588099 0.584111768286866
4.2875723267086325 0.2771450580286246 1.6765652219976332 0.5669855701632305
3.8768727505172382 0.28002847335092085 2.5262551797180723 0.5777403540785078
3.9953922191488105 0.2691191987288491 2.258877708220398 0.5551838502620595
4.094904814348683 0.2533777730394143 2.0979134493974607 0.521787627026916
4.135334513364919 0.26252324684524087 2.037538523777044 0.5389882277715299
4.187907405670298 0.25507488060855776 1.9129880799940877 0.5278055046142327
4.283566948839605 0.28730583023248435 1.7159316295853966 0.5949458869328114
3.846857268782072 0.27519279190100165 2.5733117616697405 0.5624664633078091
4.03223874082342 0.2938118467772145 2.2726209136863735 0.6032271669513802
4.0201373440681225 0.280764945223121 2.2428361946977686 0.5775983261873329
3.6196824196145654 0.26398027764303983 3.0582131892209454 0.5428631102739518
4.167779899848647 0.26260296627763685 1.9759003270680018 0.5369154860946818
3.795866174882314 0.2687180145983492 2.7301258259949894 0.5533954030098484
3.789869974735019 0.25691152235610776 2.7215375087316516 0.5310778813215246
