3.8378308493722617 0.13540036365148186 2.6352083923434115 0.27847596784838635
3.8065078472249345 0.1282260548777958 2.697301104384352 0.26369155379414255
3.6050513931751773 0.14565104184594418 3.107491463399576 0.2995546006449922
3.7887555511063518 0.13828420763869942 2.730279514403247 0.2836700255425192
3.811516316566206 0.11877763403137842 2.686257476097053 0.24451308686875703
3.831471030400995 0.1305923258481428 2.643356708935592 0.2673675645648604
3.833953339614191 0.13501094225184582 2.6239174186649254 0.28039973795925616
3.8612874800837353 0.13608715440659291 2.571864077088936 0.280914597097076
3.8893985558543807 0.107109724932073 2.5333567965089836 0.2184534014062382
3.8287388693051714 0.13727893913881772 2.6635377496891923 0.27732654352056574
3.8924070862910254 0.11615351038499512 2.545272051439259 0.23786700326601937
3.8567573150976955 0.12506381255221172 2.597292017080705 0.25991848914755783
3.6522602644878477 0.13592496174404817 3.020529218910183 0.2783951686885543
3.821291617783305 0.1333683450462507 2.694902115448344 0.27547423870042026
3.829084790394071 0.1254612720603086 2.638065078045195 0.25626531249041906
4.014736194332598 0.127139705153 2.2424294455778235 0.26543284027768316
3.7330137013943387 0.1169688053879359 2.874199435610717 0.24152832185134343
4.019288780154622 0.12455483682838786 2.240297700605825 0.25478476729342875
3.855538985982898 0.13440667429882952 2.5734661213504797 0.27640565223472835
3.84695526163683 0.13239052783612798 2.6101610052082207 0.268270100601099
3.9878081573459183 0.14012919643967267 2.3046761775610785 0.28634455034749784
3.98640552919503 0.13833440843552955 2.3192743169149255 0.2857587551956354
3.7888041636994134 0.12131430653119045 2.7159087967948077 0.25120526752223354
3.8574899616799674 0.1309334474461102 2.5920456353586325 0.26906415445353593
3.9979319311193855 0.12295791720639952 2.314699085690895 0.25287173446616135
3.860464726849907 0.12757049380861615 2.5699408456570776 0.2634187458139875
3.870520860673499 0.12908051202846224 2.57253952655039 0.2621613827969476
3.9308490305336403 0.13212305487469964 2.442548532229009 0.2715952280786749
3.771179879860177 0.12781595930676184 2.7628720790466703 0.26040442055749446
3.801528835118076 0.12050968924231685 2.6984192477840576 0.24761882600344998
3.8134523655269463 0.14039349308771484 2.6720236246825695 0.28780319196035503
3.845217051723567 0.1349847965216396 2.63372731687151 0.2777928296059721
4.014288553480472 0.13787951100726667 2.2488120479223355 0.2822419025943135
3.868366627376601 0.1249098943415364 2.576396624172505 0.2544141497857905
3.8588851186114193 0.1274688867844535 2.581122651680295 0.26232548312383874
3.9763048209873064 0.1271862230711171 2.3663482117407213 0.26028295203033613
3.90189304547847 0.13500908450590227 2.5017622332335367 0.27671552681790346
3.993629894941461 0.12282149311155072 2.3135069940919557 0.2502576482061253
3.7726399290792485 0.12502994582820903 2.754351722417936 0.25820457007557646
3.839728950446617 0.1385709540568224 2.623414620005529 0.28627768176441903
3.831046471666342 0.12362256841984103 2.6655275602553696 0.2535886141805813
3.9492851913520743 0.11533307399670605 2.435824880361684 0.23856515961490585
3.835661825749079 0.1385062270864189 2.663434714682616 0.2843562547806105
3.5164377495960455 0.13533616239825302 3.3032704710385445 0.2810558397470087
3.7282240446595143 0.1198772254283747 2.858561571971575 0.24598323336723665
3.8125151584748798 0.12372962613132918 2.674873120808776 0.25392951854658813
3.793267149600191 0.1353124161469938 2.7051109023462714 0.2793312949906948
3.700398607203571 0.11864657017426476 2.9153767874215295 0.2450331296683519
3.944874171692961 0.14588509046010867 2.4118420695449796 0.2989595089702513
3.8003240187626974 0.12845492216895074 2.6969508835629132 0.26136072092592655
3.685222252941264 0.12965369875224694 2.9529574428076266 0.26344673867082524
3.912686118022231 0.10689428755768685 2.470396727581911 0.2222371100876969
3.6973334978656487 0.12617243752708698 2.9290169212561903 0.25738998310926636
3.882090713138803 0.13764558882154138 2.526971476730874 0.28376310741805544
3.8137505380598524 0.13815553187602495 2.688633186238422 0.2830642602762466
3.8594063203328384 0.13035466169450505 2.576201614308898 0.26636958917039316
3.774084229557272 0.1417341106805078 2.7621238849364387 0.28872361410315267
3.8941769694681945 0.12200123978266968 2.515507520438784 0.24813241375398976
3.962314959947844 0.12816511556366605 2.3742465892105105 0.2651797440607003
3.6916308627726373 0.13093456957960153 2.9295610296491477 0.27245269323471716
3.946912341784483 0.12546193581061538 2.4179519106594123 0.25642494409702044
3.7634481523242576 0.12201391925768992 2.781138928013508 0.2527564042206656
3.7861454861709762 0.13044220768853473 2.7442284067982077 0.2692529208516779
3.9469780452565533 0.11865015491744596 2.4091104306915687 0.2433435366170603
3.9409069574252253 0.13414201753910432 2.4110762000423476 0.27604954613000776
3.8776894021264603 0.12484098344872396 2.5516559895656967 0.25772103897613985
3.8251101111701846 0.11852595585750678 2.6671736877683605 0.24541866139023422
3.8274889584222977 0.11716060803883573 2.6491348287182523 0.24186060037940071
3.7777778087645926 0.12187436588127266 2.742607539307607 0.25213741626270036
3.8049649281611004 0.12444363341199653 2.679903199487198 0.25487379795657705
3.8121134676667996 0.12416434822070259 2.70619236909961 0.2521261745173251
3.7454088175672764 0.1355465892671123 2.8267652956817955 0.2802760145139373
3.701109851297401 0.13143620126686867 2.92194265308925 0.26721293128646245
3.8318027181007897 0.13896546176834298 2.6512241343064424 0.2864233931571832
3.9169258977428454 0.1212372046588008 2.509621037314814 0.24790249650037394
3.93697946424678 0.12406723211477455 2.436689144584331 0.2535861757995597
3.7140466323206236 0.13135608139784571 2.900072955884447 0.2712307906582821
3.9672974400475223 0.1367696978543592 2.354578166998073 0.28197816687385113
3.85222083527158 0.12454203754392425 2.583663451461927 0.25474429788990477
3.9367275183729333 0.1436270708977985 2.448208063803059 0.2938586361806366
3.7849110669703614 0.11548233431405219 2.7409471199867834 0.24135765301836415
3.920298160657702 0.12652109921200144 2.4634332577039815 0.25622829911493245
3.7577185798235035 0.11873349198134753 2.800224950455934 0.24697215534313702
3.860781093672097 0.12531539947909434 2.5764105211045503 0.2578435311994621
3.8837622829291902 0.12409552735926305 2.531449278717157 0.2565340560851763
3.937560648581445 0.14555881459774378 2.4435450028055996 0.29974077939333627
3.8015229210515105 0.1368141024441153 2.7113792620773114 0.2785424540098799
3.8323234844798435 0.1254852152240243 2.6214040981923654 0.259540825175631
3.8546020844894273 0.1327576742769161 2.581771700723518 0.2718491908817033
3.9254487543207985 0.13529519676287943 2.4493567987652636 0.2770541205828717
3.753514501920188 0.1353242847112557 2.809151758704322 0.2778983266450433
3.9683957116474913 0.13481816135952882 2.373102989521267 0.2769324942541542
3.964172956098582 0.13329941150072028 2.379099102510803 0.27312911773840215
3.814998629682607 0.14567084322005316 2.693209928127538 0.29941318586382726
3.8463707128233513 0.1425727041024864 2.63979137763023 0.29330970987857724
3.7900160538298096 0.13389802038655452 2.757099316340443 0.2750167545042432
3.89483145951289 0.13527788692225184 2.510237002308041 0.27864498605472626
3.80661263710956 0.11601606911224682 2.680159303001667 0.23871575812605192
3.8364619657262313 0.11371705760919532 2.6485986001438637 0.23125969679232436
3.8428881229487875 0.1309702949717518 2.637111465642477 0.266516800723903
3.9524133747188595 0.13484312743606652 2.3985168244562063 0.27927378728646357
4.036381462810769 0.12587478395638318 2.2082406323545065 0.2593262688440567
3.8837155709680156 0.13985842100211038 2.526234320578663 0.2867815100339031
3.771247616714044 0.1235219846564239 2.7666977122406395 0.2536400776884524
4.011509126919081 0.14141771270194275 2.2630540143232114 0.28807115805071615
3.889183269715142 0.13867841375838788 2.532896042676732 0.2843467053663385
3.974499632392325 0.12930170089262455 2.345862957106042 0.265107701732376
3.8086048805238244 0.11453405650457571 2.677839880688211 0.2377639966618473
3.706801677093854 0.12637908963776867 2.9048030461609304 0.26230432230046785
3.8207868113564554 0.1185376807658573 2.6802716506705533 0.24251415868216974
3.851656670978427 0.12087905655060219 2.588707237798361 0.2472437848478483
3.7031124423725084 0.1382061119134304 2.899924866011024 0.2823853889272463
3.836863505674472 0.139803942880769 2.6249569721291435 0.28767162576037386
3.8862879429603723 0.12116090556389932 2.556844409756992 0.24972009103168638
3.8470465228088564 0.1327335239607736 2.5954425934339667 0.2716313999959605
3.8966609795715854 0.12127942618028066 2.519594301153284 0.24890990888234799
3.788620295413637 0.1469504307850652 2.740686883160478 0.3027144451131977
3.8001202079945378 0.1289679970495284 2.7032282774019376 0.2696231250493658
3.981991395830175 0.1266643051554129 2.3456352328130694 0.26026875963961155
3.7873403640813184 0.12729426919201747 2.7242215895960014 0.26136557339121375
3.9691853420320746 0.14613617200913756 2.38385381999604 0.2972300148909791
3.735306382937742 0.12244352490892571 2.835138369164508 0.2510484128797518
3.96054881678866 0.13106097998569158 2.383882691082099 0.2655848359334666
3.9100279095807653 0.14071366340610256 2.4824882609421905 0.291416002016041
3.7660252129964515 0.14233906613734348 2.768067866292408 0.29363952949637206
3.8696273439817657 0.1322973541868172 2.5643173875797527 0.27005822157737136
3.890245336550537 0.12724398741787535 2.527220252903512 0.25898943076561715
3.7130463478668445 0.12010474797041822 2.8928617557666243 0.24943288374091005
4.054098429504338 0.14339374718973144 2.217359403721448 0.29039832462827025
3.6923423294139184 0.12917423182293078 2.9327671949417127 0.2668485125021673
3.696774789647886 0.12194845696897752 2.9352480491194344 0.24741802929764967
3.8245604780461493 0.11401579522328223 2.6820735309912314 0.23108909918161064
3.844809309480466 0.13608188869710788 2.627208745606218 0.2804468798086482
3.926863763511473 0.1397140768403054 2.4659420237005767 0.2874418349316465
3.9579714112396935 0.1359261771784108 2.3721336378841067 0.27697853036207687
3.9593585739723567 0.133389473695111 2.348005532348894 0.2757964618577384
3.757051281724374 0.1289350077604669 2.793529194799013 0.2657732031229568
3.7755525698397 0.14900451311516535 2.770962041700227 0.30468459089412303
3.8520522557130343 0.12219985231959694 2.6207599433623354 0.25122561276742617
3.946721275607338 0.12883695900657346 2.4034377479336855 0.2667125891594522
3.919705143872588 0.12137194943862743 2.465623844752895 0.2516980521763602
3.7900368484566043 0.12295110595349627 2.7444899133056753 0.2543796417918314
3.9016440936370946 0.1370105542831568 2.497543074487647 0.2794432434613165
3.80918855952471 0.12086932833233009 2.6957079304586817 0.24652293071182232
3.9229710126359256 0.12575446054191383 2.4426274575321028 0.2597169630194984
3.8062125499492243 0.13368199353834273 2.6953108885853223 0.2711049174709388
3.8728780358258703 0.1298623070718667 2.5291683580468596 0.26841253947569776
3.7468966042934913 0.12322932923406181 2.820509143431812 0.2512484862604304
3.8516588533949676 0.12671374354560327 2.5988808714452127 0.25737197626538766
3.8558486172751785 0.11818144421381552 2.5982314975083387 0.24054634284603477
3.7689145725183106 0.1355140942203022 2.761201806120025 0.27998446053335435
3.9352695506695117 0.1399846204870638 2.434629451336514 0.2872860197708748
3.73429596980115 0.12381836072238517 2.8289833097353636 0.2542948022201003
3.837361322578764 0.1330806971769574 2.613389500795579 0.2752022763541652
3.718570261831611 0.1292175109814954 2.8911874453439497 0.26465406912800565
3.7247504109228182 0.136754859294022 2.8726413819566723 0.2835443257203965
4.003083656591074 0.13682266982110658 2.2880128753675697 0.2780003956444042
3.870115827368195 0.13910095064234138 2.549500482073536 0.2887655516297175
4.005076982759581 0.13329304197526817 2.2838138529894945 0.2751060404865013
3.890333289138707 0.11986101829276191 2.5256922568767957 0.2469081095868994
3.936358081282418 0.1251113823270396 2.4275591034739428 0.25895888465317063
3.887360347739344 0.13322455338036507 2.5130619052557672 0.2788225065114182
3.8109316420740686 0.14084959630768856 2.7039621408171817 0.2928094541507599
3.8617018654333526 0.12660628772687677 2.5850391829697807 0.26192789122309895
3.9336156984795885 0.13336878347382142 2.444842716739461 0.2732962092589114
3.9304439898955694 0.12559611257604134 2.443612570483453 0.25878850631119865
3.802926239553684 0.14004679848745333 2.7090723164681556 0.2883602578889178
3.705898636449244 0.11614818627119287 2.9225855895105397 0.23924643517262284
3.902270872513661 0.12125429701288759 2.5186009808139445 0.24851600402503096
3.757819680259739 0.12868473263572522 2.752441601051814 0.2631320020996302
3.705332572776045 0.1418779837478364 2.892865312305334 0.2889098229808153
3.8636550013949407 0.1264880438964332 2.5785658602049484 0.25981438858936473
3.6955826482205905 0.122702340996634 2.8946874200647597 0.25270744286199615
3.8063373288554065 0.12536515058318376 2.7048300570684978 0.25819188303871504
3.9381481063824957 0.12290051231231315 2.4165995479404607 0.25651225208116724
3.775070384406754 0.12759299388144874 2.780767225362168 0.26469816650337985
3.8862134265644963 0.13701922289721064 2.523306421719329 0.28220272759319837
3.8670236997258636 0.13998969139204845 2.587190232984116 0.2858523492328275
3.8631868095413404 0.13372870027987926 2.5785699094086088 0.27166427667719933
3.8424828841254843 0.12803975659399267 2.621596459820112 0.26493650837237537
3.80565879667495 0.12337507661088921 2.6768246718333755 0.25343062302153685
3.9103033376217997 0.1389939083559367 2.4923397662449567 0.28625577746950215
3.954493037777373 0.12965288264221958 2.4129366761032793 0.26495194037653086
3.9523708624158616 0.12815280241720212 2.4115822153223516 0.26335363213895135
3.540499192957748 0.11643931728110257 3.2346232259102297 0.23879864882063478
3.953667479093337 0.12986473490835093 2.4009631424503755 0.26699860782158225
3.747161959337748 0.12895023777114717 2.8321076715046956 0.2649851158697643
4.004919464623653 0.12894200571252 2.2891587808089637 0.26108374388032596
3.8564649399566795 0.13607547458661576 2.573262579567727 0.2769251276504834
3.887556844809226 0.14442974826618474 2.5241765466195396 0.29308343877166576
3.941342981748689 0.13826017660518178 2.4373690122463536 0.2837507340480255
3.813529117657663 0.13728714895802138 2.686283444805617 0.2829875522049321
3.8910371913600263 0.12707942881289142 2.523813335770914 0.2607637992671655
3.797517120523209 0.13038455646610758 2.722043941993109 0.26711299547699274
3.8031046223957823 0.1272087489677642 2.6938370073989732 0.2639927975520949
3.971847466287956 0.13002625460614753 2.3497950654048716 0.2698707461403096
3.8487678743749187 0.13405506094755143 2.605182458161341 0.2735321097683689
3.83412481257058 0.1277023019768636 2.6380051564654186 0.26293912806711905
3.906604077259877 0.12635749487977208 2.4903193215204937 0.26093933723030677
3.722412716878296 0.12137845871218209 2.890619316702283 0.24988965667572702
3.8446980976351375 0.10934353513444348 2.604949871034144 0.22592391711937196
3.6611147960247417 0.12594719437684865 3.0057844230733948 0.26182436850341956
3.755524525992379 0.12436428962647132 2.7827005467024097 0.2565853360128608
3.729650683575432 0.14410017255132063 2.848720267604189 0.2927433684812912
3.780963152393311 0.13216351393861758 2.728423983411071 0.2731152195135729
3.7147685049496344 0.1266448771634285 2.8665176215687564 0.260015790025934
3.785612101910013 0.12252289424695108 2.733016918395853 0.2504804360469298
3.9126813263786384 0.13349550206317282 2.48324083437437 0.2715732986006536
3.9033818642024345 0.12150691427590983 2.4821126321840845 0.2524778956570576
3.8332634336886215 0.11442213688613387 2.6450891864956976 0.23242646511506346
3.890191910066875 0.13141524036918337 2.5431589764000746 0.27063999036092934
3.800987865364106 0.11898335719571385 2.7088521005883566 0.24305686523657338
3.8445847549973715 0.12965951211926094 2.639979984917651 0.26519210311508346
3.8899728377833585 0.13514192313916304 2.5102505609836245 0.2782173389428482
3.7945510095352644 0.13210273325694166 2.7007940993004413 0.2701773491012405
3.9138709187395304 0.13089299974574756 2.4733394665495583 0.27071702841149153
3.961342192451916 0.13630727435318865 2.3775014624545543 0.2831273955021605
3.6816244366897743 0.11370986280952823 2.936396163366835 0.2328299129736363
3.862747661789474 0.1288164705615135 2.5909212086800597 0.26410159017020274
3.9228383968230505 0.1292765662950353 2.465284381049949 0.266661813079648
3.785153077946081 0.13163804712878302 2.740059255285251 0.27074686031879125
3.7979496338841683 0.14165178858075467 2.699363610053386 0.29157882180960276
3.76666258470648 0.12102907456723827 2.7881459819112786 0.24955278595148261
3.797488479627768 0.11718380142045941 2.745800600976204 0.24147337803264735
4.048542073603361 0.1450591436632168 2.1975472010803276 0.3003138122802335
3.873605251346709 0.14694425368196928 2.5532151436130945 0.30637814811346886
3.8008384558052097 0.12102582221630094 2.7234240641061382 0.2482929118375479
3.742172400745074 0.12629831683080645 2.833377421427114 0.25997791802604825
3.9811356033952023 0.12985884849294138 2.3524315793111477 0.26475330205093617
3.9722200828279126 0.11731374084660055 2.371623910443379 0.24204137248934948
3.841620515065122 0.14207240621927153 2.6154740080750067 0.29465045829920006
3.795224788876638 0.11584332250050573 2.725244359339908 0.23848912089456953
3.8685344080722293 0.13162021058881232 2.579009486577451 0.2685305458473208
3.791577218265287 0.12160393224650702 2.735654338606922 0.2461764096839672
3.802950686272223 0.13266385783436 2.699893863322947 0.27547863012163276
3.8964355777835884 0.10907508052191306 2.516503325483755 0.2224697734526317
3.895416153837349 0.13945161821582308 2.494167407628692 0.28886656163009955
3.768319902109801 0.12536325785366906 2.790948313438971 0.2576591940152679
3.9973757610391285 0.1335431879258711 2.3005099372383473 0.2755048443703266
3.8615439969006196 0.12967597366633568 2.575894543715004 0.2636286077041976
3.7847626689566436 0.13037967954077262 2.7549657047522107 0.26741011758511046
3.740481025669586 0.1282408922179941 2.8357506313059306 0.2637615965868088
3.857053327730373 0.12501967020438207 2.5917422464094884 0.25822941097086766
3.859019169792887 0.13148189658385454 2.5866054624659083 0.2685616577798064
3.8345815464027044 0.13353700496995174 2.6165246498342754 0.27428348933741387
3.829447371348471 0.13774666999780905 2.6579609186432247 0.28102198963926883
3.723942442192503 0.13139157064693388 2.8538011998090864 0.2683136204383771
3.8996069490526937 0.12655280491211715 2.5250865962293805 0.25973966592861886
3.8733700138632456 0.1274199359088557 2.5558086204841812 0.2598965702293048
3.8241528709112442 0.11985861603584398 2.6409787853671913 0.2482896246378051
3.730573365943378 0.12499602998784447 2.8457539906736598 0.25667028316823537
3.8504001535858823 0.1255292208872638 2.581313293710992 0.26222794481495093
3.712561803978052 0.11974131700684047 2.881918422919589 0.24733282448456745
3.834688122097971 0.13402277876986157 2.642993734303235 0.2743879905608434
3.876915134535892 0.13098006371458498 2.5420976516664253 0.2687053885910615
3.859992113035437 0.1266089213481606 2.6010914220320576 0.25853709226548255
3.925123656707214 0.1316559102072088 2.4643667408117595 0.26789024122158733
3.6630611818963246 0.1255689380026975 3.006057458246998 0.25773203755400237
3.7698556718572336 0.11004280670792117 2.779673353447186 0.22960981083176626
3.723565874445897 0.12035542838687315 2.8348160684497623 0.24735063218418693
3.8375940829953255 0.11255567186725556 2.6109654702885168 0.22800752650349496
3.6820877043813454 0.1219756860738261 2.9405000471552007 0.24874125463846922
3.9856900372022226 0.13341588316371025 2.338856902297076 0.272099835393194
3.739907139993937 0.1252327570361704 2.86256745938053 0.2594318172143835
3.8814244577951715 0.12784927763362933 2.5362944467309134 0.2620947409702328
3.834619353743584 0.12703967230713456 2.6456711836238407 0.25923853362312477
3.837499021419979 0.11001219761566977 2.6428448076690163 0.2298838768851905
3.8709731724838004 0.13168885152871496 2.5657808777970335 0.27204584232333195
3.8690679081464054 0.1428735502174674 2.53979787045236 0.2927268557984047
3.9298759315887057 0.13930730829790802 2.445455535511396 0.2866818182239289
3.7894698313920205 0.11567769950267519 2.723335636555879 0.23888025032195084
3.8466871869988095 0.13485410408580806 2.618389961776128 0.2798599647350937
3.685123771487493 0.13107880955726603 2.953675263270699 0.27269945314688054
3.7577895348070647 0.1287837060718956 2.7944306447594567 0.26558298610101405
3.9177190745672013 0.12502432855279969 2.460915728596743 0.25758033770253075
3.919512604510728 0.13820827214562598 2.4834918299802435 0.28052028081757646
3.8945570971637213 0.12485505748791256 2.5285391318114723 0.25717157201609214
3.8062512220773703 0.13815583073413326 2.7031073750138823 0.2828040686236857
3.689142679363256 0.12363548583559607 2.946784404916905 0.25216334862448364
3.703488670561156 0.11548176071012514 2.9163213640633456 0.23640564265568254
3.895927309053681 0.129456268079159 2.527138923483886 0.26740422378225553
3.81635000015502 0.12975096359521315 2.6686791634177185 0.2667578237136148
3.919123155693409 0.13601090562769894 2.4653711362228634 0.27890687773167777
3.7989327094740357 0.1342307205286299 2.7169900120294037 0.2744164964062008
3.9536070332348485 0.13029106917019523 2.3948567484204606 0.2684953837618139
3.92818667150724 0.1273619406173097 2.44395748147657 0.26189284217216835
3.7338112739228153 0.13296418452437367 2.849615057838414 0.2742471696942854
3.931204409869788 0.13445417251663686 2.4202106044835294 0.27714287295738577
3.750057237592114 0.1283443254111035 2.7996932943363344 0.26276717158645396
3.882445978397708 0.10449015726710223 2.541281800304489 0.21201388842662672
3.8061968980058625 0.13386387780186612 2.6966121705259045 0.277432183237195
3.8282163830244604 0.15127750098940604 2.648194872848162 0.31091434636242393
3.768525939183946 0.11954782050648982 2.786408352091561 0.2479358613713597
3.7616825956809365 0.12616652195916206 2.7763401643665304 0.26043734382765416
3.864591908711387 0.1297998629229102 2.5694567595305795 0.2643905781558806
3.9014810756359077 0.12377858526543174 2.5038024974357596 0.2533029021840185
3.8838058502096824 0.13068792671859214 2.5230759378650136 0.2682101641581936
3.7935433119794553 0.13430640198934832 2.7037787095157046 0.2761133627359685
3.9489070944304636 0.13248039595945188 2.4022070245483915 0.26823408926031594
3.793740104454374 0.1309876168910704 2.717837165004206 0.26745364184583453
3.752280587372887 0.11393842501740165 2.8152769320506357 0.2338178935921359
3.9478388197412846 0.1319059970241818 2.4159842143657624 0.26891719697653876
3.9868250348358707 0.11817124208727685 2.3335681184233863 0.24295214802098336
3.8656622409851122 0.12814865059718272 2.577961842892088 0.2623373485297414
3.8020488365324248 0.12799673857192284 2.722007162127875 0.2641146323655654
3.7436234050064927 0.1395245523478278 2.8061764327429053 0.2866655984630234
3.9237596611845897 0.12931122403836728 2.4683970537466386 0.26571116589550675
3.8509516928834358 0.12734193419305906 2.600450309328751 0.26303079275762786
3.709167056137808 0.13786642392144144 2.9175887197659915 0.2802428272454608
3.9515095385108236 0.12437268479598922 2.370244246923999 0.25484263969303295
3.8443504233648045 0.15899485499927238 2.6244170509804157 0.3279597774181502
3.7751530918320584 0.1335838204535501 2.779348560287178 0.27620574796055714
3.77525024369875 0.11433075810650607 2.7562148171701732 0.2333870541392767
3.785351738771789 0.12336235262015845 2.7501743404091012 0.25389002141110845
3.7695291188726117 0.12974774635936315 2.7741247555408264 0.2674009603950623
3.7225075016822524 0.12354871974806267 2.8460037663091775 0.2567370451875233
3.868270107536216 0.14486563355198853 2.562332898395917 0.30105673280474654
4.045435105568034 0.13415300788954737 2.204137711987622 0.2817622754973982
3.8557250278771296 0.11937162928393243 2.5971482183259242 0.24222813567751816
3.695884466534075 0.12596203922946067 2.9196896236242846 0.25966133887911014
3.8886419725341366 0.1454577138619716 2.526747276015438 0.2948928861623399
3.775712494836736 0.11268490830144805 2.7663238616834067 0.23153066502906208
3.750051978816826 0.1228119753016827 2.8203561575336775 0.24908777916009955
3.7508682858186635 0.1258960170857345 2.816945655435539 0.2591330799556852
3.862264220894639 0.13560305144819035 2.5720431660229535 0.27850762532552087
3.9667478368633122 0.11847117438327705 2.3765821975346952 0.24498736249405936
3.6725941974895937 0.12586056694501618 2.9761312381052716 0.25923938240292915
3.852552370743848 0.13163248255406265 2.5905097040679177 0.2705672079588211
3.7405052169640802 0.12836470261127209 2.8270997124439354 0.26141605740733187
3.9175571887267235 0.11645626341969519 2.468312038585409 0.23644888547173162
3.831964611795523 0.12274209856100811 2.66634358369626 0.2528912437685862
3.789604961838311 0.13371044651165487 2.7274440270397493 0.27585527046610725
3.823620530862454 0.11817314801737945 2.653439289235604 0.2428635768480985
3.9267393948992044 0.1386462889617811 2.4686219023736866 0.28530307977221475
4.037673926804159 0.13995375212009525 2.2225140972760378 0.28760911595155114
3.7592021997537794 0.12394626583496221 2.8222816846130643 0.26119433176946955
3.7913697407261817 0.12505731042542126 2.712958232205926 0.2601982724250943
3.7621911332661346 0.1140233674719853 2.796058425919459 0.2320442546371381
3.9078267196576126 0.13397827128355702 2.498659423497616 0.27450994282937713
3.8330091373081956 0.1295150377403263 2.644560241781483 0.2693324745865638
3.773155683988887 0.12803270908344933 2.7739372371234574 0.26330013406494684
3.9038889651737056 0.12746380060683798 2.4677617479108367 0.26171685514744286
3.9574250738254713 0.12817724847973586 2.3481964850260937 0.2617792290797426
4.021081773773185 0.13750723714987356 2.2676444903101585 0.28399095480142306
3.8307813889510713 0.13095125858721976 2.6473276094702167 0.2674499853043676
3.7503796954438036 0.11294101180789956 2.8138192560062727 0.230183727344233
3.996801771649608 0.1326252860150597 2.3034610418055945 0.2723492357125058
3.856896377932541 0.12439174764439319 2.571232373609764 0.25917470677154103
3.7158470914119635 0.14432576566487396 2.876574896374419 0.29408579145915603
3.7105158757725 0.13749441723518582 2.9044887893718254 0.28145306006422144
3.8340309297415383 0.1417178822428831 2.6307886489862033 0.2919214980388639
3.9257906704990484 0.12212725133247163 2.461083564893499 0.252774931640952
3.644273878427498 0.12461769054155249 3.0241720459536907 0.25745762822660456
3.703425898280212 0.12302791294206271 2.910790203442846 0.25215759103881347
3.8034835913556613 0.12505335532599093 2.693323984541436 0.2559967743237045
3.951094999297524 0.1253046767689581 2.406271358500753 0.2552418165120929
3.9324150469075887 0.13084032716824007 2.451059778667921 0.2692313832747704
3.8094438093541347 0.11442378620218545 2.700996586177676 0.2347881231709223
3.9432308939593743 0.1332332362311889 2.415649577056346 0.2736207250372125
3.7383417201338123 0.1379898913810454 2.83602327221577 0.2807266134469158
3.867493161516947 0.13444368903994885 2.5508928773852686 0.277247342784368
3.7102374647117884 0.13563714567136048 2.8715205156119348 0.27652977888922153
3.8668863001812595 0.12364482390982669 2.5756368596996677 0.257217577412966
3.808365844502725 0.13923302516439695 2.7058566717529766 0.2861616260305981
3.77314080452782 0.11194702751612606 2.790966231997739 0.22836938654526673
3.8912634494079397 0.12393446361522287 2.5332828284598548 0.25489583447719844
3.8193370863305316 0.1397924339032922 2.667115146864849 0.28557847577335166
3.69352561297079 0.13355627509930473 2.9248490342971243 0.27222198271334935
3.960030697876692 0.1334682371829477 2.397782268595763 0.27523070746943773
3.789005297963131 0.13780933541169765 2.755512488517843 0.2804552382589015
3.9528933870152128 0.13187482738491496 2.3651776708346643 0.27329601981833823
3.8338624040457665 0.11199857493623987 2.627687506533794 0.2288246090429071
3.643961528104655 0.12796031080218717 3.0406326025444335 0.26597751916273765
3.772982862991232 0.11975878420819247 2.7619960318736694 0.24603503424765324
3.8599528315974325 0.12460181607555966 2.5707388777890796 0.2563614130456721
3.924764376237588 0.12394048457700059 2.458855001500934 0.2576590793566058
3.836389520085863 0.12377011974613908 2.6554756325078404 0.25485431289206717
3.911668623486325 0.1300078772496232 2.477472419975336 0.26558947300642327
3.8253637169848904 0.13361683916036676 2.6537130941625824 0.2756913759838969
3.8507655693391087 0.12727397925128972 2.618317570250336 0.2605403043244295
3.866826583348148 0.12037969770360851 2.6019840778501053 0.2457907063181172
3.742484687545135 0.1325136367103086 2.852511215768039 0.27261618965993334
3.7587071460046486 0.10732717989724253 2.8005604511203837 0.22193157503022987
3.923387527291998 0.12304635026725454 2.472570983990118 0.2540564760692536
4.054701272631252 0.1423944461456178 2.1683468037676255 0.29505258497314557
3.8178307939367873 0.13095781880721913 2.6800234298801344 0.2674835494364221
3.7320880587561334 0.11549623520481814 2.832500105735516 0.23890188292423742
3.6543985840187423 0.1251209094407824 3.0043186761853935 0.2562543649612744
3.835099370603406 0.12639142471821105 2.6371921748000204 0.25885258977333636
3.8588496335469715 0.14752010955014788 2.5769230190892816 0.30267546532484135
4.004040560064893 0.12346835461267515 2.301183837209578 0.2519469712232193
3.7570225428778405 0.13025883346839523 2.7991379484551273 0.26724338393125785
3.698252046816316 0.1215074169087316 2.9230944390864737 0.2503223769595508
3.872118418573753 0.1280933412663919 2.5599737866759043 0.26314932989434
3.6858122596990146 0.1264844449675889 2.924129018468367 0.2626392787285662
3.8023451338278482 0.13135986258828197 2.7176703419661976 0.2695001746276666
3.7762191468048654 0.13940348522060564 2.765316432063634 0.2864078630287103
3.8934873379959765 0.13380786472438702 2.507312091854052 0.27605490622280554
4.015251518062296 0.13427453132692996 2.2577014807081026 0.27506499063885265
3.8635897487189528 0.13341022915907302 2.5757822983235252 0.27262403179176503
3.8693899480401557 0.1327544627660032 2.5569662221177305 0.2711600813628811
3.938686346645824 0.11446240363200463 2.4075116613647065 0.23556748046530318
3.9530361312542874 0.14968298423897092 2.3991944982425206 0.3084600944192028
3.8190312723214106 0.12509149345087195 2.674987319671116 0.25741919222642395
3.969468853224751 0.1348061062300356 2.36425543360485 0.2783945811301518
3.7223783915150137 0.12355263158037388 2.8697210167170173 0.25185705807255254
3.9893481436536407 0.14025944076542704 2.3452126750504005 0.2859367476972413
3.904780649031843 0.1365876531374842 2.482907759802767 0.2833706181433176
3.887238275701211 0.12857231535971378 2.5240010698534774 0.2616803934153127
3.9265250589437373 0.12054253588757094 2.4295017773931775 0.24782723088872308
3.764952306576883 0.13061332403321468 2.780817143862765 0.2677166517742888
3.9758629199379616 0.13307802742354982 2.347801826259123 0.2718921475655763
3.8486870347623663 0.1292921898591746 2.612048694520139 0.2684648905315087
3.9729506062318283 0.11070066448960095 2.373268317367684 0.22418478411900705
3.8907607739808574 0.12781977786739773 2.518454906827005 0.2651427665529146
3.8778259706248526 0.13033301817176396 2.5685577718133548 0.2667367220493844
3.849589677306298 0.13292762788430174 2.5939857711273353 0.2741570196155957
3.7329897025901113 0.1304661707286317 2.8375160864793862 0.27095529575013294
3.8494273936627934 0.1336882573543729 2.5996409426339357 0.27474170073340254
3.9743691075996326 0.11822454905462638 2.3494437644977717 0.24433500192704077
3.922610569259283 0.1225051375152023 2.439288327858251 0.24953883827076725
3.80329027655734 0.12042454230618067 2.689966998678442 0.250233037815779
3.6645751044062584 0.13439897199357176 2.9939163932226904 0.27758396297825627
3.9545072966982175 0.13449480844774395 2.3819887726470457 0.2793400641075957
3.7772837812663713 0.14536131049348466 2.7563168798522018 0.2962791798119954
3.8272712634030706 0.13048168375351873 2.6608657625510848 0.2699267222148087
3.728676040653693 0.1338497180053055 2.859182719200036 0.2773870176527089
3.897279847292758 0.1268981935565127 2.516328358489102 0.26287902664951945
3.920882212567273 0.13304920961111769 2.4698975918743016 0.27579813547467097
3.8163176541313666 0.12993864239992273 2.705904891752146 0.26757125303111207
3.909514455314987 0.14270532321332285 2.4807227660146864 0.291927902943411
3.9333102890762905 0.15096520841434946 2.4507322145485286 0.31361040891095265
3.8492997770791417 0.14091408931199387 2.6369360549047123 0.28986566317201967
3.8207526197590873 0.12413887588516247 2.6744854165500516 0.25262805058557253
3.771502867726038 0.1247813828345385 2.76794926518831 0.2573862739428308
3.940847643214653 0.14191138762446504 2.411356220618638 0.2906537587939879
3.844503567439775 0.1196592619264415 2.624313809282066 0.2457273088863753
3.9154046232244584 0.13987744050781178 2.4750567867593 0.28501755607981877
3.843584577354913 0.1255786565206025 2.6159553974028977 0.2613387487329723
3.88930787670445 0.14078970234411556 2.5282621024017535 0.2926475465759333
3.8937478570531825 0.13368579765377414 2.506978540563803 0.2770745931243725
3.8775608898909093 0.12723552026412727 2.5507812190980648 0.2620034342058649
3.8210705347697655 0.12579769171747437 2.6794075005258184 0.25696427983542813
3.7114770033928375 0.12823429416651802 2.8756015478309838 0.2608519455380643
3.7359970065004364 0.12152091765744404 2.8443727234893332 0.24976382914172157
3.9438594240353524 0.12315780136038955 2.410471061087027 0.2534911430398045
3.9145097534024953 0.13067452139991062 2.464706011966914 0.2723301784390527
3.7417390374463886 0.12299570253321267 2.818276298004501 0.2518973857159577
3.7857297989256082 0.13082174347698122 2.7292660826150135 0.2693628748292903
3.906780663171822 0.13550830947446968 2.50122189493959 0.2771206967025806
4.043042635419482 0.12172898564466779 2.207419290616995 0.2522733525201356
3.7432908383444654 0.12027148705502226 2.810205983009622 0.2472386327814019
3.7546608287836953 0.13024006250313166 2.797257381066591 0.2679221025079527
3.8222365571172334 0.13318706623185667 2.6609400540082424 0.2733498646813158
3.8718741201976195 0.134710072649664 2.547671104058835 0.2780404180553945
3.883075953681021 0.12468378660771612 2.537310653663406 0.25432685794767906
3.7214942504083024 0.1374914329190664 2.847749379384836 0.28164659579918205
3.8223965834271234 0.1319489062824085 2.66672428961913 0.27308320772982714
3.8588811830654937 0.1311521415057926 2.5915486325929304 0.26832357856293365
3.868941680920519 0.13310302744023594 2.570526720326703 0.27417601163285354
3.943018039113584 0.12615790407110491 2.4473863084645275 0.2563304470448743
4.013714632227851 0.1420153792654087 2.285740729903043 0.2923174658544534
3.9251458221699442 0.1334109359846071 2.467037158258328 0.27449055225012775
3.9711675098073957 0.12799534528870232 2.339909078608841 0.265063845737301
3.8187366548277404 0.12855535865584755 2.691285230150302 0.2641459642546085
3.867578219583935 0.13765592180010494 2.5953590389697165 0.2871058783267322
3.802920950542696 0.12161006084074298 2.6842715951356886 0.24964855722244939
3.688851216353438 0.11489671985721155 2.9420604716929937 0.23589751807023934
3.95183225444635 0.1433313277288718 2.3837518374866784 0.2947322954104487
3.838665853514175 0.13032954778479558 2.6440434010724587 0.2672651639082863
3.719172602017503 0.114482649533117 2.8588913777345017 0.23334139857175204
3.8258457563476043 0.11948473481951065 2.6630164090535704 0.24645728254720628
3.9248610947110323 0.1296455940321085 2.45517153513482 0.2687575287269954
3.9033789064509374 0.12369299292384667 2.493961036172968 0.25241662468786913
3.855584562388608 0.13244389479452917 2.594144934542101 0.2736840208178671
3.713732962076536 0.12502571303156335 2.8994001320862735 0.2561613876134131
3.9237136440197835 0.1369550682305066 2.454974753344448 0.2813376793192536
3.9190372833440845 0.1343763536761753 2.4595331102817775 0.27689059962428353
3.8416134624319493 0.13357841319697222 2.5961440097264608 0.27477157509760985
3.9724495430617974 0.13216347047525076 2.362376845038814 0.2705465740500766
3.93685065291057 0.1350255446659568 2.424747245659633 0.27898961205277306
3.8299846266994315 0.1393780862048743 2.631009711403574 0.2860132129792795
3.873850340827845 0.14289701076380473 2.578313453949564 0.29058300020133604
3.923364529621434 0.12678510368805934 2.46284582798614 0.2614468875946964
3.8626447423087447 0.1187080334245987 2.580143272982145 0.24566698065090015
3.7017342029539066 0.12382551180055451 2.9032136365081542 0.25557670442400093
3.910012225031722 0.12070827851655726 2.479502834305669 0.24756701523220973
3.714670806851327 0.1316282294389824 2.89637994021301 0.26998695141271384
4.011518756219909 0.14278365766976822 2.2620833521792116 0.2895885965285286
3.8326558046685117 0.12659093597284551 2.6386032741326035 0.25748071131883066
3.963139464432534 0.1330728309116395 2.383590423738271 0.27145338107543465
3.8368650202212007 0.12576448608163346 2.6432058787099857 0.2555684113007369
3.908885610902545 0.13144084882090964 2.5272377990069024 0.2706843128298629
3.935252111428943 0.12048546185176441 2.438423726866514 0.24537120386458303
3.930316983705219 0.11329326122788327 2.459337626447068 0.23409250950283425
3.86895198704015 0.1300077476574047 2.5920656719913535 0.2641257527948134
3.6999923148564413 0.12262623914712217 2.9102313043314627 0.24879835990912094
3.8038677333681825 0.12319448825764358 2.7147991268894924 0.25302088882577495
3.883142650674963 0.13216956310293204 2.544627659147543 0.272183715416362
4.060471534483813 0.12912179664712856 2.1649791484448166 0.2634595997105059
3.857463839660494 0.14458481184935135 2.6089846933191634 0.2951160196283403
3.8831117829175046 0.10845470354013742 2.544050653944652 0.2249487027858224
3.9510315852692344 0.12945063512165672 2.3809190704846275 0.26572488582272685
3.7839616660765873 0.13314223865285002 2.74783532956914 0.26881928571304525
3.7347908212461376 0.11920773372508113 2.865350468941498 0.24357341668342364
3.850503343877164 0.12467222254566455 2.6061118642597267 0.2578546905115099
3.924803591004212 0.12694764566885197 2.4472332015780354 0.2628236341903603
3.8099120843876575 0.13654985907095837 2.7179054943193077 0.27940391480481674
3.8127544318060997 0.1393810469389897 2.6906028476286723 0.28785042865197763
3.744504915220078 0.12181951502845755 2.8058027053516685 0.251552517066663
3.965200097506947 0.1292765519910219 2.3698264364158375 0.26752132307986454
3.8415159169486834 0.13230876635728342 2.6327909781875194 0.27279210350671684
3.8660954987221166 0.14763019237392952 2.553291201488742 0.3060384215210579
3.723180891509865 0.1306993685216994 2.8540087876289153 0.27119464770167273
3.8423799492060806 0.13982323551880935 2.629416475246697 0.2872696374695199
3.7907006377895156 0.10524026900109926 2.751345360658429 0.21743769746477112
3.7177573597327447 0.13219711709582938 2.8958429398883885 0.2734028229538622
3.9319139716750264 0.1290396552539143 2.430292120872446 0.2662773847423387
4.00943357200882 0.12701189853524691 2.260684891981782 0.2592924797059334
3.920942118984911 0.13782331981074794 2.457366124920915 0.28286409440868965
3.828266948899538 0.12062331457166157 2.643618141756048 0.24766829586150016
3.899462907555094 0.13093227034465535 2.513848723545852 0.268135387803517
3.772902245161949 0.12336541731480377 2.7528905067507488 0.2525999466333704
3.8051583805764526 0.13270799176229614 2.7091901574712094 0.27068786911788806
3.87298421120286 0.1295444686222158 2.595605651964125 0.2695866581768796
3.785560632410786 0.1247446066149545 2.702379346088371 0.25762733764213014
3.877869139776573 0.12552428899952162 2.552335331502701 0.2562855880005575
3.9183147892862182 0.1324696636411941 2.4708268958950774 0.26849507062813455
3.799689886824128 0.12437604551733318 2.7180211574930015 0.2571540382973851
3.9487010642760856 0.13325309075978445 2.4107195326824566 0.2731132337710428
3.82922936196914 0.10921675220234844 2.6477620421507524 0.22198956017738977
3.8122679961847634 0.13427234371482502 2.6878254453632393 0.27817181376006483
3.94104027669457 0.11981738262369963 2.4309884539527395 0.24767458489321628
3.9596259592268632 0.12747284846594512 2.3888191801725913 0.2615622454504697
3.9424448447724267 0.1239541494394908 2.4147973481066334 0.25302925704648
3.9326435647090126 0.13225376677993686 2.4238370547220294 0.2698503589556178
3.772201085496751 0.12492984693218392 2.757197449755032 0.2538086740935393
3.6599941564660723 0.1291988378701837 3.0051122806620914 0.26350804732841865
3.7271246088307444 0.13020823202646148 2.8698352987195856 0.2695906492859664
3.86159848103593 0.13714668681567738 2.585075996368608 0.28089097479457814
3.9334368424513135 0.12424697800675719 2.429704874647899 0.2568061189710228
3.840673213079227 0.14164561999296085 2.6531589378443203 0.29183674462309306
3.9789784935581185 0.1361997488314498 2.3397011492777633 0.28167987328497096
3.8042308322259784 0.11443072968702656 2.7100044716890164 0.2342418874692837
3.959699390695435 0.14263522112402946 2.375687378552244 0.2892116942806245
3.7740140827886206 0.14065509439843862 2.755384436311113 0.2888128413534721
3.798175009400433 0.12107179348779488 2.7249046662087553 0.2500313882923304
3.7934793433404392 0.12158634463014178 2.7275430260092026 0.24966907250417605
3.7802407585682776 0.12718760014444605 2.746387331337112 0.25927008473747104
3.791321410897177 0.12869435551237537 2.726609428882307 0.26509337859919835
3.8517764059907726 0.12061528400763873 2.6122266354591437 0.24788570036155974
3.704479512975907 0.10899553614085875 2.8993816899481337 0.22441881548671055
3.7453608659703184 0.13227394748766166 2.854290483064669 0.2718409053879638
3.9948069392377024 0.133101139813203 2.3025819464368356 0.2758992054965222
3.77837046699014 0.11923031878678021 2.7408908453412044 0.24749682656827773
3.78509006628172 0.1283358584711675 2.7413765508965877 0.2631155752672562
3.8473846510933893 0.13520386100574186 2.6256644122324433 0.27641130680538145
3.9899790025769875 0.12619304689348546 2.3223864992186387 0.25989056278830164
3.8129084992553497 0.12156099423302912 2.711702201903121 0.24830053493690032
3.9617161103677034 0.1343899944474059 2.3710183557341526 0.2764622614584858
3.802400795726319 0.11125411483041724 2.70085218928285 0.2315117602651645
3.7494772875157514 0.12709710592353404 2.8015173884173166 0.26385052361499883
3.761029449151201 0.1357016341225933 2.8106232776368847 0.2778431246953495
3.9315029433672155 0.13560735292803203 2.4401080750535153 0.2806136990603739
3.693322974530415 0.11685739288401902 2.93962615675787 0.2395819085800793
3.7081865446623845 0.0998486740003006 2.9087171583817626 0.20605646786206813
3.641086179958747 0.13102393394044953 2.9952930082100764 0.2675197040805302
3.759843182985085 0.14265971682529058 2.795560919964151 0.29339688876227743
3.829782412582941 0.11006278154674651 2.6275370080444107 0.22484250655245067
3.918831298476854 0.10662910647591957 2.4706106362697686 0.2178605331786348
3.8096120465545193 0.12582373377935105 2.6949757984518827 0.2588770509767759
3.9230883272814916 0.1441519828459663 2.4348171235581635 0.29592697614288416
3.8275730814374054 0.11715160541028913 2.6305127878720675 0.24046006475172804
3.8848402989825015 0.13478643219755085 2.522082501350395 0.2803429292798798
3.8274210790926486 0.13623536427850283 2.64567868337895 0.28037837802051724
4.0486287739154365 0.1360353908933337 2.195651271647346 0.278265112658649
3.8706895298813255 0.1369065909723082 2.572515908481782 0.27901618129997924
3.6893780933067966 0.11511152719423716 2.9211399584724713 0.23821991664136996
3.7319229499988142 0.11839394082213216 2.8514120645477563 0.24348411008241638
3.853681566541015 0.12101482795584241 2.5936473852782553 0.2505439747623262
4.006077823711738 0.1306821653445684 2.3037198700263084 0.26887139498785484
3.7857877964616407 0.12545563976900975 2.723866419236498 0.25693994265848147
3.6953336482278516 0.11683600315329538 2.9149833570027486 0.24192629223503315
3.7241428526775606 0.12027940778628383 2.8595077391598434 0.24897179847095602
3.8516330001241004 0.12369497478885058 2.5991460681451564 0.25302650252986114
3.7636379308598933 0.11825366359805396 2.7880746984561795 0.2449455478934317
3.8541356663822026 0.14170393126345082 2.5930605117274292 0.2896531420356423
3.9158200950456576 0.1377968908050426 2.4756762223803532 0.28501613858666786
3.854688553129491 0.1164938206631711 2.610647029656665 0.23724447620705202
3.7485062915061906 0.10760976237180749 2.7849367040288975 0.22000206053118398
3.709343492774051 0.12555973638390344 2.909704176141409 0.2589784573387246
3.7857797473231587 0.12947551057386117 2.7429732973741197 0.2676123365565568
3.789081442627289 0.1246783089317218 2.722250276828576 0.2612767126680458
3.7544130101781485 0.1269369172899199 2.7804531440400573 0.26167290214064043
3.761124993724132 0.12726988695051572 2.780815935196154 0.2611794259185312
3.805829470303623 0.13741249231950486 2.697270810621349 0.2821588635200541
3.7747041618506385 0.1402753529813553 2.783196538577198 0.2881691510361146
3.8820432146203405 0.13475626185797424 2.533010014997227 0.28014888290722817
3.841836399756541 0.12950127944165934 2.641294148664744 0.2624377050803575
3.7846605933049666 0.13735381851522 2.735195831745588 0.2812874689307195
3.8630868614726914 0.12885416120584858 2.57203649930213 0.26560304696813786
4.047600013342047 0.12586172248586228 2.2224275216249447 0.25981744820083147
3.8949260822349014 0.12233643294693677 2.5037710038623047 0.25097781231942357
3.882721733579399 0.12940256821983953 2.543699341363385 0.2673298510615406
3.999676796531504 0.12674987500314527 2.282386971689921 0.2595288385842737
3.8778839850795697 0.12085807901216096 2.53711633839386 0.25025422008627246
3.913869267803861 0.1434719176190541 2.477533193990711 0.29276426704834646
3.922228153041667 0.1313863591634857 2.465599926014321 0.2700941281399798
3.8951274091778716 0.1307705759674365 2.537729014467903 0.2686342931605367
3.7596931441383035 0.12526618180588628 2.791213538338134 0.2595941075577881
3.74596906073057 0.11971432320881141 2.817265642613995 0.2438320547027881
3.885881871176892 0.12236178874771247 2.5280111622497703 0.2517502961957894
3.7325387908902052 0.12976874187107243 2.86275687031027 0.26750431937872804
3.8879336876313726 0.12075111169400868 2.524970624378236 0.2486096711067543
3.7529941218657212 0.12233930694252089 2.792956276877078 0.25555633452216053
3.6893828658088177 0.1320885311289296 2.942115850347667 0.2718118233862727
3.759370252217421 0.13722086458970637 2.7950838752317555 0.280569333695503
3.8076271107968918 0.1435291633935002 2.70623264302358 0.2922000496538893
3.899823507200141 0.13847955739091575 2.508178103243372 0.2858850458636504
3.7400955237203592 0.12394138647706018 2.837133606559238 0.2542050430413029
3.7059309754645477 0.12281464214740048 2.8830346228477515 0.252275949815432
3.905302273031748 0.12930850559563997 2.5046974198964325 0.26630449459681876
3.894099487855782 0.13492193811431008 2.530479895543084 0.2792642853449006
3.737850775608498 0.10974709515159757 2.820212742664571 0.2246314024953362
3.8573959196298224 0.1298031735644129 2.5919386070864348 0.2661810574637099
3.8208195014213153 0.11646764012766125 2.676613176481602 0.2383397451725723
3.851535484309101 0.12871003666563668 2.5989099958978317 0.2672548863394501
3.9803919101701424 0.12880887252630863 2.3496414464857924 0.26615301426456534
3.9305462703465386 0.12870777187671126 2.4561530649244148 0.26374107270375563
3.7998265986971758 0.14425339227461859 2.68658831966923 0.2962799745047685
3.632399654653126 0.12837693676894366 3.04265099826073 0.26350576330909115
3.831484274126428 0.12160713136095308 2.6193435511408856 0.25024554810023736
3.86481876413463 0.1300453858693694 2.57677597592564 0.26899180395177114
3.7830935682117905 0.1254967944821209 2.763660607529057 0.2595196812568914
3.8161039338149902 0.13111012591764917 2.6711957801484667 0.26664212123720776
3.88947198947932 0.1292925556537343 2.509091259944179 0.2667634985413653
3.6598889698692245 0.12272301141737171 3.000143953496388 0.25171617223556625
3.816231832304915 0.12877458200117353 2.689262315860545 0.2643300551945919
3.7672385815501324 0.13026628601069487 2.764026183214132 0.27087528705606934
3.8197528211870764 0.1180740428141615 2.655148252075279 0.244224301205643
3.9351923521728516 0.13621112436595234 2.429113768828811 0.278521679737164
3.9362661528027525 0.12877718522015572 2.440564626460651 0.2644885846642771
3.858965779964532 0.12158768675751529 2.5853433695281494 0.24882544623961575
3.7937046486977017 0.1250514073269707 2.7242879672963873 0.26013434810337166
3.8944975206982155 0.12063710353274819 2.5027064689045657 0.24830352183826013
3.823740073663126 0.11347862062101681 2.6392129824799024 0.23279067004721382
3.949886081051564 0.12914944297653827 2.393796398051996 0.26646964515864147
3.9381161495405927 0.1336625666048636 2.416350622703501 0.2723937307117665
3.8211522067127843 0.12508014304820395 2.686045159434497 0.25780754431672986
3.766027228469374 0.1375059406865847 2.774080531886825 0.28372106712393197
4.08082001721673 0.12350381177890983 2.148415919983473 0.25282420174915865
3.823497185847013 0.1310271811734191 2.637108957603754 0.26944365946849413
3.867683192582965 0.13518399294948624 2.5836325277424077 0.27521958414255626
3.849813828261884 0.13204991598737648 2.6106563347223437 0.2732655830381133
3.903017433238457 0.12146623055166518 2.480425450065793 0.2490003905281365
3.8840706506026788 0.13690243123649598 2.5242279348368086 0.277485036914929
3.914085566723476 0.1439118743858669 2.4890584590382963 0.292014612257642
3.860178659582786 0.1348055033396115 2.5804819151764042 0.2788555939950209
3.953518957870026 0.1350519289243638 2.4109932725652463 0.2779001889439247
3.7719253328367786 0.12848045859167379 2.77509534726889 0.26185323422118606
3.7148130576372282 0.10922356212692379 2.881759150996241 0.22164814723365298
3.8586423208688636 0.1289306183979215 2.5531839098673057 0.26359106359213225
3.7817378628044946 0.12134460336968708 2.7392295884310562 0.25125978523924
3.8448894393888984 0.1238043979963736 2.600609788363794 0.25402681343293565
3.8282200060558242 0.13485322045954254 2.6544890131313803 0.27458334883153446
3.9186714830437013 0.12776740782354198 2.4812947899549904 0.26164632208509975
4.1622890499238085 0.15421005170270047 1.9941337353043298 0.3169254526084009
3.8297954802312915 0.10934643928161902 2.6577970602498806 0.22627483103371915
3.9051171187554043 0.12949231089481278 2.4871182326462637 0.265561687430003
3.8087619172715055 0.12675618980481337 2.677817747407645 0.26275704814100503
3.801619619829924 0.1307064239263925 2.6830064429499547 0.26750108047551524
3.885380672054728 0.13137432044355912 2.548299122335889 0.26813998827325564
3.8305848940197276 0.13022642863258407 2.6676103902916175 0.26536214608037756
3.7356555859492406 0.1192101499544295 2.8121545247806043 0.2457720610220143
4.014033247329225 0.12245995145134268 2.2685075002771145 0.25186188159157646
3.982827979243422 0.11317175343275875 2.34560275767903 0.2327961371283052
3.8253092115199605 0.11856371168915102 2.6462550610219306 0.24359823233197025
3.9206539061571464 0.11903125533101944 2.4510556527263416 0.24543200314320934
3.867854263390737 0.1380889903047267 2.579895794648772 0.2830875461789207
3.9022238654043786 0.13169018765156593 2.494709230222539 0.2683172749654922
3.8417690488839487 0.1382983896204864 2.6336069826648303 0.28481788977128447
3.9383926496908086 0.11861275547763807 2.4332835148957033 0.24620113422869846
3.6632005371084264 0.11890330851929201 2.9884335067222603 0.24221237601350268
3.623959948967364 0.10818102782022458 3.08628238008043 0.22394053434266462
3.7215715585340154 0.12324360148415711 2.870528362171337 0.24951964486140127
3.959195793557675 0.14255274795439837 2.382329865518659 0.29169540119842036
3.732894352828714 0.12155580012976061 2.8426397350090973 0.2500761690116937
3.738421453499404 0.12323717542733992 2.841757498606139 0.2521969306443102
3.8589387594031024 0.12069436629307631 2.581593307880282 0.25001554722098696
3.9363209170299625 0.1512436158488374 2.4273370780820205 0.3122424863866367
3.8771092168336834 0.16071418356832293 2.5557618133558684 0.3339332649874049
3.669051843816434 0.12208128226680992 2.9815922759199047 0.2503622351176523
3.8692967670469756 0.14241920998404436 2.5757710964771907 0.2907709427544822
3.7349093427125593 0.13124892287874343 2.859962635486696 0.26861718515672434
3.8512496966783605 0.11985254589926361 2.5881410315585596 0.246435406611085
3.8356005001798614 0.12969430845436014 2.624285805922666 0.26833134989551777
3.7995962752287147 0.1333670702605904 2.7182435693448674 0.27525523670336705
3.9847538144493564 0.14029926955442987 2.324553165756814 0.28997746231921123
4.0024745328401785 0.1318582996249491 2.2960094532833284 0.2708321692501898
3.909232808681466 0.1268843954160535 2.49377382834354 0.25914703936217504
3.785977353215543 0.1276089977779698 2.7382124486080426 0.26411215184720566
