6.802909422600026 0.8171136626198127 -3.405671688229024 1.6782802895891271
6.6871098474241 0.7786335802465185 -3.138070770127041 1.6011201295877941
6.788115500243144 0.7425748247075757 -3.429360895384187 1.510670518989252
6.888718570355009 0.7639390206120699 -3.607579445113676 1.5698103307558826
6.6993234875517 0.8714385600518954 -3.243632240197942 1.7864073158591187
6.868648404745067 0.7365703056721239 -3.5368533452380504 1.5090498434082544
6.930077272200178 0.8161223713499575 -3.731711025475592 1.673850697098141
6.603763070326449 0.7814985182356756 -3.0785521002456973 1.5995644474549984
6.867150013766275 0.7705054639360044 -3.501500366193086 1.5846086945680127
6.9165851153590765 0.8600636247592192 -3.6038458522748265 1.7641356389065024
6.896976084946213 0.6916769287163383 -3.588753387076176 1.4312102421947834
6.226199553299622 0.7737694612810089 -2.355109678850193 1.6005886123753037
6.710590696498855 0.756809542519416 -3.352638109177761 1.5939060828181788
6.744492552993794 0.8067853542396564 -3.2434516970862495 1.662432835115521
6.89254532523491 0.772645123462772 -3.624048160176413 1.5857973284192453
7.165439175826772 0.5762590233525713 -4.109263814161553 1.1759981761088143
7.1308761104489395 0.5491018881137918 -4.1540860409211895 1.1347750324470012
6.849494746604941 0.7481575442175022 -3.528709568797699 1.522884083999805
6.628897080825813 0.8227571130817993 -2.97534523340554 1.6651401377647714
7.270928382516338 0.4977171119537041 -4.3436601204232925 1.0126777399481715
6.840680131470047 0.6327644579451563 -3.444283516232497 1.2936015341177471
6.956185001165971 0.9089004043684444 -3.715043438294824 1.8428843192098643
6.70526671307157 0.6706975338085094 -3.261357805280361 1.3835938700609167
6.759786587377915 0.7328952178472907 -3.3846530824735286 1.5062049673843376
7.214182835356317 0.47603903633559175 -4.295782833202814 0.9784291068097081
6.802243742696812 0.7732275329410964 -3.5117754340362204 1.5876044451044924
6.978492269899718 0.6582015545719929 -3.7173363225384577 1.3359837645091117
6.946866054629781 0.8121705984272826 -3.705237769526662 1.6535430486013143
6.7749459314747025 0.7877023551646766 -3.3342343270339936 1.6143167063289285
6.701427486532915 0.7315071054965286 -3.2213164085613544 1.308133622833291
6.967875754296078 0.6878742198866873 -3.707590079273023 1.4133516930993608
7.0408961948059385 0.6362377630946818 -3.977961292186281 1.2992957657812443
6.856749275433853 0.6768067029349136 -3.522145126077983 1.3923743618234325
6.607597478347426 0.7341618337322979 -3.025569455634644 1.4887682537512523
7.075219755782801 0.7354591160027544 -3.9209889739500587 1.5057272309391787
7.190071334382964 0.6463279491889306 -4.227622079381641 1.3191219330370572
6.859328319609553 0.8162533012060564 -3.4988706355385437 1.6702059942557987
6.790376154285515 0.7116708282025198 -3.4942638518166653 1.464089879614506
7.0020678241226015 0.6547968335671166 -3.9034538534208396 1.3467596662556134
6.999260955611316 0.6893241347770331 -3.8435248941476097 1.4112789444519462
7.0682259374686005 0.7187040715080443 -3.9815575801573075 1.48774987446368
7.058842141615086 0.7420943385290988 -3.9767762469330403 1.5182369855535098
6.965895796413947 0.68611605313028 -3.8624564549467832 1.4241654467539415
6.966547349642927 0.5872463114077907 -3.889516531338516 1.1974495572566295
7.1488757705415935 0.6095196462205624 -4.1944781001549565 1.2358205585392272
6.530283100634311 0.7028918445555832 -2.8921265473730333 1.4315068600490313
6.100644086030375 0.832609258832479 -1.9915279090481526 1.723243980765488
6.938265606565298 0.6730764673509722 -3.7093024105231427 1.3755283351142693
7.0741064448252065 0.6234066726908544 -4.011249789633234 1.260127333996053
6.40608924441367 0.6405082270089432 -2.6061656484321496 1.303951280097658
6.9553471203239745 0.6615408007754556 -3.8428159020024237 1.3604956648169864
6.922403836962287 0.6769808938846023 -3.688426517204431 1.3654532268513155
6.720730979556739 0.7238938793154737 -3.3171986046751245 1.4952889054734906
6.5867199257892075 0.6964193662898911 -2.9388885087459022 1.3881578933420773
6.971016070930061 0.6507587779030685 -3.8616274305987117 1.343451963188385
6.858659630307311 0.8305419053034493 -3.5862620254691713 1.6997119433018792
7.015571274741238 0.6674368819792509 -3.8098473595112963 1.3620855203738629
6.7804864142070445 0.6864327880100718 -3.494464891701863 1.4153959922424673
6.9657484046188225 0.6408246398017727 -3.7552880965771016 1.3150657501453091
6.564548715498036 0.7510744712477929 -3.030115174446249 1.5538471390394561
6.806217162066092 0.7455712054404953 -3.453763583735364 1.5408130208505446
6.984723020165118 0.7960870379735083 -3.7048622539042158 1.6206864561219203
6.742696371701531 0.7795974380418119 -3.3120195162716497 1.6023832390612074
6.842333305349872 0.7504123125521164 -3.5492325505020803 1.5356218139541915
6.860518160545986 0.8294376352797469 -3.541367922436927 1.7010404851665044
6.752605810018041 0.6971699493402241 -3.2751236257408904 1.3994579187366716
6.761594148616728 0.7737371711001366 -3.429660354287974 1.5976960668792213
6.470441192902227 0.803645519573627 -2.779314648462489 1.6466630244456555
7.19283416850275 0.47190613629509054 -4.228778567944108 0.9692175843659425
7.08887154529994 0.6664898346796194 -4.1617706599084485 1.3831365722888498
6.600683113902264 0.7014179629927646 -3.009451880435149 1.4390099915628753
6.682832744333028 0.7506880389619216 -3.1753642786321583 1.539387045647285
7.06297729035768 0.6358650191518318 -3.9230614675794238 1.3004842180009777
6.873314024777341 0.9012081292094547 -3.6219117195085158 1.860060104218368
6.982822651249152 0.6417162570264457 -3.8303034861410756 1.306587454650888
6.836475106810369 0.7287663795398976 -3.4525745435311843 1.486928872471053
6.893498510296487 0.7011571407916932 -3.547978946144354 1.4357868026368859
6.910272172283294 0.6735371652732461 -3.686568442780646 1.392949841016751
6.887825149845089 0.7590777809795006 -3.564174272025503 1.5278972638051782
6.771956867521778 0.6731143280718775 -3.419972371905179 1.3514606933209319
7.021518089188427 0.6739421776490793 -3.855686812546095 1.3704692835055736
7.09973150862961 0.616205415696867 -4.013276318748538 1.2587446018619348
6.4147315951402115 0.756440257567887 -2.5946268832253723 1.555553918367051
6.5414947134283485 0.8582543518959747 -2.932009888908408 1.7674651861047248
6.9297980820687535 0.6511347019882701 -3.8287081514457277 1.3377609827998997
7.120150309887034 0.5753907874599983 -4.13934959725909 1.1738945879036735
6.753954921247415 0.74911692409238 -3.3803851642682172 1.527970493876733
6.973998903526049 0.6507788800921387 -3.7436655528075002 1.3361328557217902
6.43965900462636 0.8065691682083581 -2.6604807094430445 1.6411940076517935
6.431385382725307 0.7436285597467004 -2.721678256513439 1.5219841201164885
6.968855253815882 0.7906723378008348 -3.806559534966533 1.625303499897788
6.788807076540232 0.8711719689687546 -3.4008685892522292 1.7603718895770837
7.0153408646873805 0.6765564633146327 -3.8780876639153004 1.3887944529770964
7.044007206501487 0.6553048643764289 -3.987535683569363 1.3486923256207632
6.80721197077935 0.7223392028821494 -3.4809050284703944 1.4859662293005718
6.969665644337223 0.6856042219762076 -3.792838254449693 1.4015563483440432
7.138433255122829 0.5403695774100252 -4.1566102644950655 1.1122486443662685
7.168125653864088 0.48260349651145024 -4.208446840802821 0.9840718055476697
7.252301094725372 0.5131252952867739 -4.407377309545588 1.0602275642888652
6.966185330833854 0.6543679918434144 -3.7508436453767695 1.348830881161275
7.1818700646738325 0.6200955895564236 -4.104600649570674 1.2519485123076934
7.033242975410759 0.6805438111790607 -3.9370363019364567 1.4080526716636887
7.167364824241208 0.6274450025212657 -4.101479798248919 1.2844763828415937
6.959540460794509 0.7012452772116377 -3.631965012239727 1.4345219067941053
6.733507126614336 0.8305414925869387 -3.289045949644393 1.699876664786136
6.627346171141719 0.9105517176180088 -3.0043878774461428 1.8550579957490525
6.194048781562072 0.6266972344030688 -2.1193618730345567 1.276846379709888
6.95825808882203 0.6412560918441621 -3.8025508579101546 1.3173920954835705
6.8596735322551625 0.7212586161060702 -3.5806711020645645 1.4863921872490462
6.847793986938555 0.7002530151081988 -3.5358457469087456 1.4396232534904252
6.871586249288716 0.6969872190169732 -3.5457805799421376 1.4169150739981562
7.021151295584389 0.6631543800387472 -3.9103935380390475 1.356554538994966
7.010611429345179 0.6989181599914681 -3.839935376768495 1.4424127471536534
6.906117337599397 0.7470912804230712 -3.721893515879189 1.5475729174585784
6.683035803759578 0.7963816112890164 -3.1930752935980764 1.6350395237621855
7.06751334381643 0.645461931558196 -3.978333513794875 1.3202923075657347
7.197310210563245 0.4887196522446805 -4.290383923740732 1.0098650481714284
6.457235270746075 0.7371549226623048 -2.7370076387479276 1.520138370337815
6.9035666651600645 0.7173334873022101 -3.5274516158676863 1.458222635067803
6.74750992612384 0.7504710347982346 -3.3613669764751424 1.5323351114071058
6.67919929003954 0.7715597802799012 -3.1660334455339667 1.5752741741086917
6.690251371416494 0.8220867362007607 -3.3354805894859823 1.693953324272019
7.297352011122717 0.42878374314110285 -4.457919830784401 0.8971111115866199
6.835076175217136 0.6876326796829321 -3.547047205349366 1.4265126472322567
6.986120873229977 0.7016372318100902 -3.837278464922314 1.443487866114388
6.884481893384179 0.6900902157927752 -3.585391058614474 1.4010564361253264
7.076536126907037 0.712390402437094 -3.825539427252879 1.4485039109616602
6.596886626285308 0.8211796136538114 -3.103215199625697 1.7014204337061516
6.76541969297193 0.7609535142595454 -3.3525670682986703 1.5563911445889018
6.931040730860799 0.6985341008131855 -3.6939097791281053 1.4270993191220065
6.879310069591172 0.743893220531184 -3.552608220846987 1.5328461390952537
6.850065427466578 0.7103747838505509 -3.5506736533183307 1.4645938034635504
6.354982210397649 0.7608284702533866 -2.5045078732254575 1.5698674147928622
6.447438353910009 0.7716621102307002 -2.698198559179785 1.5694114319393881
6.990540565624726 0.6939331766686826 -3.8350319942158677 1.43367863626483
7.00868526508728 0.6441182308876268 -3.8569921372372376 1.33526861144693
6.88968214571128 0.7244421913274551 -3.5917118739647904 1.4997511322363386
6.934063701676915 0.7118002812084127 -3.7329349206435234 1.4375465865496835
7.123492785413385 0.5829113626971181 -4.157554775495429 1.194540845189146
6.918137081794963 0.7964448960324262 -3.608419524661852 1.6311127265527754
6.975562467664532 0.7042665293820531 -3.8094347966997226 1.440569038956736
7.217259953598964 0.5595239660715752 -4.347205892884739 1.1543103617038686
6.8845772528981986 0.6681617539363915 -3.695051789570328 1.3960505180231435
6.808035981550997 0.7392243434418942 -3.4342562810951325 1.5134823234997592
6.312188389479249 0.8279113221712567 -2.4074664037899662 1.6870000888580607
7.205458115076985 0.5988415677950095 -4.24359462743319 1.2141388299046474
6.804467139584263 0.7869844315389318 -3.3475650434760995 1.5918029241812723
6.213257944223926 0.7583651081752312 -2.238152280137856 1.5571616503270418
6.966446916695555 0.5997323121410877 -3.752876164101621 1.2290724978252083
6.867530930749584 0.8281229341719261 -3.5031761184313392 1.6977520019697794
6.9479769233319075 0.6607983563217953 -3.7073432955477186 1.350576565914341
7.124534067174836 0.6538343895116022 -4.051375610598416 1.319642666105788
6.90001950703847 0.7316877572094312 -3.5870033430161428 1.490068599012629
6.87384579378112 0.7795419249240332 -3.6251251952652632 1.5819011519874764
6.329202235301185 0.7325480080668679 -2.5671812055168086 1.5073454140130749
7.173569598135657 0.6045031515223412 -4.179298941213089 1.230754509254529
7.204667095037882 0.574222047749814 -4.219203293582066 1.1720980316606224
6.8957417696677 0.7779281292867075 -3.6200835258329986 1.5947200124146188
6.6539048457017955 0.7260400537069355 -3.1844188959619473 1.5045094961921501
6.80921086504862 0.7169477350871414 -3.5210338555571647 1.4676322291121446
6.908091297222165 0.6864038932919537 -3.707348425936938 1.4135033481255894
6.7895421948652075 0.6753374735347798 -3.425308816937309 1.3859044981764637
6.843217146679834 0.7435677932599335 -3.5606562293637736 1.5481211559778019
6.34611517218654 0.9467741966608215 -2.380972340798141 1.9200222290415399
6.986143784232663 0.6773256222860885 -3.7944660505996453 1.3857738171989564
7.032578287694259 0.6522440510865637 -3.8958969574076763 1.3410849477368338
7.076177487105875 0.6227771223816931 -4.032669535985889 1.2775703386964246
6.880854096104741 0.715401171782019 -3.65712776955432 1.4809312240576582
6.638648426258813 0.7189128976370147 -3.228392547647346 1.4895893645185647
6.882410907837962 0.6740993317965328 -3.6495020022434073 1.3765175044763034
6.6360942994740855 0.7976470416360688 -3.111922189209746 1.6484210174666796
6.74903227692984 0.7948149156877021 -3.2698853829939827 1.6187096168786914
7.090896052398884 0.5918829104666316 -4.145406738950476 1.2262859495457141
6.92417116164536 0.7392792909923627 -3.726893315725882 1.5283479985580999
7.0595232611742915 0.8087418595371458 -3.8476618734451176 1.6496928838462317
7.077650857179462 0.780037912198401 -3.9154046146592973 1.5769063028632504
6.644223730738632 0.8049686412993459 -3.1823658397088836 1.6474860181642361
7.085379226844266 0.7127431050935715 -3.9348352308522196 1.4573203832614885
7.1781336962599855 0.7087680558352184 -4.066257616823849 1.4340292122106004
6.2666627804731885 0.7981540600314764 -2.3659075021030747 1.6403852960679786
6.503602076376375 0.7384974375252105 -2.9210563485673884 1.52176728958258
6.599270131699594 0.6439374068569658 -3.0593685474339622 1.313025522757897
7.017522740100378 0.6163274976432447 -3.9912036175428574 1.2764072676563285
7.064900776955763 0.7454276305869583 -3.970049811285124 1.5250553546028933
6.8440090127632125 0.7945148932794261 -3.4868617482290727 1.6285575420521825
6.895678652790018 0.7433895388949993 -3.637277490347465 1.523500756028992
7.02246607220326 0.8079046631199955 -3.808397901797844 1.6361578975679056
6.919795923725249 0.6953833115251189 -3.728884698831926 1.4468934717432298
7.040134853057277 0.6343018695200606 -3.993755260652329 1.3049582122193333
7.0317902691045555 0.6396717059461291 -3.9006406233329063 1.3091573789855024
7.101016743584102 0.6653836541110352 -4.01386254396176 1.3683651771883318
6.4171702017758 0.7384525553077833 -2.712940010197608 1.504493023938174
6.905056880392092 0.8038807999588181 -3.756694944529332 1.6477514016251364
6.657002033289106 0.8265214619213039 -3.233352306650113 1.721756082221869
7.1544288233108455 0.6025545003897038 -4.135798481795515 1.2411507165479265
6.956058389128212 0.6719257076115617 -3.6076923755950663 1.3567312150833177
6.891639331444342 0.7643069341202704 -3.586977033922801 1.549968646208515
6.7053166247392575 0.8688768481925233 -3.2198161630970334 1.7724789892414188
6.330688216741173 0.8850928551005719 -2.487353841583454 1.8372095907016848
6.784897159905407 0.8192152164061339 -3.4044703568737416 1.6718259466751837
7.022118738652948 0.6203783839505562 -4.037656773463189 1.2949083402828647
6.913924017840577 0.6931960376326001 -3.7865924669227455 1.4347543076912135
7.02019407699904 0.6978443567530335 -3.929603200221222 1.4564716404856708
7.073203834696806 0.5929294636007214 -4.06613830285548 1.2283007943719735
6.852855073386985 0.6588573953145798 -3.5523594290395324 1.3497002173295494
7.09074875447906 0.5609876970367055 -4.042487185090454 1.1630592129961568
6.7199160315060125 0.869227939656546 -3.2820133576632577 1.76293172117295
6.865998987785554 0.7820537735802897 -3.5434289340135994 1.5979174714105215
6.955158973847556 0.7126693843292168 -3.6983394862054926 1.474314971590633
6.66699170663405 0.7621818416397735 -3.09771307489596 1.544236619626986
7.158722852365887 0.5350733836270846 -4.198869922516556 1.074127812292294
6.673398757095821 0.8274712291378093 -3.114186775748612 1.687610648211782
7.137895930849142 0.6288723253911974 -4.0708714177475205 1.2710780701754938
6.604120440852233 0.8113162841359841 -2.9393366841697475 1.670227293950232
7.046240874351719 0.573346089175237 -3.9636329817668052 1.1421426403312713
6.9768149807904525 0.7837084763283838 -3.7831812220924634 1.6112264314027573
6.930201877218493 0.6060274362540792 -3.7172582473126674 1.238611553837841
6.7032834340310785 0.6715835354994678 -3.1848805639303523 1.371047516438802
6.59382583693424 0.6801694823581506 -2.987434432862565 1.3998316381901141
6.414248421756966 0.6504192726757838 -2.6926005032017315 1.3403829811893098
7.053761706686757 0.5656234804323962 -3.9880041921809175 1.1654932822165238
7.041133990174693 0.6556178895841227 -3.8981611443137076 1.3468959326280956
6.811366378289495 0.7961782347586377 -3.500803989455357 1.6255799303332836
6.814039202194625 0.7815623164343074 -3.4372782932222044 1.6120873216709082
6.954587169532032 0.6657631556928554 -3.859248898151944 1.3844156917697734
6.886486659623834 0.7397886794395524 -3.6044983618353665 1.5218416061280147
6.23265387233453 0.7549554418379664 -2.2802851883815354 1.5335800187297428
6.8904599435445295 0.71518415297679 -3.542743216909561 1.4507112210581834
6.853747432725909 0.7489423284422712 -3.5765216646592712 1.5434859273893744
6.854607736392261 0.7171473044696322 -3.5614611948239974 1.4767480439539005
6.529663381017944 0.7793261698522896 -2.8550016403541045 1.5946290023602632
7.1116034926268945 0.5585401494632805 -4.206482577762117 1.1623379549219048
6.866569012560501 0.7479717547577406 -3.4417031515380847 1.5382090406517657
6.732261416655821 0.6869107855196892 -3.228688810514747 1.391479655680587
7.1712730117373535 0.5751612850699525 -4.125702687646341 1.1812720667235688
6.940361097860967 0.7601639517569564 -3.6904005150655896 1.5512372111562374
6.63571160835281 0.7896488893753802 -3.0656626843805683 1.6010706337499305
6.617980277233299 0.786120919857023 -3.1076767168513264 1.6164397089369873
6.7948604212246995 0.7419893412780145 -3.349929340591978 1.512596028315779
6.459739421332909 0.840249932198295 -2.8258895587608848 1.7167879241039852
7.1786943453412295 0.7265205543165585 -4.219490665994085 1.4815025759375908
7.07630395369196 0.6391218880617249 -3.977105664901599 1.3071274874227534
6.829999027756341 0.7149502849099827 -3.5228528238896155 1.473940257504369
7.010269958924147 0.6777023610629686 -4.004899763702024 1.3995819232250413
6.87688756291756 0.7832874471912116 -3.5721946714113333 1.615328062523082
6.92370459476005 0.7791610011438276 -3.716158255779596 1.6102877178581363
6.861903734613615 0.7700282384506769 -3.5398711110222782 1.5776617017224333
7.156263555678569 0.63439254144655 -4.113939005962308 1.2971030788920253
6.45147344061046 0.7240819370945349 -2.7428272104626927 1.501470442295539
6.921512192125794 0.6257652231169268 -3.809876314542429 1.291679061699723
7.000886852148896 0.6622465029867356 -3.878265895275102 1.3566866752349251
7.199057631044871 0.6102579563924784 -4.229462249049838 1.2624397876319113
6.825003395109576 0.7688128406926642 -3.5312010158035654 1.579333981157835
6.702599523168739 0.8192565385614569 -3.131433002944105 1.6507517256042266
6.827032685804667 0.7620244386088664 -3.492204474402633 1.5679564930858676
6.940901178698299 0.743246478439232 -3.6942743651095293 1.5308779882203667
7.084891858298743 0.6431673119538245 -4.088018448018979 1.3255683072545978
7.163991418256999 0.5428642032990203 -4.2080711911849065 1.1029458881934533
6.829279317534293 0.7451965727458647 -3.4521620956912886 1.5294287331262866
6.983524004441206 0.6520197533337104 -3.7727535163730637 1.3252102949851032
6.957539511846075 0.7392050031433012 -3.7098336201859707 1.518942061368948
6.445676466587288 0.7788111528366397 -2.7207851449174494 1.6000981195409352
6.865940803702575 0.6915344883686803 -3.659328288694924 1.4169280144731347
7.095193164881071 0.6207109954764547 -4.081118789132562 1.2833969207389782
6.935447456585074 0.7916728373127501 -3.701431375235863 1.6208724226795725
6.653787876920335 0.7750219946748045 -3.243324565122257 1.6135165984989766
6.981536643045407 0.623003202561013 -3.8307008292046687 1.2820947427218656
7.005459433403397 0.7416636120775804 -3.921592207872761 1.519990832242996
6.788843506763467 0.8597128134630463 -3.458617973243209 1.7684120530856535
7.012335641372794 0.7230946243065165 -3.823834337999907 1.4733265052498057
7.177456949217989 0.5289305160514314 -4.188097635531824 1.07577285866448
7.207446295357877 0.5739940379129961 -4.219914405093144 1.179260193947041
7.026138243540291 0.6997075581034252 -3.7931604665641503 1.4292121884153506
6.97177434148644 0.6733329878427274 -3.785174747671843 1.38280765377131
7.146112177155197 0.5774245845824867 -4.120097131326734 1.1874659267217538
7.009539762602017 0.712668636228338 -3.8306223989824675 1.4512596703865877
6.791173758776343 0.7481320003836347 -3.406099061431201 1.515102372712221
6.510133586356681 0.7754632121308398 -2.8739600098746783 1.5793380396044459
6.6436291684601105 0.8115208213358172 -3.105942405135517 1.6635226981346443
6.697212166217017 0.7197746275890693 -3.2668750850322636 1.4765311554593725
7.0356305823479115 0.6960615440210928 -3.8930750076148124 1.4197540922262601
6.8792909182645925 0.799344084589329 -3.5722264889870234 1.6283080672537995
6.916236639590273 0.7725579847991482 -3.6205038790410478 1.57373730071545
6.992333481133322 0.638846300285152 -3.836048888458214 1.3200571275909492
6.924027420739611 0.7777993083908288 -3.756033651003194 1.5939156647249917
6.880715075617315 0.6966003738426794 -3.697308364330099 1.4328919245410614
6.628011999513994 0.7969781875259264 -3.104373452390946 1.568691929609509
7.094790102883319 0.5944920501795701 -4.012574546038083 1.2363236166418243
6.587261464042054 0.8189398049150592 -2.8339825275517714 1.6672419002399683
6.982712390146123 0.6564093689414572 -3.8174465682610217 1.3453164858205666
6.628130696836075 0.715077678899733 -3.1481307777305534 1.4762168434738672
6.905660817915846 0.752095089251456 -3.6188235569412956 1.5431206082973232
7.27564859592931 0.4705979688112716 -4.426806107869183 0.9677601549397431
7.018924250901653 0.6812217615665774 -3.8342340938047954 1.3927040624573723
6.964743477137436 0.6919285954299466 -3.769462670759741 1.417621409421672
6.616286792293666 0.7340328389095832 -3.013956190864815 1.5108097563665672
6.971285730723734 0.7080014879763847 -3.783180685219105 1.4435428403052983
6.693236944410502 0.787934261883514 -3.2514990830743025 1.6176794429537034
6.923149462238614 0.7373632258000637 -3.690595114962426 1.5213851437330501
7.065558081310632 0.6052184951452204 -4.046807116602562 1.2462901267125341
7.125970892116058 0.5889797629046323 -4.046280002612458 1.2082498200624858
6.921915723460978 0.6922543582803082 -3.6847632372893484 1.4213269827003245
6.825902697757612 0.7647910114192034 -3.4625323178495053 1.5638247146221742
6.932351442438664 0.7204575585694148 -3.694803431519517 1.4813286793503622
6.829112004123373 0.7505641452000392 -3.5892812783339 1.5456774978629493
6.756296893930282 0.7353122558341636 -3.3382081571077595 1.5056150477936288
6.997019051715425 0.7526993324582442 -3.8093252794357717 1.54654953554559
6.827375313089293 0.7590090000732984 -3.5051509120076503 1.5668815777884155
7.191246730126493 0.5754113155414011 -4.278525110701056 1.1885018446905191
6.24366646004669 0.7525961603255585 -2.2845470582886307 1.5524222359325985
6.799648758750471 0.7756330409821655 -3.417547756156455 1.5899898679772582
6.771396084754183 0.731435561551236 -3.3650360973419113 1.5091507175761678
6.750769231707002 0.8206438858794424 -3.3598579059764373 1.6866448813346073
6.896914649949057 0.7115963125316951 -3.601108321363938 1.4617417314992842
6.840758343455931 0.6576810139041965 -3.6014019264996655 1.3253806691395316
6.172493666408133 0.8406625223672209 -2.1761646694159076 1.7381310783213832
6.926973144917286 0.7328173684677579 -3.6820584281105995 1.4918396110169354
6.855810144089656 0.7378919007937331 -3.5847822736561987 1.5133334386146557
6.642492454930554 0.7614968927098746 -3.079665467843012 1.5655385337111856
6.330784584571614 0.8235073903484533 -2.4093438038296453 1.6686122831183703
7.043633062379438 0.8016117253577276 -3.8609508614986154 1.6315628088016938
6.821129255364967 0.7454778995959123 -3.42159136312744 1.5219326960564135
7.100296715571219 0.6693709903609573 -3.999850922185462 1.3816016997374032
6.871903158719449 0.7414410303682126 -3.633753207406502 1.5181052034818392
6.653593227095893 0.8929292642158041 -3.0618068919417425 1.8109944198428238
6.942267420078885 0.6835369400941631 -3.750642582938527 1.3956137118463265
6.993920458987785 0.7416710852466006 -3.9236837681475096 1.5401601296144065
6.927152996533603 0.7387133927062266 -3.744385601140532 1.5253076368209253
7.223398138941189 0.4457477768380162 -4.311327860662301 0.9151295920272549
6.916137021908786 0.6684827565397979 -3.6983973978576383 1.373781572282066
7.097934805838372 0.7499779391056614 -3.945610504096223 1.5314086458834348
7.047995116550198 0.5636111861652817 -3.9935203331024294 1.161297860101497
6.787517382046433 0.7537719558948676 -3.386988825619902 1.5266866941817998
7.1528211962103025 0.5098189787231066 -4.207308676100338 1.056372407703742
6.968358122009485 0.6042088560277891 -3.812291064315934 1.2420375179607184
6.406290259110733 0.7430985492501679 -2.592152407772284 1.499520292349836
6.726623799335111 0.6903734431330896 -3.3114610489306644 1.412604560296813
7.028847634467392 0.7614844828156072 -3.846768945238795 1.5580880268352664
7.053139676296503 0.6890440155893905 -3.9414632586558387 1.4090802022594249
6.924549051682737 0.7647479530906223 -3.6131014932865844 1.5628869971116877
6.772286111847501 0.7946863926618076 -3.3851455863585675 1.634964406082593
7.104520007890862 0.6404634514492884 -3.989901437246986 1.3070170348056755
7.275342600045414 0.506859052503922 -4.422985218014492 1.0420427247363888
6.151168908361624 0.8436101221398604 -2.1478838211671327 1.7426379924057371
6.926287513336126 0.9192842299715732 -3.7528455440620263 1.8962835648248584
6.867319183800399 0.6278230187033129 -3.7086587445822 1.2982156469587616
6.538539782399926 0.7596807652773169 -2.8132334034289705 1.562234657949831
7.354818699763618 0.32354561796572645 -4.606759062099297 0.663553333464224
7.0096466124421 0.7221007421344325 -3.861176239172341 1.4872855355128498
6.571833250993078 0.8070742094452324 -2.9155859152499644 1.6406083952807335
6.884462890385241 0.6780148237986536 -3.6535272359661826 1.3984384095982192
6.73555081952673 0.8119610394107152 -3.339356566628979 1.6562228258082408
6.942703362348152 0.8100029388508069 -3.831056801652764 1.668046169807463
7.032327282500621 0.7277890463066522 -3.812444948326037 1.4867764761650886
6.86062439489373 0.7409236583470961 -3.440849015668201 1.5005221887463942
6.812237351806182 0.6833365339974722 -3.5120261329693774 1.4134102058021274
7.187890703209653 0.555900504842342 -4.137139916909853 1.130305448072464
6.975304690543726 0.5758685700495761 -3.8705749838576002 1.1853118063134351
6.521025743841237 0.7391404504155138 -2.9392864418552573 1.5130318118210628
7.126141683308369 0.6546318859209049 -4.079964241125692 1.3401604596486558
6.248855837288602 0.7528330106368446 -2.262685624744308 1.550555854101789
7.120920682525309 0.5804537625691591 -4.049195343349144 1.1877038467049263
6.777478834607251 0.7707816136463662 -3.401345294970549 1.5853670020018746
6.6610995454048805 0.7774619657320759 -3.212367175590164 1.6034137968538262
6.7271754395607255 0.7909438988355432 -3.3174497914253323 1.624454007483412
6.737005521133241 0.6853823198964935 -3.2747455867072675 1.4111876487259984
6.943981901162811 0.6923858992332537 -3.8211060691239123 1.4344389073017072
7.202953843576472 0.590291559387437 -4.251108707510433 1.2114340101613688
6.745499815004414 0.7405579620912295 -3.353938438867729 1.5343470310084444
6.9653453032807136 0.5738980454555341 -3.880668018137229 1.1879746535799103
6.254357516890767 0.6029828315893238 -2.281827135836729 1.2424165602375086
6.869830592463503 0.7436920071760639 -3.54728206655708 1.517389217267144
7.063292318050049 0.5783777032745877 -4.063067135190107 1.1971364744464976
7.099628383808994 0.7007136028570765 -4.135366966233491 1.4579006481538783
6.9152128906241845 0.6916000081032057 -3.6023427887602115 1.422017360039555
7.014140714077794 0.6330134728236108 -3.8813478368609085 1.2894779745217864
7.2185441778335075 0.5942392925564598 -4.242322328455332 1.210085018550494
6.705660946347027 0.8119498580377671 -3.2348512713002897 1.6768803613400156
7.082633534261834 0.6004149628198763 -4.04240568121669 1.2357332934002248
7.153420487454678 0.5864060315941009 -4.1943142288573965 1.2079128731670494
6.797869348510903 0.7403892757468428 -3.4512532208288462 1.5138381610214808
6.794397101862934 0.7627866333083143 -3.3813776482114943 1.5605555163419214
7.063733509662256 0.6689741083371514 -3.953119878092214 1.369693778397398
7.153095358983611 0.4924600546164457 -4.1660094237660195 0.997889019078827
6.837193056919187 0.699679163784434 -3.554506323720828 1.4487164745676975
6.598663982111123 0.6829772538792509 -3.06560899205859 1.4107236870494266
6.493918593688516 0.7800166509498274 -2.8687857772693643 1.6067845645889354
7.002287147476846 0.6649863454242195 -3.779383878749278 1.3503771379075522
6.978027674255443 0.6925904916935973 -3.765313692727108 1.4112845747777325
6.488921920515207 0.7413914815727903 -2.6817877696105343 1.5064307746213872
6.5916609340332775 0.7263495639621025 -3.0268449213275863 1.4723911663896598
6.952955721511682 0.765983710910224 -3.7439556422177764 1.5678541684038971
6.65791957651304 0.7815781797403536 -3.19793985744573 1.6021762096995187
7.078166397727146 0.6160761014952475 -3.9637222321706043 1.2626145008608858
7.148197384007421 0.6082063449481433 -4.09863466819116 1.2359331215531835
6.981528441885523 0.7236350334104956 -3.792903606177498 1.4761963583870543
6.904663115887474 0.7303855937512976 -3.77134099665947 1.5233162647014384
7.157044929488686 0.6018015977031459 -4.1833271773858005 1.2269917534280983
7.171548297732995 0.5949156442345249 -4.195444284218137 1.237652416415498
6.963190793681459 0.6739022043710914 -3.7545813954714298 1.384166821581263
6.714662947548318 0.6549267573554216 -3.3264281596195344 1.335756046585891
6.807399429760683 0.8365753933883775 -3.485147926569671 1.7258809217804358
6.956955808518494 0.6909043386242083 -3.8027712543503074 1.413322450074818
7.038854057502267 0.75672686064658 -3.818661516954637 1.538500456052198
6.813549189924531 0.7501574766667485 -3.475464050696547 1.5468470762353905
6.816498844133315 0.8859075627273603 -3.404983930931005 1.8077524112741428
6.712615846848548 0.7126865258302209 -3.3187571872462236 1.4636921744414328
6.687740789590572 0.801816273763326 -3.167221333791961 1.6462315095916389
6.860353968430658 0.828758600425327 -3.4830466925032724 1.6754353559547395
6.975205803518881 0.6829637062935167 -3.8573208797962923 1.3985858173197632
6.769715165256478 0.7750836644114817 -3.499908634348907 1.6085755232721795
6.960765428517732 0.6616913628513287 -3.800034883751511 1.36632445118812
6.327045088481613 0.7477661902550421 -2.459114209946753 1.5306873104076435
6.771363427275768 0.6935772304083245 -3.4516430541120444 1.435330413361977
7.132529967754149 0.5594606454358098 -4.176419296569836 1.152147463695718
6.785450126436069 0.7043901899380154 -3.4275084359846346 1.4445916789010396
6.930744157757221 0.8516184414527358 -3.6042535489943432 1.7401904914877553
7.115192255640968 0.7150491492187185 -4.090995641017155 1.4633307247493048
6.863501061233029 0.7516602172261444 -3.5688896426507455 1.5414225217188178
6.912903097660916 0.6826755307740914 -3.789689589993989 1.4054762412606008
6.553025427624426 0.7835632904705851 -2.919791221441402 1.6297528158341177
6.596262109709676 0.8763757861779101 -3.0972544625435177 1.8118917965627872
6.88204082356846 0.7080865656478024 -3.5817184485692986 1.45363469409265
6.8067279805475644 0.6929973849482567 -3.480211809252806 1.4312368801350364
6.908385886724169 0.6788695877105648 -3.7102724001945964 1.4167445293471639
6.535798598632901 0.698368743392183 -2.9733578479217586 1.435279391463709
7.089853778426878 0.6010828644077957 -4.0628347867929175 1.2366915329247674
7.0786885873807 0.6261446869868067 -4.090544974164997 1.2839401001511708
6.802190761132888 0.7467294800253896 -3.468122347478424 1.532591915238114
6.759109185509892 0.7473922921601615 -3.2291539658656268 1.5118152889676317
6.956519843022139 0.6239012892756606 -3.7099300101789052 1.2752877908262927
7.230018788236007 0.494282208940091 -4.361522556126385 1.0318000912284786
6.62330609563902 0.7237820450894925 -3.16565288466708 1.4840192946392197
6.944251209226811 0.6371038155993027 -3.6303589016540867 1.3021611738003507
6.985220056495143 0.6108899111562324 -3.854356031047275 1.1923247830494705
7.171446632440505 0.5399538094752342 -4.19964675666731 1.110990824818781
7.075011465569894 0.6092570028160668 -3.9533130262161427 1.2417722350860858
6.964753023099046 0.7224178299634535 -3.7762812388134077 1.4794058340143441
6.970024556447571 0.6778842843190843 -3.818228369441798 1.3896652092364383
6.863176708444671 0.6921215697885319 -3.5983339974770874 1.4174311054421944
6.649806705073874 0.8365075989583056 -3.066596571810779 1.7085991666779035
7.16124003630025 0.6437614414520699 -4.0577686672428035 1.3149401137104886
6.8797125221739535 0.7162714565628895 -3.630840712833529 1.472768317887984
7.274416429676346 0.4999703328802623 -4.3641297385253 1.0144461556816393
7.083608095240527 0.5470003112358491 -4.161259938888351 1.1335218928145525
6.698519496418198 0.7964552767389719 -3.0865725752378665 1.6259285759099613
7.169514197128791 0.5411737997287036 -4.205700539641729 1.1119726903315843
6.816509882234277 0.7941889413404667 -3.42833549686778 1.6173622132066423
6.889116486995315 0.7222207969375102 -3.667293175527143 1.4974467391864799
7.178324393317774 0.5388045840024485 -4.258076970773455 1.1049186976326335
7.164453870729165 0.4836966460970697 -4.290439583769317 1.0020819711207978
6.780611782071855 0.7519857379060656 -3.460563252940534 1.5587664420209688
7.260449561718898 0.49001335949743524 -4.2865987514810975 0.9909039575515023
6.995847402989549 0.7090370155012022 -3.7955533181262133 1.4596159641003714
6.7233069019508145 0.756911152735778 -3.3394463538802177 1.5504119529634621
7.0006463479881145 0.6913823145580682 -3.8470867705987475 1.4224735052736484
7.169330032687906 0.5769052173472681 -4.1974208303839236 1.1909299781225273
7.015572234461857 0.6208053604064345 -3.8737162473789777 1.2495027943056123
6.896977920470491 0.7033456018906411 -3.6699466335933204 1.4310258947135568
6.867335297131332 0.7811871559461475 -3.564364800990135 1.598942280723273
6.985627448283221 0.6869798528302598 -3.8215303118935093 1.4114329314937193
6.87506489488197 0.6726983377927216 -3.686349200053411 1.3979345225148352
6.857885849792968 0.8075507981225933 -3.660097589758638 1.671557475646897
7.099553750335382 0.6423980847868506 -3.9997762780083725 1.3111912496469966
6.80744557339902 0.7003014588844004 -3.444400468331949 1.4387616232892029
6.669887894702473 0.7211580229451333 -3.205655747225323 1.4817157369944582
6.9310462031986795 0.692301752771733 -3.7392310734382557 1.4201460156939576
7.176559552840448 0.5102862514542558 -4.315070057147951 1.0405610217507921
7.1544218711179335 0.5865149292864101 -4.233042162336568 1.2095844226513726
7.230584317738298 0.5460776041931773 -4.277793335875868 1.1285989411653232
6.912346639006559 0.7060210803218185 -3.6376711925073764 1.4485021009291843
6.52524081720657 0.9079743923978479 -2.884796399469173 1.863257850926749
7.080448583350512 0.6897126856408041 -4.004026474005678 1.4236768149694514
6.839968259145008 0.7404654319043583 -3.4758589163792513 1.5026391453457257
6.690892026872179 0.7452827793679121 -3.203763831965822 1.4250635740113593
6.863136377237087 0.7917812733219137 -3.5606550543553706 1.6310474421976426
6.889363895251777 0.6762742905271603 -3.6741023756304454 1.366555703507386
6.394283010672143 0.7672193631734824 -2.6516031106197167 1.5865004525560584
6.777628976280532 0.7656163313184484 -3.3453640681492542 1.555817944466338
7.177594465114599 0.5767277406975745 -4.151014626191477 1.183241237168054
6.9210306331986455 0.6607851109405083 -3.779114647453257 1.3532579825575732
7.131954392586728 0.5703636568331779 -4.037444387621317 1.1505532889887897
6.967768758207904 0.680095171920648 -3.744594386997945 1.386396074023348
6.583099855494429 0.7666487479153283 -3.0347067641258696 1.5842832523866137
6.554690701750152 0.7833779732921965 -3.0017142816031486 1.6170478007000706
6.891922687352734 0.6406229995437084 -3.638405660924934 1.3209563459988423
7.15662006261465 0.5931885585646819 -4.210447657486272 1.2263267628450572
6.800622464627132 0.7139898292079926 -3.4866941078976916 1.4621912145758145
6.600745346440203 0.7047682799645498 -2.9996903543864137 1.4290917260575176
7.132857670795561 0.5946666250202667 -4.124146754559792 1.2190550156734319
7.009358132917107 0.7187514960985099 -3.8663982756316626 1.4787630020424976
6.631474183246286 0.7265166351727623 -3.094407286665944 1.489727178656406
6.925473767017802 0.7970102705477976 -3.6149856215682092 1.6219788010218479
6.716469377939966 0.809714941677022 -3.1404001197887887 1.6395073434631986
6.627225667719533 0.8195955924758168 -2.9589416156897093 1.6579556023590916
6.911406301129961 0.78015641604599 -3.6563768317439393 1.6118110695480887
7.112380082459289 0.6063029760780776 -4.071947173933931 1.2288587407077847
7.052308987819331 0.6279589506122625 -3.961981669097336 1.2761061234264577
6.630155226275734 0.8345965931905862 -3.161272274409213 1.7184965644456143
6.9567785881752116 0.6990129536417752 -3.7919057324358683 1.443440615965703
6.9830511547048495 0.654604976380262 -3.8806872165961446 1.3479090779309184
7.119155789624388 0.6794544504410893 -4.106898194945915 1.3945902860156694
7.163793580108978 0.6152660086736349 -4.155471579182139 1.2522966129312303
6.739761965311041 0.7845556746588899 -3.26179381560042 1.5991767041278233
7.0528430964649385 0.7398697905719682 -3.9226279071203685 1.5172914114247482
7.137738840843838 0.5726192072651088 -4.064411342099664 1.181497203036622
6.744289965846206 0.6907838566295517 -3.4037792115365075 1.3649543673765825
7.106587154956695 0.6137854922664243 -4.100116100193346 1.2589214747785546
7.066872982778302 0.6726009605020896 -3.9571571945964052 1.375748716167552
7.109288399066863 0.5606381723355532 -4.107667466967177 1.1607434638829353
7.036624537008869 0.7132654259315986 -3.852716427019646 1.4518566762698157
6.87265188890783 0.6923171604833435 -3.597935982255822 1.4214304211484292
7.0883921404339585 0.6342658210346639 -4.065260379532374 1.317424476160745
6.856380876139937 0.7172129621074547 -3.5393503789704077 1.4575954693766608
6.449554388432574 0.7433208919236898 -2.794766839147595 1.5286868006399108
6.810697746326141 0.717663490498354 -3.471612409163108 1.4691068237867102
6.886668283646934 0.7221471976088417 -3.6284174279033197 1.473145182811149
6.630330317740681 0.785366278065804 -3.0954812857892193 1.5939101061155916
7.230877795802819 0.558920074985902 -4.303845271680888 1.160828314047042
7.129681821371204 0.6068675721639154 -4.230889436975905 1.2549126589247217
6.8861170625152734 0.7117553041185971 -3.6276188341404065 1.4570567632760765
7.172761727424435 0.6375631358108333 -4.18515918540732 1.3047011720316082
6.845055105970439 0.7537645621566315 -3.5605274095605233 1.5509598302685115
6.569080279624238 0.8689589562515994 -2.852444640288737 1.7754794627459947
6.963791776987447 0.6242104681890939 -3.765013015031301 1.28407016197482
6.791447873246704 0.773438520757678 -3.39696960938453 1.5769184176935451
6.593083792524823 0.7792858365606377 -2.964002515529798 1.6030762097670928
6.779317556280883 0.7756807446063988 -3.403505572475191 1.5707605072152653
6.373552970650735 0.7708552400203139 -2.711449325843759 1.6138553213530904
6.941735896615823 0.6999965315952202 -3.778549822157951 1.4290550367127368
6.77553627624517 0.8030268382129524 -3.271818317516434 1.6422041457208822
6.539409642931581 0.8248301335741137 -2.8921179717322483 1.700768519324233
6.88710286067887 0.7944603211377093 -3.6573922954562397 1.63094605981696
7.148266262623384 0.6203759042729758 -4.215963282554183 1.2878474445179358
6.482426808000751 0.6599607837751791 -2.815186985739154 1.3418595304951766
6.993145045831655 0.7173483584693818 -3.807472699537668 1.462032634951988
6.2070905107521295 0.7960469938964965 -2.224941050775003 1.6445761547045754
7.0972174178784275 0.6836749531272764 -4.018526721273067 1.402547050768796
6.644405480743643 0.7382985183908588 -3.1258854810868395 1.509166433792099
7.212414545735372 0.49714039437458496 -4.430301034774389 1.025674483431006
6.380350152378595 0.7685474487566666 -2.653694228417847 1.5721427049415182
6.883500341060161 0.717999697702482 -3.529112614175974 1.4702670188334197
7.233950594393458 0.8636333336416959 -4.311520648229495 1.7710521669437467
6.673209411997524 0.7062040559209052 -3.2005211548671366 1.4563289343489052
6.498217006401168 0.7624267009161887 -2.7854376010799737 1.5592971209533362
6.820607914661774 0.6672619396326536 -3.493201045854291 1.3684851699837712
6.15987417850603 0.8314467432157643 -2.2458921794616167 1.7110755355425966
6.878897317418792 0.8091256288404183 -3.546248764442999 1.6588422217567889
6.590441780003641 0.7677438474604671 -2.965698631064667 1.5667356367275356
6.950790701428604 0.6566863227053517 -3.6781053276627667 1.3440387444470818
7.012085990926919 0.6842358360704486 -3.7728343238625706 1.4003947162360584
6.9112637431949215 0.7584721196130872 -3.7174577281943373 1.5768360263203935
7.049792763223449 0.7788923637628579 -3.922452808583003 1.6055936651556766
7.230570646212591 0.49571219685417445 -4.310731965851355 1.0263101461335693
7.228649875901282 0.5804072702794238 -4.20729187096417 1.1789575765527767
6.404226033809422 0.8411516925197826 -2.569609548422604 1.724385826939131
6.969975407135644 0.6511426646148248 -3.834520004466299 1.342286411061553
7.0773007361660945 0.6157146956705233 -4.04052203242909 1.2591702365309148
6.370876815276695 0.7629717880156155 -2.6012912282692024 1.573379628152964
6.888784274324024 0.7951572652085943 -3.597681190996688 1.6448433306268357
6.872644711307897 0.6920062683792558 -3.656551965280002 1.431694981020617
6.98989502439553 0.672339790126609 -3.8089494986886843 1.3684687135305476
6.864043650349562 0.7259722694553897 -3.6082896706901186 1.4842078775549352
6.5342374142144415 0.6976543639938197 -2.9226879269379036 1.428618640016692
6.6685585304875605 0.8620056232481782 -3.181885833364606 1.7678713229764906
6.66231885504054 0.7201114984971989 -3.2389904232575875 1.4851378400039215
7.2194233418266425 0.5156814459060715 -4.24802207832629 1.0586518326784544
7.033911874850348 0.5834754833558972 -3.9979060974183946 1.2092297607812847
6.53018039925098 0.7231065743611468 -2.8704594663889953 1.48806753869486
6.656006561135592 0.7400357001306417 -3.1637414257686145 1.5439061880863392
7.404464976959621 0.43252086010289537 -4.617303687450963 0.8813503799369222
7.186194893400941 0.5294448127642316 -4.245107309997434 1.0851019131733883
7.0557326020318865 0.729776663846735 -3.833204761211147 1.4758422831044495
6.922245623556108 0.7698626059080308 -3.7040858986489873 1.5968721268851918
6.818218786492707 0.6991364835797962 -3.5666672027393975 1.3963383286994377
7.1014197061052995 0.6765023374178128 -4.094336003913691 1.3965979571357103
7.240262244487488 0.6789447923145927 -4.206762270133641 1.3629146180785032
6.466719971938321 0.8158971201553312 -2.795446908014023 1.6797992845517005
6.912597321755561 0.7506622877050471 -3.7573060878249933 1.5520665444777946
7.09298458260587 0.6597572787798629 -4.09152189265186 1.3530989072833086
7.150908335024781 0.5804076674027967 -4.236916512938777 1.1969357138971142
6.813094636907957 0.673036884262898 -3.4256748557311187 1.3655051488857572
7.189184749418876 0.5077314212835087 -4.189976416462724 1.0415678358087377
7.107786898533016 0.5599466560025912 -4.118419632765929 1.1435760699844666
7.148909444274717 0.6091787081265424 -4.070497842185734 1.2309118555025227
6.36004891274076 0.7548577380231 -2.610719077998871 1.5526572913993555
6.857728566927571 0.7414332835892765 -3.53767732413878 1.5156032789490388
6.985956058234338 0.707668456209722 -3.898871875676612 1.4461975822319808
6.933913632947995 0.7577578385720415 -3.669061687053003 1.536553930723048
6.852112125666295 0.8018775317725616 -3.6100243458165986 1.6576887992090892
6.933428382715842 0.7482860525745153 -3.69488095890629 1.5149111163964495
6.290167810685274 0.7088110082265631 -2.335783052463392 1.4677886682879284
6.957594455573158 0.7425875453883459 -3.697217563544856 1.525040122464476
7.1969261794081145 0.5918546704972404 -4.278575722286154 1.2139205560646515
7.0474576943619684 0.6440512105157848 -3.91419810978208 1.3201083721695812
6.561431317510902 0.7591775645628389 -2.878340961642456 1.5562393828297736
