3.575527011133021 0.20471147045594107 3.1439160127431314 0.42171962362907994
3.722390558528956 0.18433931821437768 2.8441887353729003 0.3830323704184911
3.8059471306302637 0.19491141966795877 2.7192303185802054 0.3967520669958525
3.834825466196447 0.19088921656584812 2.6322121595729904 0.3890056915356799
3.9946796911138005 0.2038542717718548 2.3269240636533386 0.41833559744639776
3.9263168661654646 0.18917148620961388 2.4263939767976215 0.3842411714732914
3.820488677917382 0.1805822800080432 2.6629683813539655 0.37216532817124204
3.9791236055522377 0.19578641300457167 2.330714059261364 0.400021588591416
4.026369360041302 0.17165165331634138 2.273182881544033 0.353768976130116
4.050452654434496 0.1916817181370594 2.2013429446443835 0.3898741667478812
3.5893901981318126 0.1808549678676823 3.203108166359125 0.37041341921026455
3.968048974090311 0.18492101345012507 2.394764863023586 0.3809214336006221
3.863835745090957 0.19023706923826003 2.5851031997155243 0.3928850727017145
3.9327954371302147 0.18638129595691946 2.460622555141806 0.3816133421580826
3.8641044238870608 0.1915851041253587 2.570183521588996 0.3928327255321295
3.650963518413233 0.196509789943336 3.0069088288558334 0.4003069758606953
3.9262212819692834 0.20317645557010724 2.4748321760978604 0.4153665817864266
4.082305338101811 0.18431501479046697 2.107168352086177 0.3777170422802363
3.9055978749781186 0.18952334100731863 2.4723626005188564 0.3882860817253577
3.843315742965095 0.19000503716884698 2.6293995947712023 0.3927941304783373
3.701266060664497 0.17687234824763928 2.894262718264944 0.36477437091204845
3.959739337628397 0.19416806318746288 2.388674947190789 0.39918753733718465
4.047758763650978 0.18579417155183003 2.1962183556062103 0.38350720097617785
3.704327225956044 0.19263991329037408 2.8913108769992517 0.39765469605371345
3.7737444757905982 0.18549989531101507 2.7358431555481 0.37825071100616564
4.3099038748739416 0.2155789246726595 1.6624415218876245 0.4439417669575068
3.961187538946165 0.18900655841489852 2.4220722225125457 0.3932866102146519
3.903122354739803 0.19076133462695405 2.5245228651242027 0.3933361144816196
3.7023780889896765 0.1822525833608754 2.8990510259091766 0.3768425532405204
3.778534447587653 0.20898394501247952 2.7157585054014177 0.43118989760879756
3.964117188362639 0.18620994520003217 2.3972209352652945 0.3773046607697774
3.8617294186131543 0.1868092955671801 2.584606066574187 0.3807730174651985
3.919678014284214 0.188919735428415 2.465662449518307 0.38635265651277445
3.8060368081123586 0.19143194268913322 2.6996741489812073 0.39047918891364664
3.7583143217726116 0.1872963785058668 2.8077023321806633 0.384329771883682
4.031786134108933 0.19140297571944145 2.246588941744857 0.39299274889686125
3.9702358892219207 0.19199581834545498 2.3420673792603273 0.3970782327618993
4.0002075652509905 0.18566025380556456 2.28145883897087 0.38423781860604717
3.8846490287557778 0.18570888722122966 2.5470479096658556 0.3863718015924716
3.8197081819239203 0.1908529560330617 2.6560178626704705 0.3919220044528679
3.9794921807570045 0.19296872618551855 2.3738820001938423 0.3968049257688231
3.916204592297788 0.18411762605447476 2.4804893249585565 0.37939890180046804
4.045413814202867 0.19285884264150832 2.209752828546927 0.3949495278923098
3.8098362421102956 0.18918215704523983 2.6981620890052307 0.39075961821138633
3.8087535948825613 0.17531210701212258 2.7272464479141316 0.3600335320495375
3.911073230546224 0.1998051995320231 2.4692431585640415 0.4110687618645368
3.6199042093836225 0.1890816144251337 3.0538664799649524 0.38629864385604595
4.022232209156416 0.20024579775970408 2.262808105143489 0.4105057463688575
4.054360479470997 0.19618513875618082 2.2035087069313435 0.4029416049322429
3.911641230690765 0.1916516490165434 2.4335470990039774 0.3966850671205044
3.820959034119272 0.1815081416020657 2.644409266038651 0.3720664827555597
3.9338268430503938 0.18575361192783163 2.4359575924843315 0.3797948643926897
3.95959730032302 0.18623381678555687 2.364117415227435 0.38228502470226694
3.97208370846099 0.17928881781083658 2.329726248349494 0.36779454986544624
3.767264058302545 0.1701008802917698 2.7755979262813506 0.3536313049230985
3.8742152851948783 0.1782194040929501 2.5202345649303632 0.3651222210094883
3.866501213082839 0.1898037551316442 2.577668523897642 0.39128778832205874
4.082662561192185 0.2128757526106611 2.147468705093321 0.436930094084942
3.7220749780294176 0.19975308068840006 2.858931228252946 0.4131526950336564
3.8102577600478362 0.181812937296032 2.731699206801462 0.3747807901868054
3.7921872199546947 0.1849257980899266 2.760557372533199 0.37865296971595985
3.6177740953094295 0.1828190554367364 3.0728425331101263 0.37604371373173234
3.759382693101007 0.1802670042501377 2.831858079734192 0.37368300497642865
4.039193697554576 0.1741269659006531 2.2381445099407697 0.3593176672581062
3.9182770667222764 0.18379897463004888 2.4860633425407386 0.37986610521748443
3.6827925241814174 0.1759967609726977 2.990563210320601 0.3637681117002009
3.7529175079981094 0.2009776948531719 2.8012871340511123 0.40813998373100596
3.9008677082703844 0.18043670030947073 2.5147325651067867 0.3733288440837308
4.2724048073767396 0.1803923438236976 1.735842713888957 0.37030423876519847
3.8562978225276696 0.2026071263843911 2.600854568543295 0.41312965613648384
3.8094032098927038 0.1970527840575945 2.6851510827029954 0.40442950580045106
3.7978906326149175 0.1801307857065645 2.679254699353491 0.3737329045409465
3.7933151561532883 0.18443578225340407 2.710849436884816 0.3831660417728303
3.73985502714092 0.1864107304555514 2.852614726776163 0.3849040337541626
3.8206903384219633 0.1769205536418967 2.6836903660890843 0.3630487920337093
3.7574585128360694 0.19107287999057737 2.7931025282588986 0.39419780373237107
3.807307989767968 0.19337328380952792 2.69549728444833 0.40173512791257554
3.710393122052295 0.18990252863247112 2.873645027111712 0.38904011784591264
4.076815942597639 0.20732561767415095 2.133037883415926 0.42568461957788883
3.9302108383112957 0.19741867874844898 2.4558487277082097 0.40768952359458943
3.7261867970829936 0.20753568168695322 2.847218229159342 0.427337351441154
4.057328877926679 0.18353802960253426 2.1813766003921464 0.3771831495402831
3.784986787652236 0.1851437423017336 2.724229870333277 0.38046061502750905
3.862577057850541 0.19418436944438527 2.582782249851416 0.4033438668621234
4.01007044935727 0.20655472695711435 2.2702784965062675 0.42310641064451443
3.9504563085998647 0.18585360732747924 2.4342605909079578 0.38003864289475325
3.820918568071079 0.18316441654868196 2.6519799833210467 0.37218357820782394
3.9232890210467524 0.18994444632631746 2.471964678443121 0.39387681984955253
4.094446497233296 0.18245888743899769 2.08859509888079 0.37388174744883157
3.918673497348184 0.1959371188817757 2.4823634253448557 0.40362048986303994
3.6429126488848604 0.19612879499827557 3.0062987268912713 0.4026581518769697
4.003016565495554 0.1824609970892792 2.2725688180608405 0.37513148736978713
3.493248944685118 0.19407783691332697 3.33288097331783 0.39719968222572505
3.8919703993368437 0.1868889222953825 2.4872705532807657 0.3862585763617353
3.917023781632749 0.201171129305772 2.4800412973617973 0.4168722709802884
3.9257636678427352 0.17902975033209542 2.469427618906293 0.36603343146232026
3.828218317506334 0.18439883476405025 2.634441604620112 0.3758332185409413
3.727741603178927 0.18644516823469562 2.8511883016576367 0.3857541141396004
3.966324195984437 0.1844297758313191 2.3739118283967304 0.3808105911867078
4.037589739320488 0.19821360181752362 2.221651856201295 0.4044253403592245
4.125868168766855 0.1966245162967677 2.0662288873340513 0.4002162604615257
3.9446394240903198 0.19702452494335726 2.425320579616365 0.4070286380875513
3.961956651947224 0.19261423214266288 2.3598002970484844 0.39658691260006723
3.9156912812597673 0.17516045942486935 2.4804052626177366 0.35783266408046116
3.6714884850650504 0.1989423097912746 3.001449589624821 0.41027801424089694
4.0180903977237605 0.1870398065278389 2.229018732843826 0.3857114231489069
3.957124476339568 0.1959212020958371 2.3844653733471013 0.407350377521827
3.868926294926247 0.18316282202308015 2.586293344533513 0.37645197046958445
4.025512799776536 0.18657586381401123 2.228738281642606 0.3845509562925547
3.6687950555873012 0.19358199278698376 2.9661806186958 0.39847061084061897
3.8416699497049196 0.1898755970579849 2.6319851873252746 0.39056278386194504
3.661472693843444 0.18043255843242748 2.9785459873916866 0.3702934600295769
3.940934915267923 0.18691375494193216 2.4051040576806626 0.3851952661064158
4.01642246750626 0.19298285026229614 2.252001024921974 0.400313888222012
3.9602495631255974 0.20537105980913903 2.381287653224394 0.4236374287350392
3.7233338091071975 0.1924781874911592 2.8561573513138923 0.3910842659904286
4.032714385342871 0.1872709935471421 2.2172720271501944 0.38629322432235896
3.7571713995237803 0.1891795885502001 2.8025713912815173 0.387954278678882
3.818043590257054 0.1875163551923098 2.6530767178415564 0.3867070081508937
3.8402067560059505 0.19227234639719162 2.609748922109344 0.3924939406368177
4.060844783939755 0.19454919620110003 2.184601053651548 0.4008229155657167
3.996970574384818 0.19592393831100127 2.334446817426408 0.4030027343001069
3.9113414594068585 0.19881325257908736 2.4744859875217555 0.40851465356733857
3.791309615075731 0.1956985551595056 2.756759987876122 0.39937259024216676
3.627827092635969 0.1668677379069971 3.0662866240944555 0.34716065857029543
3.865973933134838 0.19040239651525745 2.588348701185952 0.3911587264413225
3.893741770778651 0.17947252518927956 2.52556658834017 0.36979629894581156
3.943670293483212 0.18814787461659288 2.4298234835987156 0.3849349605187868
3.974920435048466 0.19896170227130866 2.3309021349560375 0.40639171821010356
3.8540662914844344 0.18815563436753863 2.6211141075384363 0.39003904524529615
3.9225320482850385 0.1833641460627387 2.4525954014663416 0.377155139024716
3.817009567607044 0.18868659156039883 2.6912581159386924 0.3851572452684264
3.843672998428056 0.18763870369848862 2.5609550879169194 0.38560352184367686
4.013455603049996 0.1968747301833631 2.27983196748349 0.4052069147420702
3.705082569237086 0.19587483286784094 2.911659561511308 0.4017571128835797
3.7372283237192603 0.19231444950147972 2.842624986051748 0.39497809955726826
4.002490011625123 0.1955050225219734 2.2670207971591196 0.4013336369555116
4.207963448449752 0.18944839021748558 1.8872923809617352 0.38653405427271925
3.9117618066116986 0.1897530832826974 2.516105963416956 0.3893915744877001
3.74213597852126 0.1945066807720886 2.788435361393414 0.39829976274421386
3.8619240110568374 0.19919208016942708 2.5713191550547974 0.4100800810108237
3.926349330725823 0.18903148126352357 2.4300691711423323 0.39083648207557675
3.8997213124775802 0.19713980961661035 2.5002005220164296 0.4052198882911084
3.8733903713079805 0.21141833844429064 2.552517634470532 0.43856487701331065
3.7076941442723914 0.1958981473768293 2.8862304899936992 0.404090293609924
3.6295382172910013 0.18712051270495642 3.0807014894235545 0.3848054121594817
3.6968283954347103 0.18226127691423183 2.9123240538297814 0.3734572390030911
3.7171327378427366 0.17760571736684258 2.9011259398449822 0.3692266190838953
3.8153954684167655 0.182000284332647 2.6841933778411953 0.3764835848814138
3.9609338740448727 0.1814759812836788 2.414581486672578 0.3727513321697341
3.8411577639548056 0.19254840556538366 2.6168360094611196 0.39539010962683047
4.0390264105270255 0.19186996140214074 2.2385364149645293 0.3956301608783523
3.773888057191135 0.19964208108385806 2.7931905741616214 0.41265901583356757
3.645646414977233 0.1944163596036174 3.0275955312822873 0.39894634510236276
3.742441561331602 0.19258341628495076 2.84167613320004 0.3938839605732998
3.8349750340605615 0.1903429010423491 2.6432182601124543 0.39102222328721237
3.8383986758439876 0.19483878583404457 2.6011357681600042 0.3995609081489136
3.8135002009241203 0.19660921471464163 2.699481127258804 0.4120004380676508
3.9587902788437925 0.1866761736225664 2.3885877961355497 0.38671015041390333
4.119740561660615 0.21027863500746335 2.047260204489705 0.4274615861537483
3.6183996385243358 0.18859552891339731 3.0778091815583934 0.38853880736830293
3.9443133023121626 0.1903715446399185 2.384365156230901 0.3893528890981761
3.841145469722111 0.19098188667440977 2.6327573022204858 0.39115764237504463
4.034307273149437 0.17813250287543522 2.2412591612009836 0.36590421524772626
3.7591541139439 0.20255235941905067 2.812396134896324 0.4162390188420258
3.98729094211346 0.18341909297755354 2.325576623860767 0.3751912727758995
3.992559334067372 0.17776007058086457 2.3237569486747818 0.36479606138562476
3.976447564007355 0.19555985243910043 2.3696426423301835 0.40207769796635917
4.014961489101298 0.1874375479302224 2.265471653058413 0.38839663929229923
4.021645175981698 0.18440947720635786 2.256455577127512 0.37878008885067826
3.973650785409788 0.19038085836721524 2.364694574488846 0.391283507033048
3.9264818303478117 0.1720231921272776 2.4220312481031394 0.35130923229323563
3.8080767441464536 0.18915902561181644 2.6767353367863045 0.38750634802847356
3.8769980657662817 0.17644248012261937 2.553758606865909 0.3638474514877789
4.003581241182598 0.19756593147934862 2.30468437185452 0.4037333708342423
4.098562397361088 0.20095032265497398 2.0816499838168485 0.41505056424684206
3.7969168172283143 0.1862881267320935 2.735869506718087 0.38267075623999003
3.720724596944625 0.189263707663988 2.8827457823478864 0.39064789899935065
3.6637282608920985 0.19136752676162055 2.9673346553154802 0.38966476782778997
4.001045377549448 0.19377015285505517 2.293362024286469 0.4022149521961705
3.813436218714257 0.1822467080391534 2.712679673421846 0.37354535595896393
3.7978485366346346 0.19418870849278083 2.7147089019250235 0.39853764986080653
3.8926754260449576 0.1804812982578236 2.5186767815248703 0.3697703143960811
3.847580171517556 0.1977614653638651 2.6032116327704826 0.4141833319132988
4.086752114706497 0.19437357561364693 2.110577271340654 0.3984222961791569
3.918522238791036 0.1866841878563871 2.46895475793744 0.3817192931352261
3.781128351971522 0.17755655652444702 2.769901356320438 0.3658825594460666
4.320111988260527 0.19316606202446257 1.6202309500257486 0.39498174687311033
3.8905771891016157 0.1928471060063813 2.53170720198225 0.3933923479365912
3.662635256846976 0.1787345770096451 2.963385663836555 0.3674687872997603
4.14241422554978 0.19231189880293262 2.0313890790229925 0.3904547074715249
3.9745757197235623 0.19262496081836875 2.3099202489278894 0.3959547685618091
3.8056979565297926 0.19625749313633822 2.6855333663117 0.40610355297924544
3.8419959247999067 0.18763531002070472 2.614056311455167 0.38715208054406264
3.74649317640419 0.18012136230072434 2.809332584821528 0.36983579657926996
3.916697276452065 0.19147581364404007 2.4474637768575285 0.3912124095377675
4.091985671114376 0.18200232532651803 2.153259627504031 0.3736647547612412
3.824165156674524 0.1955524306079515 2.669222424893995 0.3995990502505776
3.783483630642232 0.1869206444361652 2.7408937626832617 0.3848508582393506
3.8538921809509246 0.19500763732574977 2.6150443147091584 0.399555273751463
3.757577504753712 0.2037550472078032 2.783397872140153 0.4184449770542449
3.7433144869536985 0.18498464351565166 2.835653546839925 0.3766388071425016
4.043611021452472 0.20659539734971794 2.214137519076033 0.4243648656116154
3.9131803340649465 0.19487128126613346 2.4633897381804166 0.4033712771889434
3.6739506586633257 0.18573143621315072 2.9538500040247913 0.3778494368060803
4.0564745718120125 0.19434199023197854 2.1795339499455935 0.3922444675973132
3.7981187907271834 0.17986625746304466 2.6871496119094767 0.3729148187785544
3.9714661421021127 0.17961456443644638 2.4307038501349085 0.3685814743813047
3.954694334671116 0.204911581785844 2.378158326268749 0.4201711909377347
3.6140002956995665 0.18051329264845478 3.07693794965845 0.3690076096973665
3.8692430913896145 0.17843947074954336 2.5506418225628025 0.36923618278074155
3.911158872585654 0.17835368473940194 2.4775758761134083 0.3642770697554864
4.045775757131347 0.1917640126700628 2.2317834564576624 0.38964778210785306
3.6933928217710013 0.1884177966433124 2.9231455683257286 0.3854156444279379
3.8213000117217026 0.18757006316479186 2.6807376671156877 0.3842401144947142
3.7861053774176554 0.1898921161133914 2.7392504860526694 0.39194837518121145
3.891163646398787 0.18782127281117847 2.5296361005398404 0.3847313758078128
3.8696205580188128 0.19091341676354368 2.5688938653077473 0.39210778994542606
4.121967555821445 0.19098528886333951 2.0755043543243 0.391520914368294
3.981461330635751 0.1876092081036026 2.3217384277010273 0.3814605875459697
4.020465975640469 0.18145606018852942 2.22479592542138 0.37105500569281424
4.064264360119351 0.20088441437770643 2.126612165339386 0.41707380663677834
3.8593212018204226 0.19650195507085105 2.597608041030747 0.40443595091403256
3.9717399308152057 0.18913468898113026 2.356475286449111 0.38806725578994294
3.767438487544993 0.18824462210387546 2.783616922721472 0.38620507682022714
3.8031320377058 0.2040733162769982 2.716335453872369 0.4170329029844423
3.7005862928027025 0.18512217842776135 2.901285434450952 0.38493999341099383
3.726707527010258 0.19969104108276278 2.8677764020767427 0.40687304980794853
3.8259693735185047 0.19198757526282764 2.6702535685783375 0.3941722024305533
3.639264605861732 0.20242525587132199 3.039784948491601 0.41325853998867357
3.692835408769187 0.18914232515969504 2.9492935339273236 0.39102328675447323
3.8589657110410522 0.18467854941891682 2.5829907594508987 0.3780180000429777
3.959533409360695 0.20257485291218888 2.414836491967137 0.4202871444790022
4.044044837812301 0.1877834923198714 2.1992145909192735 0.3858511309673027
3.819762609194336 0.18658018557178088 2.693608619941366 0.38594080801272085
3.783931387855624 0.1775093444906921 2.7397650446894026 0.3676019017723537
4.111847395305691 0.20424469304476864 2.097190911127445 0.4210099018619044
4.14380010545179 0.18481711661673766 2.0280257949212905 0.3801189819798909
4.083697544729694 0.18865001458598757 2.1162817318156275 0.38782571470948374
3.8699419402408948 0.1799260146501365 2.5431876557561335 0.368054705862871
3.7611885687235227 0.19449379667150343 2.8222551170153465 0.40102927583817716
4.168071335784544 0.19523286854053865 1.9293416763706164 0.40324322968441345
3.9649569493065737 0.20154495195294506 2.37668897910331 0.41623165898201026
3.813577454208192 0.19036720460911002 2.7075219625364007 0.3903452763769634
4.055865206662675 0.1903899433809901 2.1649087516804846 0.3921116682527608
3.8990251848465176 0.17956659658193427 2.4898747540749238 0.36933556243485277
3.9232465412112276 0.18714474013136617 2.4588686959974533 0.3837014144613509
4.041443955250138 0.1958795710358436 2.1972387758230427 0.4008835122469642
3.736894716611599 0.1758049016244908 2.8323159679831096 0.36362765302415423
3.733182027294413 0.18578469296923295 2.8611900892677804 0.38292610300312757
3.8816737615763093 0.1914447878274687 2.524864248054085 0.39434367900376993
3.9756719228003887 0.18357460036295128 2.353953335938625 0.3777283014874534
3.973057440680739 0.18733333443152644 2.3520787805564547 0.3843034067374058
3.8452728469161968 0.18745288201002822 2.6354612780137114 0.38240364143746747
4.016359334125725 0.2088784533268812 2.259325765391761 0.4326487536974507
4.08181013775306 0.19766628065692063 2.113620533555501 0.4066738277806581
3.6234549221593575 0.18471434528071143 3.0989025551519673 0.37824620484075383
3.800381944217646 0.20312874899924777 2.694399531720618 0.41220287326896876
3.772753281700175 0.19268190865555973 2.7889637995732732 0.39563594560513543
3.925900791623677 0.18172322869435387 2.4862433275932228 0.3722693348056674
3.833922204572322 0.18553907202106248 2.5845333922245377 0.38289176953390053
3.8375662266929815 0.20057125644844348 2.6604439522539938 0.41393773944272516
3.901877564068826 0.1974861971238236 2.5016013462225857 0.40724479542025144
3.559657868395897 0.18218552938253701 3.189701962020048 0.3705277061880472
3.7963104518940503 0.20837602187913998 2.7401496199390696 0.4277432653094118
3.877528598199686 0.19045085974688952 2.5607376139448847 0.3888687603171131
3.7173917151216402 0.18525808954182985 2.8699145904709225 0.38643085748984635
3.8478191889378586 0.20059620957440524 2.611749322877519 0.41497009203122365
3.67444704579556 0.17901102181903683 2.9657711957161634 0.3672203166271272
3.705354503374969 0.18098065743755343 2.9374053443878383 0.37062792521159676
4.027790575095736 0.20725166127869873 2.233388529851231 0.425866994914601
4.1941018958039615 0.1896477177356287 1.8716648250146122 0.3932454988683098
3.7026449043435004 0.18174258319471784 2.8575472096475343 0.37444542682207904
4.039186469013838 0.1993645098929321 2.2249505172249204 0.4008944736477803
3.8301109253183157 0.18456928965635436 2.6491780151891615 0.3822483730576699
3.965440791394803 0.18217847792329167 2.333733808662762 0.3726562136535377
3.9799637115423883 0.2022787161624968 2.3644149895824613 0.41216097078835773
3.9268490064258885 0.2013047588154511 2.4239057267531376 0.4144564308192274
3.9028054962132366 0.19109620318667422 2.467449512621194 0.39341583416741993
3.8430782757824504 0.1968119203782531 2.61033001873805 0.4093023074906227
3.9002014064457056 0.17567068720440848 2.502021205402237 0.36109404319641014
3.9762723208695996 0.2160897895526687 2.3550533248390995 0.446087721113645
3.91224847777079 0.18689951823217077 2.48643038431275 0.3818243663975733
3.8736169330467938 0.18735512251761663 2.53487541342603 0.38747790170899327
3.924023337755398 0.18921734863156256 2.439875307170859 0.39185241986285835
3.931897293007644 0.18828337633369754 2.4242804822789745 0.3882849122328724
4.165327715470481 0.17949278020763257 1.9618844105249633 0.3704175534079353
3.970372482542893 0.18454294671204768 2.3504488777107833 0.38109562927098173
3.793025298665282 0.20212268048938306 2.7132457762760276 0.41475335479093917
3.5119626483142348 0.17441433633641262 3.340332256126217 0.36177638720153643
3.9304414820242006 0.21281667312489214 2.4540276054001238 0.4380929408921216
3.945398303035036 0.20423228378462324 2.422634078655177 0.4157029082750938
3.756067938718737 0.20496362168890297 2.793274177817284 0.42054589230705675
4.069272135219844 0.18395574220077127 2.1888868810404034 0.3779173636972729
3.944881236354525 0.19652235752975042 2.3988055522202663 0.4053288407297792
3.8205951901545534 0.18500795152535585 2.6631415520720196 0.380893577465947
3.713526052693672 0.17746838060473688 2.888640463889866 0.36512437418516946
3.778281119975518 0.1796370298633771 2.757443608989382 0.36952314560834204
3.7993146821527253 0.18640559029589074 2.668426606440174 0.37937246916189643
3.7855629768858137 0.1979393605680305 2.765586259711128 0.4072024553743171
3.8582051876198538 0.1864253952802173 2.5795232940606505 0.3847076371474996
4.088525659473023 0.19235966967394413 2.135224181791653 0.39335771308276846
3.9367719742848797 0.19390519657412328 2.457975396106084 0.4008420741383934
3.7291912189108745 0.19376059978416557 2.8430674498350488 0.39553655750765593
3.5521929301318718 0.16679881138707972 3.1877867501171107 0.3426616979714892
3.831236976358407 0.19147127487405188 2.598572143711835 0.3918242259189844
4.1840680776076935 0.1902608764514929 1.9564190382184052 0.3902752967081853
3.865012284640064 0.18719615631442388 2.5863576294522255 0.38773758974121497
3.7730957272635886 0.1874050524203071 2.766402637136089 0.3857003215192417
4.087303967061274 0.201698995851778 2.1654950924748384 0.41939689185962015
4.014922317098991 0.17510042056836084 2.2075256915994386 0.3590985269996158
3.926142391892144 0.19782071949789554 2.4546769774739454 0.40631408260147267
3.9713252624495925 0.18694710522260016 2.3313141768614605 0.3837555385361315
3.871699394296273 0.18973772567536096 2.563055713510164 0.38794075118471727
3.758343448477172 0.17953949870417057 2.8226755012323705 0.3683052435177171
3.735691456554909 0.20399441427765014 2.8338201408378656 0.4190988199157737
3.878743673119249 0.19367110670763077 2.5447702324035335 0.40199404079943096
3.8683742068211573 0.18099306296939174 2.5680823244153577 0.37468700459333465
3.7564332359989274 0.19151467122747964 2.8125991171685243 0.39448638626403376
3.8289658042500223 0.18294739467406881 2.6283030148790205 0.3774060935058186
3.9327053473074276 0.19896411945525633 2.4663376353411692 0.40844071407141885
3.9491208269073077 0.18439602150398793 2.3874123280544923 0.37758655930868906
3.6554028743463913 0.1803542491629229 3.035040627863684 0.3661003089735968
3.8645435128349046 0.19341554077624373 2.5816844269136294 0.3982931716599468
3.938128540429277 0.18954929645534904 2.428411691153774 0.3858515141956339
3.7217964667371914 0.17884362244720126 2.8704542663677195 0.36663551560761826
3.929220925481686 0.198429977508803 2.420499045749172 0.4023077797210947
3.8149767222193898 0.18037680319557028 2.664945070105783 0.37013537755461523
3.898324059574649 0.2075748557974301 2.5321300195247756 0.42569333186044334
3.7133867633915187 0.19541204028112422 2.8604675334075207 0.4029835713158304
4.034431399813116 0.19803996627932607 2.2595010661213886 0.40647855862978144
4.100548060488688 0.19858618938818867 2.1006211541543207 0.4064670277018063
3.8153787801046475 0.1780132155723865 2.6574954858323165 0.36583221879488664
3.8577272731788534 0.198000930301001 2.5754626925240873 0.4057904583109068
3.794316699627725 0.18794175012915965 2.712330239640417 0.3874118202530297
3.979043737908581 0.1926836451667888 2.3203785734166322 0.3990332832608304
4.059144652149771 0.18443403919757823 2.1986307306950343 0.37754968943118705
3.7546849722456024 0.19328346364979052 2.77626813534111 0.3977383983951771
3.949014768653499 0.19435624056099285 2.38223155704909 0.39921785873506455
4.054018880268307 0.18933818017987336 2.1685252208469787 0.38764303231882363
3.9855354658080913 0.18056842201317977 2.3359867243464594 0.3739713572705474
3.8834917562527194 0.18685429382185936 2.560040450620785 0.3858223057585031
3.922602718096626 0.19296496990740059 2.473039513884367 0.39855977133992726
3.9024414285740767 0.1695731010508659 2.49049864909189 0.34983041800495007
3.8950795971091976 0.1874900147459214 2.4933353096311666 0.38770732472562264
3.8938708915687616 0.19692071241649511 2.55775021468967 0.404713915232355
3.7610557183789513 0.18990961138681817 2.8196082638364066 0.38920804846154944
3.8555406339791096 0.19897492516472418 2.5794325127220574 0.402424522194063
3.757585388759064 0.1907170195514357 2.800559941928106 0.3882438850967984
3.896683058180548 0.1865966529688854 2.4961666248217975 0.3827967211050128
3.675505035180892 0.19722692474418693 2.9193516090720166 0.40526562070093364
3.984013353978014 0.17744682762383207 2.3160068036302546 0.3637970697259611
3.8172532089988507 0.18426955200392642 2.674811319715241 0.38167940191556154
3.9363064262730036 0.2036370382389919 2.4407300527112974 0.4212076359047801
3.8540777804178186 0.19008793462424167 2.564268439510407 0.39391232529439413
4.022827770013214 0.19491042022023544 2.2538062862737336 0.4007149402480194
3.819209835450798 0.19027572128592007 2.6690522670116854 0.39104273442714166
3.9464075452015104 0.19157196932123483 2.424009013006942 0.3914840766515801
3.89193429636482 0.19287834319834354 2.53638736437318 0.39759967011816166
3.860335559905573 0.1901671518535766 2.605281004808466 0.39321674977742754
3.9609410698105574 0.19014284122979552 2.396003623239639 0.38831221533433946
3.923647185790289 0.19532253192963583 2.4498231631401177 0.39944504761443567
3.7445206657038588 0.17160080665326402 2.845265407900766 0.3540453527074925
3.9822034200284766 0.19416168787721402 2.355361710968076 0.39756924565359225
3.925517411600712 0.19499315465301192 2.439563148580262 0.3994512310085966
3.8621791076448657 0.19576466195412218 2.5615168152605743 0.39983806868118943
4.049197904473745 0.19720948738337526 2.1986811341777157 0.4061211591451424
4.074387089679973 0.2076303858452857 2.150530113244338 0.42155009177205777
3.8650156425677955 0.2143168752199333 2.568359052153285 0.4415747595924592
3.892199838326822 0.1813776894522197 2.503812069544493 0.3724229013313589
3.935492960541348 0.18094817686852385 2.4024584187264018 0.3711565851628472
3.8177045970581904 0.19577351340403398 2.6694514937929723 0.40564208035032806
3.8668182451220465 0.20192470974564997 2.569428833529122 0.41254424550017205
3.6117524189957932 0.19322567448077113 3.103137712906178 0.39908237479425995
3.797807579447583 0.1838681227284929 2.7362187863943417 0.37881920882692
3.9146792313513403 0.19351203856337132 2.495369470856275 0.3989020545166395
3.5125041653438984 0.1780650073419902 3.3236522762377287 0.3687279703320848
3.956688606846458 0.1853772703231683 2.373058443046588 0.3803065872139094
3.779601022552306 0.17951785932737505 2.7685906319891167 0.3664001792143752
4.074480584747615 0.1819993852362281 2.1808386869819616 0.3752863274844771
3.757290771447585 0.1820763274228541 2.781211296730319 0.3745255436087375
3.7212784607428295 0.19024596078063968 2.860044083917421 0.3914487125894219
3.8484318822512145 0.19306375302722023 2.618542570386829 0.39716347648123873
3.8723902590714667 0.19398114352486176 2.554826934876342 0.3936039479134454
3.8639878735905064 0.17889222424640247 2.560014429144167 0.37122733979173006
4.078098202333155 0.19703910027013904 2.116225704080523 0.4044357239656114
3.871512301554669 0.1859102281819291 2.5541571869940833 0.38181164297752435
3.6906498047966103 0.18204828033357937 2.9178707294269537 0.3761414600805112
4.121337503714327 0.19491588669764232 2.0490467967850456 0.3989721115225689
3.736349432072199 0.17525726807083605 2.8491464591790976 0.3619229274055659
3.9123940168050484 0.1960573732036875 2.5011709426391278 0.4044486564386241
4.145372125574619 0.2000279475109005 2.0018136858077966 0.4061873097828058
3.9445547455121064 0.18794546620431396 2.432950190423269 0.3864181552758127
4.12255572527507 0.2043105133310481 2.073407755600125 0.41989619169941617
3.7691074578213764 0.19874953192080808 2.780465357333345 0.405400689957261
3.984667653686021 0.18335314141558365 2.343442193130146 0.3785700619561038
3.870319391592748 0.18262826431734677 2.5899367706138827 0.3758001770164663
3.8524535366336066 0.19343359038074126 2.601362252762055 0.39920655627710727
3.7419469522707587 0.2006322368606177 2.8194865679857397 0.41397804658746373
4.030965008526314 0.21137288542900684 2.214404459625634 0.4328329141571668
4.052910133341767 0.18412888898766547 2.1856314943649253 0.37729098887547424
4.015941066851938 0.193794571146959 2.2727616158750523 0.401512413888233
3.805905334239061 0.1777715148726503 2.736086793774284 0.36299583125215723
3.818143292668742 0.18170404070764848 2.6478545152595867 0.37342406866495875
3.987306079745898 0.1969941733417101 2.3269610896869573 0.40656297081762327
3.816847174075126 0.17317775100712635 2.6783670599520644 0.356519839893267
3.851776542725126 0.19364586368979214 2.584203748171 0.3954761981289145
4.109077454568745 0.20583506301917295 2.0742641087774554 0.4205079607878038
3.7090205263317984 0.193437718771628 2.8843555265668748 0.3967920525339038
3.9095312222264655 0.1879422545604705 2.492911709634992 0.3838792060507821
3.8759700649490725 0.18671513497576972 2.555687413507415 0.3808410045551628
4.015865644513118 0.18061283499419445 2.266319585444662 0.37301538117601085
3.7851235292758982 0.20046060294672158 2.754950801628791 0.4141946681449639
3.6425930250620366 0.17745159001305955 3.0307727195453165 0.3621370385470971
3.9657415449968716 0.18761469776299164 2.383176925233197 0.386547384628961
3.8595548446608507 0.1968231997581316 2.570264905240954 0.39901064849135603
3.8088227960061776 0.17956677464783022 2.6904965022201903 0.3703652955688979
4.143114599603967 0.1880167889620243 1.9755430881381153 0.386909669320885
3.9693925278101596 0.1881136359815655 2.3650353417922445 0.3900173138663948
3.8698109965333707 0.18728718098712965 2.588526770356171 0.3857969288903706
3.9719979639781684 0.20332111647909426 2.3637205095792466 0.41800358301189905
3.857294408539672 0.1919894179414124 2.6349948873632405 0.39416695464540413
3.637259908241918 0.18692822929357017 3.057492940642545 0.3804470984228962
4.137980026697543 0.19310536390760588 2.014295875516608 0.39568671784734266
3.892442409996292 0.1783226124796421 2.5254070075786634 0.3639672456768358
3.871941309235255 0.19817721347694084 2.581071580723542 0.40781795237998286
3.800451304545607 0.181373537579216 2.717054167727182 0.36962933432654643
3.9281415859977615 0.19949112524652632 2.4311269431440072 0.4080782483357287
3.8603209184279828 0.18757611499714263 2.57619144356497 0.3877626748198516
4.056319197548467 0.19345267958318413 2.1810135840657603 0.39649019174048883
3.793123375088814 0.1834602902946545 2.747509376949555 0.37854909245644275
4.118082537965799 0.20100966471805654 2.030020409397694 0.41261864987887564
3.982073277329016 0.200338211413289 2.3272061541226092 0.4052527317055932
3.852029590546122 0.1809469576300667 2.5857148949780253 0.3716774952085057
3.900830270202386 0.17368659830993025 2.4767822012226026 0.35887288475697154
4.1036701357710506 0.21816445597620457 2.0682979449130015 0.45016260984386286
3.791655297016643 0.19355073065392517 2.7425786655045137 0.3976714909219804
3.7485681860194213 0.18025855598791682 2.840927259915735 0.3696735684989106
4.00305380028041 0.19268986142010053 2.273423831393923 0.3953678732498916
3.8071337827636276 0.19105904981530142 2.7197771391979737 0.3897025432131696
3.7823308509433744 0.18905004349735094 2.76042179009241 0.3917336640363901
4.086858840873591 0.187242534232747 2.146638618011102 0.3878899298102217
3.8962686475803396 0.18882708686127364 2.508392456547859 0.38954213102865154
3.9099276778086662 0.19709990494100482 2.4868404822955297 0.40495152417613595
3.8035123589147126 0.19442477483950735 2.6997446723075216 0.40106510260691947
3.8849658599831374 0.19171746552800922 2.5296223264243403 0.39364778481598106
3.8587839457970503 0.20455300746186228 2.5306052127618575 0.41949684902350937
3.926749883085572 0.1820208319540778 2.4326617812034192 0.3738860368880345
3.8947683508126767 0.17945573510392254 2.5555329419755237 0.3653703745467069
4.079868766116755 0.18468038156956437 2.1361569990375013 0.37927956590697953
3.905922813551964 0.16155205596740738 2.485436343639685 0.33543098463742427
3.962470816772572 0.17373854074060707 2.3902313084489855 0.3575327695666593
3.846179746833843 0.2000267552595376 2.6264934691902715 0.4158267199268167
3.5986260826067937 0.18513311358588017 3.138684653944682 0.37868934363861245
3.9126071044807693 0.20049495083376037 2.473586334675142 0.4133661610651062
3.7822932132160716 0.18420788824438983 2.760847181198729 0.3748128947825454
3.9599493279179248 0.18473193170981944 2.3773879179572464 0.380277970935068
3.9529494216947816 0.1871207586120026 2.4122319947059028 0.38488935533073676
3.961877667027987 0.1907577439993588 2.364721509692352 0.3974410525087061
3.90752325949715 0.1817538056242284 2.4659115084701515 0.373691935150542
3.8586110017108837 0.19914248550146166 2.5682138308785314 0.4081751293283941
3.9114160938881177 0.19184535133083366 2.4565097681216654 0.3904058368768864
3.871138665067974 0.18330282754562777 2.57868702895574 0.3771395968969445
3.816559694964103 0.18119446684389764 2.698924539287274 0.37430804447905736
3.885907658245343 0.19003272047799483 2.514450930610063 0.39034205320344945
3.930767600204814 0.18222691467313207 2.45197467361356 0.3786394098576258
3.9935380236753755 0.19860237569520003 2.2948462029938295 0.4045191976929068
3.731564455698596 0.1861228386695113 2.8258069281797535 0.38619995160372844
3.8622800375516526 0.19311961190813393 2.5996515419145387 0.39968107927508634
3.7430721439369155 0.1838110991878037 2.83513313175746 0.38050836398400834
3.7868507556241413 0.19388585249506915 2.728271338176233 0.40024043780053314
3.8316878248642166 0.19138386631615764 2.64580061424032 0.39120551992019104
3.9756399240474583 0.19344838294734726 2.3237479056892605 0.39762870051896204
4.089803664652246 0.18857963352241974 2.147676375976316 0.3894639578191832
3.6883761226312557 0.2162325098165975 2.938828053832772 0.44600945796662983
4.08532961390547 0.1947068515229041 2.092118951552504 0.40384841320030107
3.7972454662012103 0.1939606849326325 2.7281600103531574 0.40213586778721033
3.954267787070057 0.19766602762051128 2.3870922009168134 0.40754085679717794
4.1288196109205915 0.18802942559505054 2.0220928071118816 0.38313734692141527
3.9058515618055654 0.18308959100933977 2.510183224582105 0.3779446743774321
3.9422853299868144 0.1916596188326385 2.4360105730809787 0.39721011989951827
3.954355548776779 0.19270778200684519 2.3983777951106973 0.39861705138583015
3.8837482146929707 0.19023018721152934 2.528780769330056 0.39146704538735555
3.910996831821654 0.19247186553552217 2.4872255546225452 0.39973439073634454
3.6885071308097652 0.1838900523419719 2.9821414618751967 0.3801887759061553
4.045703949708766 0.1966882644894994 2.177174604975788 0.4085480443420624
3.9197427245644656 0.18401824097337216 2.4492098639918676 0.37935330854785104
3.7124375670092444 0.18176296445201492 2.8877431611639395 0.3779816129250584
3.8286013749642165 0.19349418763536294 2.6995913937160423 0.394381363903116
3.943263687240248 0.18599166586510926 2.436206510584644 0.38119054063344526
3.7860437396195765 0.19228599798638799 2.7491846743847743 0.395314038928296
3.9340111780891203 0.1798708672191345 2.4406975329099465 0.3672811155629208
3.913333635800255 0.18946068897150367 2.5185766177618465 0.38772872314648826
4.10844178069194 0.2019479427683701 2.1025809536784212 0.4119578389707404
3.8924897161945147 0.19445546609675568 2.529227494058005 0.39813904653672333
3.9233466151054674 0.19544410643358204 2.488596977365021 0.39945365502321073
3.553140507573101 0.1854922405287351 3.2241991582190277 0.38066785355022875
3.82729912894221 0.18173291534721464 2.65953248969901 0.3734753729861104
3.997336947930573 0.17441608991810115 2.309538941128765 0.35979596915301554
3.948753964423765 0.18480384563151012 2.428483846959226 0.38144846419284373
3.729313877305808 0.20173163602915115 2.839178034976078 0.41545911835402893
3.7115779600210876 0.19011683771775673 2.907538285403829 0.3888520078634112
4.022546691396807 0.1787153011733588 2.2577519558760333 0.364574827802916
3.8051751357571417 0.18229645125155022 2.7168033511366967 0.3748610834848707
3.9045227735708288 0.18971862311276094 2.5064626356342163 0.38785424309660443
3.8943149815333715 0.182866444000393 2.4996682473604586 0.37774556711484136
3.9305868010723017 0.18026103778346533 2.4528116861987854 0.3713388684172075
3.968657465395844 0.19592808935400144 2.377892401635254 0.40218812092968537
3.9105609086003223 0.1981076154562412 2.492346914982461 0.40899768649289614
3.934996629508214 0.21831008675029986 2.424543609410869 0.45173924136612514
4.11880387057471 0.17564159386991457 2.0283895580272686 0.36133890010972736
3.8409129438219765 0.18144748067335287 2.6282689426947656 0.3707549191330116
3.6232902115394623 0.17413665773300277 3.072769772781334 0.3587698542299799
3.8246503488164847 0.2019743319263279 2.659757309995471 0.41365699911881365
3.7365037480570056 0.18431577461425058 2.8402389593674284 0.3791804316510096
3.9378471806907434 0.17164906091785345 2.4427553074766144 0.3540443288742409
3.668875733606555 0.1936873213388855 2.9367744875671824 0.3951626754004078
3.946228445333774 0.18916592869757498 2.408407967609076 0.388778527159373
3.659972267395779 0.19119840251219952 3.025483389121453 0.3924999770279811
3.687400509724535 0.18619889896320568 2.9344535523103676 0.38239852763804993
4.070308995939737 0.19150471914727454 2.129245780253267 0.39239489391678867
4.121399685672789 0.19246047229957297 2.0156725464433034 0.3948652238718378
3.993882537963329 0.19417164111322047 2.3150821503222563 0.4023771971202767
3.9844913310069003 0.19267218447327167 2.3552150628717463 0.39138179999107864
4.028140578309868 0.18556653044239071 2.2387089499730664 0.38138817796379876
3.681293751260422 0.20832080877304307 2.9348701622212774 0.423467465244211
3.9823207515415557 0.19518331624653398 2.344155528975933 0.4018671861364228
3.892661926577559 0.19198774161606086 2.5321251513619947 0.3951972774700858
3.937708931054982 0.19895263783028475 2.4510911692887465 0.40600879542040574
3.9686291929614583 0.19054289991688855 2.3718926663979163 0.3944298383864259
3.8005244190903973 0.20501906727492822 2.708090796042752 0.42463299450419506
3.838652112515254 0.18391835593402664 2.6099136965874568 0.37722971595549776
3.8130218273044916 0.20114312360888337 2.66754865501854 0.4135531926572387
3.5964535102390975 0.19346218659482325 3.1146353532829703 0.3950969495704077
3.820926877200865 0.18706378452922923 2.687038102039195 0.3846136906665918
3.9808458766818733 0.19281840218111712 2.345978148447484 0.3995253050547861
4.02249585811853 0.18935482786612834 2.2521849924310913 0.3888327578598562
3.8878082727828116 0.18724085274958382 2.554321967037186 0.3808637567598454
3.967704446128867 0.18697252353044305 2.386264499450875 0.3852358212077108
3.950696666728504 0.18534626035964702 2.371336885692201 0.3796722027553294
4.040371066180523 0.18033500186060727 2.214988121338448 0.37053047137577483
3.929026668850783 0.19359505278431113 2.447426775389829 0.39982514989930934
3.958298348035933 0.18898978008588982 2.420241641114678 0.38651654682845416
3.568993580833487 0.17625550899320236 3.163509009371648 0.36593072140074445
3.625989458172184 0.1778032787046863 3.0792027734389498 0.36856504607466706
3.803102910742691 0.17184392129081774 2.6739461072275956 0.35297537344132207
3.865668397723427 0.19639675459503367 2.5739325160767272 0.4028799281315325
3.7392695815943773 0.18192428079049153 2.80610614096626 0.371937163551111
3.981397289999057 0.1876853081765769 2.3502223250588656 0.3833719349057652
3.738069186091627 0.187120095504011 2.8339245554284753 0.38231972148728194
3.865188544415475 0.18791290831248522 2.602629256208819 0.38927211729918204
3.9290625318955383 0.19413567485711783 2.452887120853164 0.4024503752012937
3.7518462496518925 0.1766231993545881 2.8194890908537404 0.36261757782521886
4.246048552444134 0.18755404519524932 1.7933909833207415 0.3829368396139961
3.9749030367478406 0.18457778592355928 2.3414693590264237 0.37792593730953467
3.7750231147611855 0.18195723799914004 2.748507548890955 0.37544806968912053
3.889583187304808 0.19075746732963098 2.5281407251562804 0.39075186873118406
3.870727311699465 0.18619888172748497 2.5702944905764227 0.38300633418474217
3.7166495215913935 0.18037686681418108 2.8984249047740605 0.3731213997540368
3.6440992608079434 0.1852563578690278 3.0391067890784313 0.3790621220536257
3.983806593540989 0.1825261067878125 2.367619083696261 0.3748479434824745
3.996016744080915 0.19344352499738324 2.3132483415961422 0.3985400401654673
3.773461011775556 0.20805075493936015 2.769449485806552 0.42441919762292185
3.8180577733770056 0.19648472105331302 2.6633294363740165 0.4004077947020129
3.8333538948892025 0.1921143617548024 2.6333736868993634 0.3943727805966552
4.08902474996977 0.20566022904180234 2.092783201116029 0.4262898259483492
3.9308756552357975 0.18506880397604367 2.4664279840057866 0.38104465914657626
3.9058453893663256 0.19160712752375925 2.4947016263977613 0.39167587862395004
3.7688207098429736 0.18187372972597762 2.8010874897412332 0.3766957414511905
3.9345027043157637 0.18356559371210174 2.4652280529709136 0.37809129638841654
3.9207826002457242 0.18082175194561714 2.4590386995974107 0.37326311972636333
4.139389984563932 0.19937500853618584 2.0031863118786815 0.4094793315675024
3.875416860267027 0.19363430341736615 2.553840294498559 0.39678991775832384
3.826156468736902 0.19727269455223148 2.62919203910692 0.4083240351372905
3.7790683375962626 0.1840648514944606 2.7534455536493967 0.37960789720296334
3.971328352909386 0.18689439699176688 2.36024338551952 0.3823560265251049
3.821817229750122 0.19075755315126475 2.6852270132923692 0.3917316366825395
3.768632884459618 0.18849828883290426 2.7636453790616278 0.38804580938034966
3.8587572907033882 0.18235165192296754 2.5722560339523834 0.3809797846461505
4.1671819000733965 0.2067469264382866 1.9662276265368632 0.42345423928021747
3.8312151702797017 0.186705405600475 2.629794206842143 0.38447722653623734
3.9972457766430067 0.195066005747433 2.2918029079529214 0.40212381046083406
4.06369134050595 0.1859592051430261 2.135901583511303 0.3816009610248203
3.759284533049575 0.17325183365189026 2.773523211009839 0.3541092488527445
3.6289870956262673 0.18866775010296596 3.0668634805619304 0.38842047650407335
3.9616567396085767 0.19451686204923616 2.3709450100084353 0.39691302067037426
3.9909064432245898 0.18873933812049004 2.307639688820795 0.38628598428145894
3.753799273397256 0.18359327792497682 2.811882099386356 0.3750739002916781
3.806337713835692 0.20528088845490444 2.704977056817878 0.42464500129450583
3.928214563263886 0.2060504758649465 2.4393912153534423 0.42599411713007224
3.7943421860165585 0.1876950263378691 2.724779240687252 0.38833080856056823
3.9752120160805493 0.17967950687534479 2.399636002442681 0.370004752806424
3.6341137990895604 0.19139307067512995 3.074629964864812 0.39494473410016917
4.064946141181661 0.19164705616817437 2.188324635727172 0.39430388158764423
3.941791565367968 0.1995280346372838 2.4241504454458624 0.40887237483045724
3.823896288667894 0.16703498105750858 2.6550214735542434 0.3415408279161799
4.011660223360117 0.18510958909489597 2.2571131009965253 0.3815649604160216
3.771020241090441 0.2007041531069221 2.77208585157209 0.41534141367457184
3.786247595079598 0.19968378319473556 2.726987094039579 0.41259677660335664
3.904928538167451 0.1853597905060378 2.5127106223095295 0.37824807774076463
4.018458124807262 0.1805999470059695 2.2784495831865175 0.3667118196721859
3.7364576746591673 0.19167817205648963 2.818227701317746 0.39569379462782633
3.814405487525791 0.19977013260835072 2.6986159198208597 0.4111615764912842
3.960638491570413 0.1886968610445947 2.357509595213947 0.3875445407103044
4.010378431651501 0.19986641335432798 2.2794900963739484 0.4133812088436731
3.7855177408838436 0.18423371545099007 2.7362574438258465 0.37863487950876906
3.896679906316945 0.18332903830239633 2.5247862588684264 0.3756683285223992
3.8863519144829857 0.19716305896751854 2.509907631531184 0.40798941715892983
3.9332637684152862 0.19008300831941474 2.430657063972127 0.3906031834961169
3.8027339744270465 0.1986631640196266 2.704336987982753 0.4082527347068777
3.938773832374024 0.19798710010539444 2.4013793586540384 0.40714930786060355
3.7233305730916997 0.17278366632817715 2.866033911100965 0.3536486499991973
3.8063337821929624 0.19626313216533534 2.7080801633059086 0.403973921067782
3.935573823300987 0.18862127083100605 2.3796877767362625 0.38702190141830345
3.9078880346899054 0.17624680923176286 2.5057831586594888 0.36181935338030385
3.7073821022121685 0.17419958476456654 2.8688243981875425 0.35868997680160364
3.821713595090655 0.19548598408083837 2.6524661377827505 0.40266689198268596
3.7064973873702765 0.18000767709625895 2.9072320666827434 0.37141831261825914
3.966512719435374 0.19235293619145297 2.3769915004625437 0.3941119703446036
4.107301215633565 0.19539877312517798 2.038513911049351 0.4004599415383307
4.058327938526736 0.19110032948567382 2.2073758967715094 0.3915313389664
3.932441082128488 0.18629585668790785 2.424640541671443 0.3816046636426037
4.055191625287993 0.18638277585966648 2.146015491614853 0.3841651514095869
4.014825734745134 0.18966474075455508 2.2866872029130034 0.38807615466286505
3.8510477290949243 0.20356992914346947 2.58929515728384 0.42196599435962623
4.021911887686043 0.19144481108000513 2.2395400891071486 0.39418128671104163
4.128449769280127 0.21689150520785747 2.0197332990340517 0.44295278908745533
3.7651107754912587 0.19942247362694873 2.8230743445369795 0.4107003976979233
3.6574714029262942 0.18418863305521527 2.9940057736918235 0.3784819722009774
3.738209194688316 0.18459744050114715 2.839997787762108 0.37960136039368947
4.311963788885846 0.18208484294938526 1.699177776772979 0.3760607183061921
3.7397747335116014 0.18897443760555882 2.8195361169319972 0.38892380435335494
4.203551055494497 0.21263427586060657 1.8729533477739353 0.43547965795309485
3.8911520094615586 0.1969360523267642 2.4920215078073493 0.4054233972960128
3.9030032489973268 0.18160604553112938 2.489807776360813 0.37764363775179016
3.7040442694535596 0.19849233674123434 2.9010819363852143 0.41071132399230675
3.89944897141052 0.19133747875724066 2.495997433932931 0.3934802265102312
4.112864595643348 0.18882086148160235 2.0914913087079885 0.3865783933776773
3.8675904567579824 0.18279577715365555 2.603686899392202 0.37334008849000144
3.7580940229771818 0.1979593909756958 2.806429747927038 0.4098738238406958
3.7647858509881926 0.1895876389738498 2.814004564533697 0.3874323468054131
4.195837636876844 0.1988525702546013 1.9124429467526345 0.4065502145634862
3.892941130989486 0.19527502989683218 2.5213947685298006 0.4019060216222803
3.8559498408891693 0.18437725181782735 2.602837197643515 0.37905547860551375
3.9388974510440535 0.19649438629985064 2.4468912045057483 0.40215336757516984
3.9532650024129623 0.18878191010080875 2.3832568882656675 0.38736348109444235
4.010939950770531 0.19757086949554756 2.2547937392747124 0.4088604593533494
3.789708141498356 0.18496546856483087 2.7119283510091194 0.37820618693146163
3.889578353815752 0.2013460650238697 2.527860550948283 0.41329222157817336
3.8925198820386866 0.18975164166128883 2.5143343538064515 0.38812423996343287
3.984895747740821 0.19287981593454023 2.3064190258505697 0.39631436487917415
3.8234530525361192 0.19249994303039106 2.6372511018345666 0.39940525185353204
4.080850823922136 0.19040115576791983 2.1110003709481937 0.39155979729968393
4.110651683290665 0.1907504821231072 2.0412145146631646 0.3948416729632446
3.885111131732333 0.19193417445377653 2.514150850580826 0.3908418135945482
4.015923779595236 0.18098969083456165 2.2296468975987294 0.377063119143273
3.883457123463131 0.18273802085829052 2.5611247758157623 0.38105078638755846
3.7835388089889688 0.18332837821958947 2.7126792948750422 0.37599335494073044
3.753134896258321 0.18123707247293228 2.7882135662563563 0.36864424606709645
3.8569596352082844 0.21966577924538824 2.5870028237234375 0.4497759553210948
3.5352807161345163 0.20210377867989765 3.262708103630194 0.4129129857465459
3.911446010878083 0.19560943229056518 2.5274822824403405 0.4056748509647474
3.805996373570652 0.18054229218329368 2.7148565717051754 0.36802762773463693
3.9753983364537984 0.18934031618985675 2.3568530127669662 0.3870629221373357
4.002844980072884 0.18103232987300885 2.297974767077192 0.3734458750119096
3.977570170355933 0.1838857265755896 2.3157884749977873 0.37604453265982174
3.775511907938035 0.19082471408786394 2.7673810512234986 0.39436247513135975
3.7948550940827657 0.1941594995987678 2.713206041997175 0.398072310843093
3.975850489747396 0.19131319587238063 2.3628610069335076 0.39314257606607395
4.032035642907539 0.17958745569968623 2.2406865781602443 0.37086816618443286
3.797539282331063 0.18904648290445608 2.690411035855455 0.3906207717831794
3.955027648501635 0.1908188720422386 2.379720999695653 0.39306384248047327
4.100496454906109 0.18971385185423525 2.080669842067845 0.3885466844354716
3.712604928262285 0.18412400125587655 2.8766686095437333 0.3792562756025937
3.9541141704501745 0.2043902502875442 2.4240658243692375 0.4182657851557024
4.0832419353240645 0.18309874977323523 2.1252554950059115 0.3775642458813332
3.676889395856142 0.19949148959194307 2.9677444744245047 0.41363197878997615
3.82461935656227 0.18441745336205295 2.6671681755744965 0.37705815213343924
3.872312043791608 0.18993127687587796 2.546422642575549 0.3924761607967666
4.081732141471738 0.20546865535294648 2.125041354840378 0.42464262298376076
3.8294302965921467 0.17502459989357197 2.614846784285009 0.361865100134181
3.8576328732520424 0.19522237278843757 2.5990015476289585 0.4031358200486435
4.09175898937729 0.19397017139305692 2.120089180729688 0.40020182258546927
4.317992195247518 0.20166055208038264 1.6601284911781173 0.4128864805445462
3.9195758592657404 0.19341196744872685 2.468186742055066 0.39588337664074474
4.012852021528987 0.19336572702563942 2.23365951199543 0.3978703817900974
3.867103523224536 0.18536039044083472 2.5999655997406297 0.3807795340275443
4.103928012824116 0.1858483375974425 2.092368433061541 0.3809098425860318
3.9518671242006644 0.20141408136414224 2.399779843671974 0.416680592600372
3.9987228556162413 0.1911324322705182 2.312854391804038 0.39165229080264746
3.889912338033441 0.19545269533377643 2.5340197635855173 0.4040301499391481
3.800517682401486 0.19270265420347957 2.7005082851211575 0.39684317981984896
3.951200169546116 0.1901678970781382 2.3926883575780753 0.3910935120939715
4.04984292761616 0.1803053019876038 2.2122156711835395 0.3720886778716691
3.920449353644573 0.19162653308664634 2.445355257040541 0.3951260095833514
4.08735549098577 0.18694428037606634 2.1185135452052357 0.3879235974876854
3.8439899899910124 0.1926183690039399 2.6108123048820087 0.39466980874335195
3.9008277929105795 0.18912475532780568 2.475729720167916 0.39008740194523034
3.8342413264575113 0.19355015109157644 2.647509827264508 0.3936878299089015
4.0189919354399315 0.18510671047033023 2.268227872481269 0.3776124508967637
3.9037883180766597 0.19085858952774876 2.5232211212424676 0.39770996230340006
3.7812517516626194 0.19004386555924835 2.711874107899094 0.3901062714701319
3.8480567800523198 0.18789639373315337 2.5796930186251945 0.3857374268913179
3.845270059574154 0.16749339881678338 2.603062485702414 0.343674340047064
3.981090344676028 0.1901011529599257 2.3335398357003014 0.3922324422939329
4.086961338102638 0.17983354942999552 2.1027155477440544 0.370157654257988
3.931764572108073 0.19095064221925037 2.4478062231120976 0.39250284600976393
3.9621925480740003 0.20473686489023107 2.391398774059991 0.4181596293932967
3.823291611385554 0.19745300991570278 2.695060211248154 0.4048865311153255
3.812813944072329 0.17997111678470434 2.719625583893185 0.37046074443091337
3.826248680753923 0.20432848230904424 2.6415505736608074 0.42233095636059265
3.7160137226326353 0.1804486246656058 2.871691616993714 0.3735500116616114
3.9179603502331553 0.1827513512380011 2.463114902323839 0.3785850714594433
