4.694867889982568 0.46634976510786497 0.9209225326098116 0.9443887590505223
4.772435715895526 0.3695372022445179 0.7928286528154584 0.7455544022680806
4.688311609727329 0.3795456964222983 0.8713736598910173 0.7818632821594609
5.104401244820892 0.43428063555315133 0.07412556171034647 0.8936254786616726
4.742520949253392 0.4118296802819998 0.8647185587583548 0.8272742959052901
4.6666816037793835 0.41817650422045344 0.9117436816844156 0.8580445008667287
5.2237988989996005 0.4667915057244179 -0.21644849795268548 0.960713831155297
4.606671478324079 0.4078507314487144 1.0676593936900844 0.829718762512456
4.947933205669177 0.5056823413071697 0.3402876177710959 1.052468882147996
4.731861791698852 0.4008455275253735 0.7554895727404749 0.8229813039485873
4.796674593752462 0.3591435206880768 0.6532810570036869 0.7370802047440603
4.687186480307926 0.40861602717365747 0.9107850718692069 0.8398125220717197
4.9715441983098145 0.42881671242466485 0.3170809848681196 0.8753849931007961
5.050617674219664 0.5485424993774239 0.14978650940144406 1.10863762215091
4.850437668811464 0.5588638363580715 0.5496934707193848 1.1384311767134498
4.941065440287309 0.433958109221031 0.39384681575158376 0.8830978047459749
5.056021010296821 0.44170482391227195 0.1165769192911215 0.9140407280676297
4.560067926097377 0.43670434262902375 1.1573684380035933 0.8945212544128724
5.215491733152963 0.45368052333249986 -0.19088913087466622 0.9279370612392074
4.887602110048315 0.44592114280933237 0.43411766821646514 0.9321684595038308
5.069294397308747 0.4139014843184848 0.06499781148504802 0.8411295420904452
4.921293773074178 0.460838444902655 0.4040357078221743 0.9430969308115535
4.995708954617452 0.5143772219419266 0.23809962873928592 1.045099258896621
4.6718238760085615 0.43879114613630565 0.8795336438873069 0.907489756638667
5.088476299026487 0.43525445230048354 0.07839406826595387 0.8661910569842924
4.795481621255485 0.4674142743175314 0.6915074033929891 0.9451647887249229
5.002556719475044 0.3712095470743333 0.18067242206987388 0.7590794175654878
4.5534101627089285 0.4036727074377344 1.1585637051352458 0.8356131245337867
4.7715698943817575 0.43846660050055725 0.7557418656526854 0.8912698594178871
4.992825887792586 0.46055681454339564 0.1440057534313925 0.9567916974952743
4.7167694221663155 0.449909486536504 0.7989843195274902 0.9109923671760692
4.723222117209722 0.46664284890207736 0.7426949960986793 0.9750647625124584
5.014919989993789 0.5078911956099595 0.19901342987267082 1.0399201540257998
5.25393734893591 0.4158419744617693 -0.2584018587161065 0.8507154851203051
5.00229369599362 0.4676174652043912 0.242350802611509 0.9085565629729005
5.377742659338792 0.5710394124403777 -0.5444903510342972 1.164079302618134
5.151639368011001 0.3987638767852815 -0.09669527096841352 0.8181136093637256
4.821402302907806 0.48502988410146325 0.5851649203188976 0.9876859334181693
4.938207501693258 0.4035101037831201 0.4132955534249718 0.8263555792420976
5.018207020764543 0.3944210901307754 0.2365080148375277 0.8193529574005151
5.266127938838263 0.37450710782940944 -0.31530922047047877 0.7688580716130307
4.678961020041788 0.3648283375646584 0.9110205590679766 0.7452254475305304
4.671462647118586 0.34071525530806857 0.9510546987514834 0.7020241897664475
5.016565466043511 0.4484680026716801 0.2560960011197453 0.9193933461023961
5.180680675742627 0.556181180812466 -0.1300056929435426 1.140770843492825
4.373465207398527 0.4160725843420262 1.5836045809652326 0.8537869714730547
4.7899681388781 0.48111427836768944 0.6820223204339823 0.9765012230452045
5.169574637281057 0.4923196371797563 -0.13006059997877695 1.0171473523523111
4.817696347299056 0.3658307627510779 0.6762849524119943 0.74491671588804
4.692925333166677 0.384195078785107 0.8686295544713267 0.791417906509119
5.009878154692821 0.4112177180400579 0.2625279849275335 0.8353279054452621
4.38939408435205 0.33936838441446954 1.5265027235300024 0.6890424886979872
4.577282109652893 0.37528770876267525 1.1298268098924233 0.7661191889177551
4.97348088990904 0.43480769393243446 0.28178516963937866 0.892774246062059
4.648125383221834 0.36330910599571054 0.9784646087058286 0.748417074274428
4.755127535462279 0.42919219456932783 0.7955977581580977 0.8593339590753644
5.077375625275781 0.505315039856128 0.10381965678042582 1.0268271346911488
4.407743442933613 0.3571099970294289 1.4942605501856143 0.7329298275648037
4.3979393237316495 0.407295568272105 1.456644056477698 0.8355374033386134
4.686566697456608 0.4458884821392757 0.8798345837756747 0.9231811002881258
4.847691552355351 0.46581490448636 0.5418542695917896 0.9607306242275766
5.033472682652068 0.4796208447025956 0.24840872469271166 0.9736317727247372
5.099078669260168 0.452162901379621 0.06012482431412333 0.9217007892173933
5.10364636607218 0.3445896836808233 0.04817172346633826 0.7100778227049384
5.052505062753259 0.47885422981208703 0.1496465921001108 0.9741652114038921
4.729228238177731 0.45726131103815393 0.7825067743954313 0.9379303162636298
5.023927794563722 0.42923657815477356 0.1461223252789675 0.8810930228845956
4.814087729062473 0.42328299639677425 0.6146717439355458 0.8746862453025459
4.82759488557603 0.4373582229053265 0.6650058443208717 0.8897585073712093
4.501511618173591 0.40734343084735447 1.3429186835123947 0.8349461521355522
5.08870273404938 0.43909454620140514 0.0670361060870356 0.8939312165249795
4.841459519037109 0.40570416084572536 0.6039645300540624 0.8186269675671978
5.015430392475029 0.45821399648137934 0.17803025167608685 0.9400923686635544
4.8583812653226275 0.42785050530882823 0.5422355535790686 0.8896587663664327
4.808506566252093 0.44680246334135243 0.656547864743519 0.9189049729706603
4.743220882524632 0.3877505143059947 0.7885681885110505 0.7973538411329908
4.402430823599946 0.4518381975384245 1.4557847953629113 0.926425508634164
5.186776866153327 0.40376196609163706 -0.13972350359827884 0.8191806596108198
4.702919875099387 0.48811690149654086 0.8126398892617945 1.024810421327373
4.696766792951109 0.4257922282690466 0.8631754116079557 0.8741670578994105
4.737140807514717 0.42966341153899923 0.8642181595886916 0.8674093683691755
4.820077568910701 0.48000227478560553 0.657876038493531 0.9693281736877627
5.417050591073666 0.5434346387511296 -0.6361610599588445 1.125034216339548
4.965246810830038 0.34745187549012146 0.3086856116094564 0.7169751314938517
4.35674826463631 0.36479662929067047 1.5472716202986563 0.7431808083074642
4.806231154729618 0.4675584157468091 0.5816821022835326 0.9669770626647319
4.806402245394719 0.439345547039629 0.6704260770076049 0.8940953752495104
4.830493595451961 0.4690541024571919 0.6465057159413483 0.9588404520431203
4.793977723475765 0.46154253422503316 0.6804730043074481 0.9467886345530849
4.77685009900641 0.48014052457161527 0.696799581159915 0.9820116933683751
4.7841509686601125 0.47332005907199076 0.6967918114593493 0.9714072332381571
5.089062618938444 0.4855346290357483 0.08183174294139767 0.9928855941534803
5.159081446109365 0.4010907316883463 -0.10913863250434788 0.8193438211780398
4.897793345489935 0.3975010932502783 0.42716011272051524 0.8128126529511251
4.716672443076565 0.40560455723030875 0.7752028017921606 0.8270838724812767
4.86174551303297 0.4476148973562711 0.5030490684749189 0.9133830171464666
4.996010152499755 0.4319200568335267 0.2940159176516626 0.8832318049388261
4.982383078520825 0.47172142256395944 0.2544771686502978 0.9793748371005824
5.085537565077637 0.39271291437061406 0.09010488985414901 0.8066175228115808
5.09809229263422 0.3870701424549349 0.07486503424451715 0.7981452775699326
4.911316531247738 0.38421289313738016 0.40125853515995824 0.7828915412695888
4.746181404472428 0.434449747114133 0.8364187785616873 0.8835567572863091
4.711223603910296 0.3798357974456227 0.867231298506891 0.7686421552418249
5.081223313838068 0.3646404614521043 0.11014975134653203 0.7373838182573751
4.829019420685729 0.4355041552173491 0.6158027543835334 0.888300081044464
5.144444182691322 0.5303039570217134 -0.08741407797905126 1.1023800901271121
4.8793000071048915 0.3563510082810916 0.47543933553693096 0.7332028620351712
4.723274735318341 0.3742761778843302 0.8731872687602982 0.7726456306186621
4.798507837840525 0.49572138095658447 0.7041783513187616 1.008652341062772
4.909555908531692 0.4230433716277309 0.4122579666125209 0.8711946383644136
4.9487992053067416 0.4316257239797231 0.3434112865019495 0.8860035634632749
4.475686175445863 0.3827817759477579 1.3680913851800398 0.7954246054503863
4.649348778831518 0.37639476439920394 0.9454705993894111 0.7707229271686288
4.610968974555635 0.39222669913747965 1.0343083809151281 0.8081094671907275
5.162153756307552 0.4562725427084938 -0.044266755684607056 0.9250902853340992
4.681009931712531 0.41552550520609716 0.8761867089451598 0.8435716367376693
4.9582390037631905 0.4154250931043394 0.35845003054341906 0.855825290982891
4.702378632003347 0.36800487257450204 0.8962294894822165 0.7570712334685685
5.178479739756333 0.47327672041769714 -0.14793680557042804 0.9799099012862249
4.761147578472744 0.36732488248289596 0.7184323134269408 0.7323874282670993
4.758839592959374 0.45325491645741556 0.7576631165996318 0.9236289445577113
4.9674008218001084 0.3797496842567243 0.234806770697563 0.7802715904755849
4.941059194633834 0.41448389441167127 0.316347669422571 0.8552267371269451
5.039079434141574 0.42562862138175295 0.17921578500162827 0.8761286361395673
5.321677674296191 0.5289964352989548 -0.390729764909633 1.0843966213024703
4.583576710337352 0.41834317398329096 1.1363877041677457 0.8608749628446949
4.774850890208577 0.40956246774163213 0.6654392184934356 0.8463731556073048
5.089958426334574 0.41526762377085985 -0.002178130546872825 0.8692955196239911
4.889354971014751 0.4323746379820582 0.43916725688967967 0.8907353661217866
5.515011516542821 0.4782143492466647 -0.9039061158135075 0.9931505197145293
5.134650480455301 0.4139810646928196 -0.02977787939841564 0.8480468612760482
4.922560798782773 0.4996186055971802 0.3434549907751071 1.0250260860868006
4.927177011230562 0.4496271914227831 0.3475836341810074 0.9297977652722571
4.283836014317208 0.3715002249495119 1.6639932588369486 0.7592630469388426
4.670553578743036 0.385782917009094 0.9683196724026131 0.7660885422638348
5.045398781135113 0.45330858315232336 0.2539034849752519 0.9165606946989197
4.727099324118053 0.386499521845253 0.8585651736517889 0.789040121292628
4.5818793372120865 0.4676356995551712 1.1009561882156134 0.963981328713517
4.624385291261307 0.3341160620677364 1.0418808886652724 0.6899623540484368
4.595178562702813 0.36325099021389406 1.074744862143945 0.7519844003333174
5.417960163384203 0.5216734431384971 -0.5936699817279847 1.07565226146105
5.235939058129781 0.45028735546811194 -0.25724039979458124 0.9197412714958066
5.143843639413669 0.4785127172390729 -0.10283925255868452 0.9798128910575677
5.014454872412326 0.5244779151853931 0.17282543164225242 1.0810664473002765
4.698813185292366 0.4930575036906729 0.9120720670834283 1.0082604677716154
4.578225360718111 0.447798903518414 1.1392320105772678 0.9138242445216722
5.007877324501763 0.3925217963841212 0.2731434228237184 0.8050929853305963
4.692024673681644 0.37584179873360174 0.8809641158987295 0.761946335558571
4.85288133881741 0.43894515120645256 0.605595949359628 0.8967141552145
5.001792612099434 0.4266697339261048 0.2683193249994785 0.8739137136386494
5.0976952979059345 0.4367243582054966 0.020234518517590394 0.9025042720677718
5.040555731218574 0.5646677757011624 0.1334741605182694 1.1573789079760324
4.70184914905609 0.3781633678079505 0.8617142024396409 0.7724334521123453
4.874002426193215 0.441693139738311 0.5272294105855789 0.9050165929821606
4.471491878861304 0.4044567400805954 1.3466904038912428 0.8289351138529683
4.893425120606244 0.4449708815955086 0.5028482914072483 0.9116454469072285
5.174055656516458 0.49425130744946355 -0.11447372133893928 1.0128573309987623
5.126536374983531 0.5202911226214937 -0.018886701746074208 1.0662745333711416
4.865051802778821 0.4423117064417132 0.5439411366567667 0.8907166518597848
4.766353276139616 0.4150899942914901 0.7470495678777533 0.855216443111201
4.876648580489507 0.35616217996932387 0.5474498055683558 0.7191747768856117
4.701739694361762 0.4647887593566703 0.8302247532478989 0.966043723858046
5.265096091114723 0.44903328726181374 -0.29723623220784023 0.9064726642108235
4.843237601097609 0.41625914420661875 0.5328614057701009 0.8485716571482537
4.66675323276578 0.32413300557318236 0.9939923850226311 0.6671086094703698
4.86425426523456 0.4914455340101124 0.5332800477504416 0.9992220369653354
4.9782774826054705 0.4082149880785662 0.2265511815687178 0.8528030876880306
4.831481874023977 0.43571598963229397 0.5438548950508717 0.8842564725146516
4.901364292523988 0.400336481652868 0.42935573003685207 0.8248313204674699
5.017466618479233 0.4189558303438095 0.1959668939103033 0.8557778466528904
4.854513020197052 0.39926784875933913 0.5447558686587511 0.8253966502725582
4.960927022271532 0.42136116663047346 0.2863200232501964 0.8759294487352368
4.99703009177425 0.4509459504168589 0.3022902014095173 0.9241344223929374
5.09502009981272 0.4340143900531546 0.07446654252535607 0.8968587729777894
4.891511907177797 0.438948458755928 0.47757482497961257 0.8935481416098495
4.78441462016955 0.4331521156083201 0.672682392783482 0.8872243174413602
4.984581725917684 0.45958911695992366 0.2929453605785731 0.9315851371340569
5.07852046226049 0.38468573456850047 0.08297578273494272 0.7820344299772346
4.9666507762805665 0.3589722486501852 0.28405957586103747 0.7412809038496123
5.138108660463524 0.43153402958856735 -0.04180782417225537 0.8891411846324162
4.57243662715703 0.3253335406564302 1.0334942753576644 0.6814563464135978
4.8819076467120315 0.3350249057791704 0.5649284336481308 0.6888436119545125
4.8123898443151765 0.3738010348915796 0.649218022438344 0.7641276270959899
4.6235333496893265 0.40739198650582853 1.0189370444632595 0.8263333712975187
5.193324503224531 0.41126711762381596 -0.13293190390826165 0.8348145238061332
4.905503536399927 0.43646963038843245 0.4229551729950864 0.9025080129084352
4.763061340267745 0.2910207985211868 0.7546306016776638 0.5811211832489349
4.692945152807775 0.40485040343549084 0.8924697351069198 0.8309707459490008
4.990381673683487 0.4991316715170845 0.26871373094199325 1.021407077349092
5.300355056257764 0.43973741011880957 -0.37030090118138126 0.903666286065586
4.711820518514074 0.4425300016365536 0.7832302446373439 0.8544428290735215
4.996815439019687 0.5117843463246515 0.24329100322455555 1.0456904449601434
4.7456195299442845 0.3838062445422683 0.7246915199054313 0.8033115297222753
5.005612928037927 0.38001773849005877 0.24209746038247104 0.7796432602434699
4.828362726325846 0.4295365124423066 0.6538363039608661 0.887758596797727
4.694928843960268 0.4172955089234201 0.905415648384653 0.8548618620528984
4.660278984046438 0.3801608099732543 0.9272481660317266 0.7681582552949895
4.985580494621487 0.4843013689940864 0.26909491976486116 0.9941084500525302
4.81083902927546 0.48350463253723575 0.6365026132130898 0.996872224247169
4.892688423328619 0.5066142723994776 0.4675229716326721 1.0474381287851684
4.871865633819616 0.43221818549298047 0.5598910326635044 0.8738396224702619
4.8373832836904755 0.4381091664509285 0.5499153969606041 0.910366226124042
4.677791098880175 0.45058233549798643 0.9443160118905135 0.9296183130192724
4.673856066415606 0.3835038983176643 0.9568397006201559 0.7807964227031261
4.967619748554152 0.4376000180116283 0.2986635058918878 0.9032774730809404
4.829245556158186 0.3989216638269785 0.6190405067587526 0.8175448549206182
4.728277912987016 0.3868526399918111 0.8033236205068026 0.7915717940587836
4.7944533411083405 0.4156814591626182 0.6542218857719458 0.8531278099700512
4.761146951130939 0.47984949746853445 0.8018562498557003 0.9797180851394887
4.928706010434434 0.46196440852297205 0.430402183948806 0.9541888911356243
4.631646858963231 0.3916358651537064 0.980137373576625 0.8104876570989464
4.815806336368572 0.42152191220169544 0.6731050345934417 0.8296511245870937
5.04842791611575 0.38753901831199516 0.18114658406172393 0.7934997002134547
4.6148396812668135 0.3937167231455669 1.0370148053372104 0.8143492903435078
4.9521022501589265 0.475379938978606 0.35605420024436674 0.9717685901587847
4.703390704125097 0.37178611368362324 0.8279629707371653 0.7670914651655341
4.969509783255257 0.43414695068076126 0.23163925142590816 0.9041513567635125
4.3969514424432585 0.3516791924643842 1.4608467696580627 0.7239242491819301
4.845054778767 0.43663063759233495 0.5781986732321169 0.8943924161637894
4.6611598372648615 0.3851391543338353 0.905611801809859 0.7865525735503044
4.712442474259725 0.4423908540333919 0.8397127909418892 0.9215440655974313
4.820205655913886 0.4635778194186304 0.6764502868852909 0.9485453158038463
4.795773599415751 0.4582308634140666 0.6066816812249114 0.941539719002103
4.684878781782524 0.3806184133663306 0.9084075290789659 0.7532022586645782
4.968353975095068 0.45528379949617487 0.32933195399001014 0.9331567730153496
4.456757146727216 0.4048473607976867 1.3443783215304879 0.8176456080830329
4.8766095073979665 0.37930385467980865 0.5204638130122032 0.7875222273662116
5.099417343617316 0.4123399828873182 0.06076671758537156 0.8443509851840181
5.140093378955788 0.47017981187986685 -0.030651182642786837 0.9652839431183998
4.639633012873589 0.4565429478127331 0.9505464124549607 0.94324072564292
4.688677755497343 0.4081581140718833 0.8764343971628514 0.8436935539801664
4.874626181554125 0.5080283609828226 0.5236305957026677 1.027516889952697
4.828481081788503 0.40270709325395054 0.6416987982304914 0.8247938555998318
4.808292685825778 0.4688558524635615 0.6463527848841544 0.9478537794093416
4.825008869678297 0.4312240749191148 0.6010190543154839 0.882419438197574
4.999973251432412 0.3573313242466948 0.2370820119342906 0.7392807354831641
5.149991321419234 0.4693925661444471 -0.0378048098907012 0.9601295040360016
4.928805634261604 0.3286948316550787 0.4271277545006215 0.6568674386903067
4.702149119758115 0.37081987450901693 0.9198668897403852 0.7591360637733131
5.159054346246558 0.39636991709249664 -0.07477704158433557 0.80966523311156
4.717529269615232 0.4190172009252025 0.8090901575845093 0.8631506042498147
5.002504689213755 0.5386857885644722 0.22714323280732607 1.0978575883245194
4.747169781883299 0.4395289219523849 0.7440725615662367 0.8950873696794807
4.68221922086855 0.3619993493395517 0.858161917489063 0.7369453595596093
5.115733770077659 0.4100464663532038 0.017227694454183935 0.8179277441034246
5.096098862193118 0.466671565948879 0.08855801048633165 0.9614327003454907
4.776161195847708 0.41086477906325886 0.6627489685015071 0.837942575261864
5.023873606769593 0.4472048710550168 0.18168301247539076 0.908549864452611
5.180596487551637 0.44875409760877655 -0.11410341178360581 0.9235995837816413
5.05666130251749 0.443726032354339 0.11649826853989262 0.9092387377687088
4.725437320905758 0.3575304700504099 0.804539943803908 0.7433274445607904
4.792418226275755 0.41222782394696333 0.6751394868573319 0.8439729393088791
4.646417167288633 0.49664337851766666 0.9339877734148638 1.0112638856155274
4.920871344433229 0.47514452044720323 0.4646391392135337 0.9737024556709912
5.318365444962332 0.4860253103384636 -0.32509416956722287 0.999604391618216
4.607334257735149 0.3907346771326701 1.084237278638618 0.7973889563099712
5.102742820876603 0.47531943981012087 0.07300208599402846 0.9815946189682173
4.736113125734557 0.37165617311624854 0.6939983170375441 0.7425260240649567
4.904558633434241 0.4128548308834315 0.5001369227856662 0.8396482593845916
4.9317949868187565 0.4503320278041596 0.39219358441280294 0.921668981710203
5.006098681158901 0.5062918067179157 0.28045702746107753 1.0312845909869863
4.542445111958763 0.3925917422963048 1.1409535958985944 0.8005834558186302
4.67574188801342 0.40837829888588095 0.8581701214207409 0.810154906771707
5.099802988741612 0.42293805687013686 0.1464218687568617 0.8580811860651489
4.9338514088112895 0.4727851819319388 0.31362952032950253 0.9733097741114236
5.064350677924989 0.42481137082040055 0.12395809767981582 0.8708070201137897
4.9678699153226535 0.4243941604159207 0.36634530423580247 0.8698616884762732
4.998347026645369 0.44926139175214386 0.31189788641951055 0.9214750605775789
4.920593461777855 0.43767936563567 0.48944892408855273 0.8798648607540618
4.456506575498606 0.3757244516448257 1.3605834113116164 0.7763974212289634
4.954122176793169 0.48810657130152346 0.30995226663035524 1.0097356869332341
4.826477314642753 0.5069008882151995 0.6322448718690046 1.0428659027561284
4.521496202024039 0.35507105963432706 1.2093349733251966 0.731237298922847
5.025152828018615 0.4232483340059354 0.23782178125910303 0.8607228584628663
4.9883733149613505 0.4844713587037622 0.2733072607895338 1.003388565241971
4.789520556284439 0.39755947161870253 0.6500073537421169 0.8111301387525075
4.621067423701149 0.48099013200918367 0.9904172156980608 0.9874191389563178
4.732706919433456 0.3955211613648656 0.7925314638279919 0.8040628896119731
4.488425050478519 0.4704774703805846 1.2830393891467387 0.9563316143507138
4.533892193186917 0.34455946125592596 1.2026894781577564 0.7057794082420458
4.4251673956516315 0.35043242769361654 1.3917748646904666 0.7077650328375203
4.502629628517242 0.37672876550244205 1.265086295853797 0.7805668000469663
4.800387128067999 0.46208270017093445 0.6323351658308844 0.9416568804302511
4.7658572095477805 0.436204392761332 0.7364988551568228 0.8965578586745582
4.661914778903903 0.44731596871776436 0.9610871512826652 0.9037493162427952
4.852721514897212 0.45340148083238974 0.4932640624649622 0.9363694801335114
4.918681524160497 0.48427145623273454 0.5033428909589849 0.9819657675380695
4.7417654477430755 0.49747654124220436 0.8053991507302135 1.0303678716470968
4.882663939380013 0.4448283030058567 0.47128068784212773 0.862508930786971
5.150536659046764 0.4478580658552431 -0.01632876106728031 0.9192546833395947
5.2306143482085 0.48660457795915746 -0.19468627708777325 1.0073056282940893
4.773916989425571 0.40992924423120286 0.7482845072515626 0.8397359188404554
4.839169349658519 0.3702535588005798 0.6332358099510225 0.7542569849136121
4.464514133067212 0.3769724993410572 1.4269146794798018 0.7795338392638195
4.674422818734205 0.40306324039433616 0.9591905839279407 0.8243727084106441
4.972216923585378 0.4919718331403492 0.3493589756629364 1.014832188846282
4.983915073782089 0.3099693385129317 0.3087171470888733 0.6399365544499468
4.665112560118718 0.481182760488559 0.8884484270143477 0.9938256108591379
4.795420069634408 0.4259656237705424 0.6748302262255559 0.8728253980678001
4.800916968952767 0.4460961507393232 0.7293334887588415 0.9095849807242088
5.548220765122391 0.48669536654989126 -0.9315913406893567 1.0113594682491585
4.85562713882627 0.43562874627278886 0.5848100262410365 0.8829296831181633
4.937177704989793 0.4007811765583873 0.3268527122555196 0.8315085938274783
4.71567745235008 0.426712894652746 0.875254923664932 0.8557827891907224
4.775097411496536 0.40841967995603673 0.7713968248223935 0.8331688636497669
4.861812696495063 0.4428918731059879 0.5307172288677917 0.9149522733736775
4.91559357562214 0.437926705494205 0.3926321755267964 0.899209283725773
4.691276105232922 0.3888806329790451 0.8880010148058972 0.8001304783497086
5.213484471893164 0.38651583217264207 -0.24150005886212592 0.7931649047532461
5.264205783724107 0.381266898919136 -0.22847047978035767 0.778285343118905
4.75998675653329 0.40980249105255334 0.7624891802368974 0.850711117830498
4.654030897032001 0.5136350799472016 0.9933187194119439 1.0533038239574026
4.891268413548923 0.4895725974296777 0.49633930566064954 0.9914567972600172
4.889408427258131 0.37426522613845037 0.4811976580120023 0.7787862907414441
4.956128582127874 0.37529033158194514 0.33006831472806286 0.7634244604667749
4.492078321463621 0.34566404071042056 1.2736499889745505 0.7116296774029055
4.8902971736336625 0.4179474983778649 0.47021234286225955 0.8483549306676325
4.4505299157503675 0.3871516087227416 1.35436134258302 0.7957868138861094
5.145730575023123 0.5231580019714515 0.00043151005309102763 1.0656134140210167
5.005680088537379 0.4718809079300403 0.24467615552063465 0.9639434699994764
4.717702695354822 0.3732624192955061 0.9512187056107264 0.757813479861615
4.879336210998381 0.46634888781931033 0.4669454090527863 0.9708587549964552
4.7319284846915295 0.5009824805438771 0.7468377413621322 1.0312459036499537
5.042212526032769 0.45910829875248327 0.1983116214444588 0.9420912406514037
4.727361474334227 0.4439513005444181 0.8325822871006974 0.9024089008405274
4.815366329104757 0.3896088985409579 0.658700717802865 0.8048740785615637
4.613346878518977 0.433288963625493 1.001108420199438 0.8958501264736053
5.142324873263232 0.41811111111265464 -0.008609777816572736 0.8502246845384456
4.811522735962688 0.44442198835751445 0.6279826026064488 0.9110767888096004
4.657963175504516 0.4927937274632502 0.9770253825461697 1.0097731070272546
5.064882356707601 0.4839375368563677 0.1715808036867621 0.9890274731707351
4.693886691471025 0.41966247668352524 0.8382018423461977 0.8578579810244162
5.211015883534813 0.43596315840395683 -0.18508708248339956 0.878603935661454
4.796205884726094 0.4997486846611873 0.679231043803272 1.0331328444857195
4.596274722658313 0.35288364621990675 1.1142824890336038 0.7205186044312659
5.062971160161693 0.4547539802228592 0.08156520414867559 0.9277189521648679
4.678119162972326 0.4518625050592967 0.8945574517805384 0.9260968106790176
5.102290741588245 0.5002708260236326 0.06712797808116597 1.0054225558343475
4.67956984758192 0.3807995973658887 0.8939316482531667 0.7850097004484575
4.748653351718344 0.4568798339917556 0.7389840161306651 0.9368528048308824
4.681155649396088 0.4448045406536331 0.9000500646961787 0.9019351522418662
5.051505709690122 0.4709856670875682 0.10183558557894523 0.9658082354249161
5.163681428755001 0.4393448699051315 -0.11655539145207744 0.9048172695768795
4.8881107179603 0.41770232747991226 0.5128765428374435 0.8622363842752185
4.811900311699482 0.30815263181048097 0.6058323152915017 0.646433062632299
5.176678884427902 0.48476809920144215 -0.08478305813355849 0.9948752455993864
5.442105561389878 0.5441072094550831 -0.6427743783082405 1.1157455252186128
4.900757079655538 0.3717826165317425 0.4188502699150304 0.7594785777197091
5.037340239096025 0.4029477746373653 0.145376900737754 0.8233426960066413
4.73609952084556 0.4374155183387444 0.7501182504286652 0.8996069280838712
4.758859997277208 0.45802501910303145 0.7312073004361156 0.9423428404037101
4.893517886120598 0.4397587027384295 0.4914361021277607 0.8964668073648525
4.738814654683194 0.43858274022163357 0.7782917691022095 0.9028984398411736
5.300717748684226 0.4286924568063276 -0.39164749319119274 0.8778133885950617
4.798257707325341 0.39407955636652936 0.6322343342111224 0.8072954106239504
4.753755003636179 0.4543924056429214 0.7489684062213893 0.9337864473584011
5.113304032967887 0.44001589474035496 0.003614192623605267 0.9031435832690901
4.840896152528581 0.49663039703382256 0.5707245671713159 1.008914381893159
4.710321732730657 0.4156899517870977 0.8307827779347012 0.8621095691410667
4.463010504227663 0.3988967312916672 1.34070428813722 0.7905651875918144
4.733490846542557 0.4195454201646429 0.8098312306294837 0.8643530382002775
5.081126092274586 0.4494385485656875 0.11346175020519875 0.921881863847925
4.900760377943196 0.3897405748263959 0.42460500993071665 0.8026703527840813
5.371891203417725 0.5242574070208996 -0.5250577564732428 1.0741744495514973
4.833974894315399 0.4729009734519688 0.6804104097520586 0.9718282093010051
4.630130800991205 0.35002902430704674 0.9459067939657341 0.7081946625137244
4.780561907778117 0.4322527426163449 0.7173069726895362 0.8637454088090278
4.726548375624699 0.42518438847596934 0.8239258655110334 0.8822491481741466
4.48322291816565 0.28526371851311216 1.2657820175255305 0.5788548198987618
4.720718211475247 0.35463330745151234 0.8485940989458608 0.7329985328308766
5.306472854753628 0.43736108163744825 -0.39626142699358247 0.8771829131795154
4.959537852329082 0.5344260030113364 0.30576247364173326 1.1107978641315157
5.05297420850993 0.39547944786290506 0.1923916768431237 0.802370123563095
5.18333690676187 0.45152526133799814 -0.20567337168482497 0.9243107861187815
4.730870168513282 0.4201313520922743 0.7890809134431063 0.854130864982945
4.487235814202852 0.36743108987398476 1.312873468283696 0.7535840441195168
4.742815141523604 0.43713681782480196 0.7862878021659723 0.895217089038503
5.066052178654266 0.520057710865749 0.10476917472138865 1.06924624239323
4.859609819780685 0.44471297936272375 0.5570676031061217 0.9181362878984121
5.137361201869266 0.4447530822219811 0.027886175699120462 0.9043513867324063
5.193679014294582 0.48855734350470426 -0.09295781046068559 0.9985462213149054
4.881368527281213 0.4474763920855188 0.4864908614132259 0.9153554318428616
5.154266686294995 0.44240017859306946 -0.04699928534291162 0.8900331711544721
5.2353066420610705 0.4267211258652559 -0.22864733789402172 0.8701055060961809
4.579313938777575 0.44241126989762963 1.0889183546468884 0.9115451196341895
5.206017138094711 0.5040829687002254 -0.167427141613581 1.0381740266515844
5.213746112684665 0.422553914905769 -0.20915855088363824 0.8690797802024829
4.729829275210179 0.38144886012295387 0.8095344383322673 0.792497129611751
4.694394932402881 0.3401871655348439 0.8684328850387453 0.7006169674777252
4.886699448152423 0.45586935607227386 0.5158880925419237 0.9273096989538202
4.456370719792695 0.38602578111903274 1.3232523278075385 0.7952128969346218
4.615996169526561 0.3633752203946342 1.0147499309013106 0.7418019211438608
4.776299848472362 0.3977895437326081 0.8017713791623338 0.8080134893914487
4.6670638716813855 0.43348716073848026 0.8864649666299917 0.901067385123088
5.032775839913615 0.42502415658643244 0.19390595039375316 0.8644050554164511
5.078577152703264 0.3613056142677172 0.10958596036547594 0.7409122101174275
4.502688107966311 0.4473532827648963 1.2329580553847586 0.9286029284641479
4.497692342686589 0.39098870170937167 1.2547255311773997 0.8019115145553039
4.969133607723007 0.4810240261860458 0.2762255487339905 0.9829619294591592
5.11666876347716 0.38946015118303706 -0.03294527955709628 0.7863111717249902
5.111730753622453 0.43232657532978 -0.003217307364039884 0.8990602380539916
4.520077197045376 0.4648385401054207 1.2612424497300656 0.9557114086098685
4.86460504597308 0.3994726221624009 0.5152420671925805 0.8144683240189186
4.960309266986232 0.3775193699672729 0.32696209987071856 0.7852778704928115
4.805603387649328 0.4009594449834571 0.6227340391069223 0.8178808050671071
5.0044701936585145 0.3929976366934212 0.22994992263115074 0.804412785099071
5.2385595289818845 0.5179066059550256 -0.224070941305114 1.0654609006155846
5.023153731565941 0.4382632117538848 0.15606703349838766 0.9073379478538909
5.042148311632231 0.4569959577662767 0.14739288664444086 0.940128357862143
4.514773672328092 0.3914271321046775 1.2276135053960353 0.8034641017454518
4.909903083972479 0.44467867682362056 0.41794574895854936 0.9150248669891211
4.9095610811477375 0.40852276677502514 0.42803304698550276 0.8352327518604552
4.789748531243632 0.3523847154153832 0.6539525071605622 0.7210527273358376
5.3368322003899795 0.4522055180839541 -0.4526185914226401 0.9223387465677763
4.906764311820538 0.3975149161268608 0.39906216536881617 0.8088442663870665
4.576486141922123 0.4351043400292614 1.098034327551072 0.8994411381540459
4.8685238167874365 0.4903889828114455 0.5611584471036386 1.0004576585098857
5.157050143084922 0.48033029501767754 -0.12006219337627423 0.9950262723439771
4.837155686150542 0.4118983523309248 0.6322124931279104 0.8480045935226402
4.884180143709187 0.48098841185138935 0.46232191640361237 0.9862615213270503
4.550987091347008 0.40515556857528 1.1998376781480866 0.8287093996902167
4.728527470740698 0.47320344370364553 0.8507247273594448 0.974790396655783
5.249734101310269 0.4520160051053596 -0.28419882899472315 0.9183075097105279
5.045752018667613 0.41465869880359485 0.11146519278240191 0.8642306263016798
5.220576291137144 0.47283744125558513 -0.20484178486847654 0.960576487938144
4.710039570619482 0.3635002686241352 0.829364987256376 0.7482468842177017
5.048881050970941 0.44539315043647487 0.15605296742438893 0.9088636177971935
4.790814494899532 0.3885450263686745 0.7014791191975096 0.7939586621106277
4.995611201359475 0.5127580925443774 0.26302422548231874 1.0477415609047225
5.074784061685845 0.519481419488683 0.09612959072719933 1.0574379466040011
4.5671351367425945 0.40390262495596285 1.1511670116570416 0.8248645630834406
4.901298873041793 0.4370270087674125 0.46378391899387733 0.8923134361674491
5.102350923265302 0.4397417586475844 0.045121355932433035 0.9118997391688101
4.905277078291633 0.49268164420179494 0.4512340461756803 1.021180655829622
5.2077832696273765 0.4232249979336811 -0.18284184940855153 0.8804558601345697
4.889607710244399 0.3629702278360571 0.4764475151770081 0.7442397632901366
5.048605926869168 0.4011956221053405 0.15354864424195963 0.8310340925570507
4.722523773025928 0.43091519454716565 0.8088833296734168 0.883797117930927
4.914496899431658 0.5142596468524318 0.39254710315413055 1.0447711433773026
4.804703930974156 0.4034219992297186 0.6247672902822392 0.8179337040666198
4.7405481557752545 0.4028879045139304 0.8145773484054302 0.81523392685386
4.890586896681369 0.4417037748919285 0.4527722793668813 0.905208731057904
4.85724860787611 0.48148185929455634 0.45659231031816605 0.9508030686243804
5.017953212832657 0.40434554763891806 0.16216732106740922 0.8416693658493429
4.704416031666729 0.43115592424863847 0.7955213534535522 0.8886758920421861
5.143390659069523 0.43751290735084725 -0.0279864042839532 0.90324749326363
4.860642473194281 0.32300458669344356 0.559576920118926 0.663015017424133
4.788531904681283 0.44053720805109964 0.6824969326120824 0.9026519997544541
5.169966332340838 0.39412958558624983 -0.0372587771527465 0.7972177403406638
4.696766731290381 0.42858779311596185 0.8615190381552491 0.8732232511147445
4.6946478081290675 0.4114233157004944 0.8225415241782814 0.8588873131214703
4.725615622932683 0.4989344532525027 0.768891436064123 1.0229047529791095
4.625414401913912 0.4242512620185772 1.0512133376380235 0.856061454396097
5.171868296512271 0.43272270856323436 -0.1573963146486106 0.8875809883473305
4.80544419948809 0.5293295353240117 0.6507256836532853 1.0906405063171374
4.5922308553545745 0.45008480624918046 1.0978172973898215 0.9260049039722954
4.789559200833153 0.5501497573626478 0.6770871950064019 1.0926991680458273
4.89294417361652 0.46405330168983894 0.45333666337268164 0.869134543296883
4.956742739620628 0.46267561909941946 0.2878445616337605 0.9654503210437518
5.167345355961356 0.43973557260025226 -0.10765459560044396 0.9050599836914903
4.915166161729609 0.4332351545686494 0.49476157783631647 0.8846827182189491
5.05001532263097 0.4214518508890963 0.14358143875886673 0.8410736628274513
5.1155931064677524 0.41618756719309274 0.053243574512339575 0.8525092245535764
5.05685181924205 0.4497951140973013 0.11426978048748734 0.9257638440997644
4.821579766338348 0.4394022779451457 0.6160561516416501 0.9006834164544293
4.872316156338551 0.3694767136134316 0.45777383041195685 0.7540594915371684
5.2174429647820455 0.49610758507989033 -0.17019402239335996 1.0159945480607429
4.812454154272389 0.3873836452238259 0.6191673932389294 0.7951542887888123
4.942075820600561 0.41229813185803443 0.3907031668493371 0.8460538871211059
5.0446076344744455 0.4823232666157853 0.1384810559648137 0.9874027669581324
4.876652351710498 0.3931723177310372 0.4885266944655813 0.804519139199987
4.780708746880949 0.43434982713360126 0.7168788419637191 0.8936383720378628
5.072186208646672 0.42901080221127486 0.0938945276557925 0.8807122092619913
4.9217788204504185 0.46498402691594914 0.41956273817749007 0.9495907127584733
4.781403300019041 0.439245975651807 0.7219698494272989 0.8880725003553019
4.5083157926646935 0.46909511366295786 1.2759710176558756 0.9398357937330858
4.889508463950243 0.4331760603870891 0.49597557252240676 0.8788612898292933
5.047176539089815 0.35639020801133087 0.08573104878423128 0.7342418971495888
4.503297738908923 0.427461392672632 1.245613187325811 0.8819681535445021
4.778854610107338 0.41784283174717485 0.7423123329828988 0.8594882070465307
4.7574099317510345 0.37410793093845696 0.7762247038984602 0.7697280213944938
4.696379974711288 0.4099846315309937 0.9058409910233176 0.8511981156932754
4.734801692714123 0.3871196292592504 0.7939342446181141 0.8038923358483537
4.985870026488681 0.3872253395675959 0.27506478594694783 0.7950945067919304
4.894658434913423 0.5058617868054838 0.46263799081024637 1.0502346492103745
4.51159260342843 0.414225993893194 1.289363940304698 0.8501301143556333
5.5093157189221085 0.618278583331035 -0.8169521820622587 1.2751350362231415
5.171208588719357 0.47945005439197497 -0.1285745289873707 0.989127702206499
4.804107537360291 0.42230504586795486 0.5887396305016954 0.8742165329126408
4.775752677817701 0.3692694602863858 0.7338302714000409 0.7461055268967821
5.198118789810389 0.37828931824946377 -0.14228403587369476 0.7774791271150295
4.814824520250259 0.43047464686104625 0.5888996355083724 0.890965567266663
4.392543892417611 0.3721867208736345 1.4622302008974164 0.753500145950095
4.890273957415582 0.47679687273844773 0.42735671425422195 0.9798755872331736
4.8573927796573155 0.4131980409744704 0.5493013130411282 0.8277059547156088
4.936405727974607 0.42712200822049473 0.39476246879450005 0.8621265459722058
5.013909105675655 0.4410563993807035 0.24404119332159419 0.9134050350551787
4.745620935682359 0.4294670034794841 0.7659542827539053 0.8860417619709482
4.519561978155869 0.37246114629979643 1.266355609460434 0.7626126362257568
4.666881409204301 0.42591411902978354 0.853933756674943 0.870279111510736
5.0691788712512835 0.495090343479171 0.21440703074677395 0.9973668561393607
4.983576070082718 0.4312877892420577 0.2367051272857546 0.8838161380133989
4.971796150913407 0.5003721649065274 0.25165214330120445 1.0246213993297615
4.787359169575129 0.45115289426115196 0.7017339198335731 0.9159834995703328
4.376097610435737 0.34843082664395414 1.538410212338257 0.713829560365202
4.7750789784753005 0.42338897122261115 0.6888320520656963 0.8533727439100124
5.027253174671067 0.486891013432116 0.1330783968674173 1.0015426734763369
4.9086094099652495 0.4707705575399092 0.46532692245260593 0.9666727875301316
4.82131277495276 0.5218249851105622 0.6153510798616668 1.0597648254304661
4.8995208067352625 0.4459863124779562 0.45503536094296493 0.9194941880634894
4.76854570858497 0.33244716018766424 0.6488096041043312 0.6886392632393952
4.756123638271784 0.46333285932551066 0.7498692411441022 0.9403451451140762
4.931360411621467 0.3934360918264252 0.3562096788590754 0.8151333191184506
5.117668979564142 0.5075201116784158 -0.013348474947287747 1.0556021434456884
4.895623535031575 0.44050917013417495 0.5026198740687784 0.8920793391655599
5.087194350974471 0.4358202864740639 0.09751730091794396 0.8809862714444321
5.563683811248337 0.625743862788507 -0.919794845340542 1.2750198168607805
4.948626490282498 0.4138985566374997 0.4304324213152625 0.8454210838851182
4.959422853786927 0.5531671742384504 0.3961972209421061 1.1336528587576815
5.025209441437355 0.4611599904960747 0.17483699710348533 0.9587148737612248
4.719231305083588 0.45887478486866484 0.7987465918320771 0.9389799334187098
5.133088493394136 0.4883311174884785 -0.00514280586372412 1.0031411781916202
4.235042802237332 0.3364891856442603 1.8168836115676545 0.6930530293282956
4.894357299934084 0.3997504273458556 0.4835355335511837 0.8177309652777851
4.986162823755018 0.47378610056737824 0.3062759223734591 0.9643062103841261
4.919911363501847 0.47487659901664864 0.42118472614161534 0.9842595342845184
4.858979325359249 0.4109964531100678 0.5341458765017295 0.8437510301715512
5.043432300938047 0.4513231500902955 0.12623996089886697 0.9232183210022643
4.980700778621628 0.4097287917081824 0.3083463656970623 0.8428012972461043
5.0144303974058175 0.367736061986633 0.19485904720365885 0.7593755142941183
5.033335735238229 0.5407308616038708 0.1781344919348537 1.1175224859497124
4.8949368938300255 0.3818626340341577 0.4296562500271783 0.796905527928019
4.819804800262492 0.4506982714850205 0.6139933335152836 0.9311691202545653
4.460594229737888 0.4238625103018026 1.3502488016593377 0.8558905755030286
4.8244908487564295 0.4288275280986089 0.5518030017449798 0.8670047929423625
4.587097670089442 0.40374575208968166 1.1060829240694479 0.8281731417821553
5.43193374771721 0.5322686931697312 -0.6557020128184198 1.0985651322348915
4.715915831106987 0.4782320257167645 0.8622666113998859 0.9818347317860648
4.645579398248087 0.38201314183338786 0.9205639502471117 0.7805787588163802
5.178432568359256 0.43914223683531456 -0.12478744827527383 0.9023992548361283
4.467201200952079 0.38308432917226237 1.3676968432561607 0.7711991626419857
4.9075184856688825 0.41303482640585715 0.5110449287650255 0.8593172708769042
4.589116677316005 0.4141010969700393 1.1247487367907847 0.8494700533711309
4.894008906713316 0.48836206170381724 0.5085385229500572 0.9887795114906033
5.093139447103262 0.4492368574872246 -0.005317259414378744 0.9243394245307571
4.938970240416393 0.4525853083629739 0.3777737263129245 0.9356332771537101
4.552289184201767 0.38977407075850673 1.1396038401512854 0.8118045996067309
4.8508691972380715 0.5069011777675524 0.5685699814008451 1.0241365726033114
