3.473762351623286 0.17286917884572384 3.3737677757170697 0.3562118571588938
3.341612806458156 0.161857343327585 3.630038950693245 0.3321526732117656
3.324338412814482 0.15188754572892676 3.657114771176961 0.3139179014794349
3.3952144548824887 0.15999995225720057 3.5751024965440337 0.3282615277605004
3.4048011561312475 0.15556936736739957 3.52264710194658 0.32133654929001815
3.6290103731590033 0.16188318190866624 3.0412307647574366 0.33212889781336985
3.3229277629480194 0.14574075810487894 3.6763083023198346 0.29997790771523075
3.4567741377641514 0.13156669394915574 3.4022756163172927 0.270012296008979
3.344132169642336 0.15753516178919857 3.6694600349865114 0.32331542002081487
3.2676680435831846 0.15602833905179334 3.7830159829158507 0.3176401940002104
3.399550498680227 0.1725417817214024 3.507810217540822 0.3603970315357851
3.3966956975797897 0.16376203881143242 3.565381332061326 0.3377140463696261
3.3424002954176517 0.15149796832279566 3.666155235027465 0.3109797683481833
3.4473268848172403 0.17612212386934586 3.448793108329077 0.36052641709901556
3.3529153376843377 0.17273281522382058 3.6529477143154256 0.353663468466842
3.432194007441818 0.15321171277969767 3.458365418453014 0.31408768580707996
3.189136673335647 0.15750679930691536 3.9562765400271456 0.3236438943700726
3.3553994345619254 0.16808227561606479 3.611136800408425 0.3465464738142528
3.363902418095386 0.1515349195494463 3.5889817096565366 0.31012176540545017
3.4307300909450715 0.16962671136521457 3.474852643570556 0.34582908113358846
3.243270418710455 0.1458205834486734 3.885281857870186 0.2972250607282938
3.295221274669721 0.1580471852676696 3.738068236486213 0.32551490693757923
3.4336758533021436 0.16518556553115352 3.476564480327058 0.3404420155421789
3.3806811492681446 0.16983011401930168 3.6012102421996017 0.34747454807897005
3.24706188093986 0.1672420868105439 3.848894394293754 0.3433498613037296
3.3227946461718307 0.16606194708089367 3.672143529487465 0.3402999492983838
3.430785453204105 0.17693711579680013 3.4509439701043663 0.36446628257476965
3.431609122138683 0.15634844966708827 3.451220709362934 0.3208605834453991
3.2688958416764997 0.14366084660557482 3.813290748024501 0.29524055059001947
3.376547281084211 0.16528694501939606 3.597219025459588 0.34004997343271964
3.229187800599838 0.16411366670994787 3.8623238242971825 0.3361511348221806
3.571630255753858 0.15732620725792584 3.173664620072545 0.32362859386357595
3.5692590096613195 0.15262559499404577 3.21081511186833 0.3113087050107756
3.316333533997421 0.1621626790324713 3.685961020065525 0.3323510056960037
3.3071815154758024 0.154960042813563 3.718789422055955 0.3197339188579485
3.485796794679639 0.1588635376135586 3.3762408053696977 0.32805149105947584
3.403322518612115 0.15731081649610354 3.5044237983840185 0.32181239360559055
3.27650525997545 0.17166014673355484 3.770855998056078 0.3539234872337982
3.318073894046216 0.16112659735070764 3.7041245966743377 0.3284927602239936
3.3252693981863164 0.1641440082722696 3.685764135574474 0.3397310100061204
3.577997094039464 0.1754827822453908 3.17155747449684 0.3589671226454647
3.4449468211697516 0.14934702304096462 3.451182143100186 0.3047865523088492
3.2498208249284204 0.15789223606227318 3.854193335795504 0.3274482489597681
3.313599936894617 0.15090204254920625 3.6911690393758994 0.31134039189754736
3.3755036404341308 0.1546388269747878 3.560744332125468 0.31633312306537253
3.36587371214848 0.14769698230077663 3.5922162875748054 0.30433604771200873
3.2701202824657667 0.14886214366515807 3.809557389149725 0.30787352737088713
3.401553846442642 0.16442879836361338 3.503945436398835 0.33901759187002883
3.3223887290722125 0.13530908278598763 3.6946691715677353 0.2800682437321541
3.304748287658416 0.15466053665143523 3.7019099512111127 0.3175325901624962
3.5001433611434347 0.18024225812822406 3.3140296783020124 0.3705989016564147
3.3977156994709845 0.16472233403130462 3.517509919467847 0.33733374976310515
3.350897990680055 0.16183092014798223 3.666730987527234 0.3301660285098389
3.68133338268544 0.18712559911044802 2.9655593464052936 0.38268325908381695
3.438544095978897 0.15707633521892148 3.4588032406614984 0.3228111637777424
3.2940480534141727 0.15612702212922333 3.7055561254535196 0.3200242006766471
3.4458526298532925 0.1585381818882367 3.4325589922976643 0.3233665550650314
3.259151412425353 0.1583276222138381 3.793008728008673 0.32580721379526467
3.3348523906908083 0.14757713812994566 3.653793288782092 0.30186823626219866
3.3036568685807643 0.17547165027832337 3.7534906998080366 0.3624582517870268
3.2870141887347866 0.15578404853558125 3.7645203515382804 0.3225472617180135
3.3061067643785806 0.15984495991554243 3.733274702392268 0.3327198723600626
3.3528095740518733 0.15968146705928107 3.608747227987042 0.3289835830049251
3.482917439448405 0.15806058019184768 3.374483121175609 0.3245650602572709
3.406454892276099 0.15410274092656218 3.48845932891701 0.31457780397251467
3.280479426756716 0.16930876477514073 3.794633926925905 0.3487270114313716
3.3441087869411863 0.16509246212471756 3.627490655422789 0.33961224966278664
3.2961116623717372 0.16068199947837852 3.71104552179413 0.32728629681656696
3.3535917354015883 0.14146333080782617 3.634140648412422 0.291335868628867
3.3949313160714696 0.17041587650433487 3.5414616516371713 0.3504312219668253
3.337968318223764 0.14996933159594814 3.6635953698663792 0.31017894383347455
3.1781965075792495 0.1503689965968986 3.988558558369098 0.3144693484375422
3.3594191143212515 0.15786420779213567 3.6281554994030922 0.3202072324196345
3.448934004540943 0.16062318824170788 3.4326288421970164 0.3277368223693073
3.3919999644257013 0.1759683745028646 3.5584255759980055 0.3623872488242745
3.2653922227470638 0.1583856244842894 3.8254013869855807 0.3266326769069518
3.408767534442715 0.15588027914205266 3.471871513313851 0.3185581717192773
3.449880428547984 0.17124757722628145 3.461588569679942 0.35045524850693816
3.380632824601403 0.15848483216868542 3.575011054304115 0.32268846219258046
3.2598374376648867 0.1484594503989572 3.8309695883165724 0.3031531996455718
3.2872557123470747 0.15416824100990964 3.789178180743657 0.3185745515390655
3.4593252895846547 0.1598636627604239 3.3950791086139844 0.32850771539098794
3.289251220389259 0.17027811245802751 3.7342526525388307 0.35164060915455464
3.2462050605458197 0.14752315465349222 3.8658684087750057 0.30479649918477125
3.3088514817404464 0.14916937039005865 3.6995016649457435 0.3094100349767319
3.540668695953982 0.16685854193416988 3.246091262214695 0.34156375171785475
3.2415759659706502 0.14801169401646666 3.859757511216422 0.3047282698126108
3.2424382212139475 0.15089967151993638 3.8353964224174426 0.3101405325186588
3.38585007264586 0.16808199519206107 3.5474348417406016 0.3458183881879482
3.3240342345350857 0.12707727287126674 3.6928019493743003 0.2608130170982636
3.171035371079622 0.14913913255315397 3.9984517444668564 0.3089679903947683
3.2725778495252484 0.16713437345685775 3.7579704487513066 0.3426891535980669
3.289692851860547 0.14283419649985726 3.7275960853103776 0.29492541109150383
3.337063887909453 0.15326923290590486 3.681908570411605 0.3153855489498819
3.372048574918873 0.158002340111448 3.5800451908140127 0.32628038779808777
3.355270498353405 0.13941736238577832 3.637277897738967 0.2879549967371528
3.4641590738118464 0.1571864680402867 3.4297867421672503 0.3244458762913959
3.221614131288371 0.15354886004924576 3.9101984150839075 0.31466192115777547
3.413739993729357 0.15269343807118946 3.486568951598901 0.3141788383612833
3.251297959059044 0.16018933288864826 3.833924755224778 0.33188485966576636
3.280866132309102 0.16260837788016647 3.782872074133787 0.3336211446498993
3.5538016660779688 0.17303062145444448 3.2304234659781086 0.35897165977003426
3.405080597127294 0.16501419585764232 3.522032912316682 0.33877355461900854
3.3341794173123405 0.17075905200598215 3.688293060298032 0.3495611354015448
3.390603494348932 0.15119294098049516 3.568044014473296 0.3117743454490588
3.510502197336091 0.1759386365067441 3.3140596702588114 0.36084913463281487
3.383883778407724 0.17176162372031298 3.5661174605694015 0.3528216273924038
3.3939062787440686 0.16050856562541727 3.565114374481724 0.3305883384563988
3.3394210162608418 0.1675645660771113 3.6683434789314093 0.34383179134697833
3.5274021099201427 0.1660356423009381 3.280433663026472 0.3409103845082516
3.2892780952851544 0.14944112549619834 3.7443865045359317 0.30937794653648915
3.276736171526793 0.1471520534925033 3.819829826993539 0.302506084239039
3.3738288274528756 0.15270903729425678 3.5907489412321074 0.3163983808809832
3.314699778836157 0.1527322840300431 3.6883111827378787 0.3135935132664563
3.3939367211979894 0.14373791019637372 3.511119504000658 0.29580666549919965
3.291766104378754 0.1509609058386405 3.7675485403455635 0.3108342204882174
3.415167981383018 0.14034349632391913 3.48570187765149 0.29003084540883745
3.3224741831637132 0.157112501346121 3.656561023433593 0.32207645878534263
3.345244851938989 0.15653252042052399 3.631189603950224 0.32178475295615855
3.355392231387629 0.1637791658780412 3.672500803460995 0.3355154419554241
3.3891715729044725 0.15812011434537124 3.53478759756568 0.3215105399244708
3.302995659306756 0.15019056382737836 3.7068256914932842 0.3099843918262816
3.3956410876034298 0.147198647062514 3.5411584555723996 0.30377420128549687
3.2559838254718736 0.14889830951169233 3.820579870036121 0.3067780716567938
3.294468167134829 0.17924486605202616 3.7489915802317553 0.3663407520002374
3.390374762445493 0.16812007012591398 3.543977644947315 0.3411838291907809
3.407201086001974 0.156730912729577 3.526978201990799 0.32157473340346776
3.558709241094074 0.17324897027248579 3.2060257545165074 0.353431376904657
3.181100403018317 0.1659623562644847 3.972048894746511 0.33813490442320976
3.406819432216846 0.16165593428361597 3.485362042976786 0.3278092951454193
3.2971993807614446 0.14914447688913532 3.743364404887861 0.3033612495049504
3.301128789699085 0.14810746936377708 3.7140907553927063 0.3042548557623379
3.384892036135838 0.14357023111346393 3.560591218458312 0.292602971907221
3.552175123809387 0.16547172717567563 3.1881528222192967 0.33999251820202325
3.2069752775839024 0.14259447882460788 3.944984400863174 0.2940109072045147
3.351785891486089 0.15623545249361842 3.630858949373374 0.31976002380546303
3.3773302974918455 0.15366500125682195 3.5635009388042773 0.31510450354525765
3.4398090255144895 0.16001536216093576 3.4639681047504514 0.3267244861585848
3.174782051420065 0.1674523939263382 4.014887705809629 0.3432683482290361
3.446783657184412 0.15725541406821342 3.4383702545606583 0.32287331593368035
3.3752273382948936 0.1628372995312493 3.579966742351666 0.33418261440681
3.3197943609830824 0.15902317371772418 3.7033577043443913 0.3256407368365338
3.4083941531660065 0.16151525639502673 3.4850966561685053 0.33134871392071935
3.2824181360555347 0.17516088126240728 3.7483324841616277 0.35923171886443855
3.2226972826163185 0.13627152271351695 3.8697522700079174 0.28050557940535625
3.4520771030411463 0.16797394808067864 3.4211254809100624 0.34560205025618984
3.4421695042409297 0.17473559181828563 3.44525009861269 0.36051368300735254
3.445289541808542 0.1640970861003039 3.434894501236462 0.3343604081927473
3.5220685758353207 0.17306677702365875 3.250982880338368 0.36050059940738194
3.4653678770076772 0.18495778575742186 3.394624617608102 0.37667600816050995
3.329000814462966 0.14984733439141362 3.7157573084349678 0.30900614744334076
3.3488038842898913 0.16535624917960492 3.6211871761985366 0.3396580520098984
3.36325311739973 0.16921475880115272 3.6042048401809534 0.34947735554866194
3.1590549246259965 0.1478476236601514 4.0170380145047835 0.3019447359672909
3.2653472888301494 0.15661396509780462 3.8384019829803346 0.32283992815372803
3.222035357588453 0.1561916562306863 3.872004090544838 0.3224337779283523
3.4373426582598663 0.1655260025146755 3.454559220207027 0.342213554966796
3.260052168066947 0.1494882320870566 3.8123802980700203 0.3076637512424209
3.5148732405890364 0.15667215559093395 3.3123732698372175 0.32189939139197915
3.468585059112741 0.1659192892544897 3.3680104228605687 0.3393280095341617
3.4171822324090018 0.1475374558501467 3.505657872909952 0.30300443813110434
3.335550542878117 0.1511323466448425 3.6684637834329856 0.31139938807143397
3.1486624375392704 0.150845263951057 4.043116520627407 0.30962942335821203
3.444157338519709 0.1672076842566873 3.428613194445334 0.3432999207343612
3.3402703643393026 0.15454256466154961 3.649886040274624 0.31664827874800916
3.3241745196228503 0.15631475682975138 3.690410510070654 0.3228621058604811
3.2294991279844725 0.14982630008689668 3.8795772965993613 0.306981235234337
3.2432410620667245 0.14521684107479657 3.8607881641003186 0.2979362070095842
3.388911748690922 0.17099358033714962 3.5483110573041707 0.3528039235249044
3.4888789652600876 0.17498939329934166 3.3100831834769346 0.3600728341409077
3.2063475157778187 0.16648025114871548 3.896611502501443 0.3410221593998426
3.2859681733266326 0.15776170586440671 3.7557528100391413 0.3236115476869003
3.54873185184476 0.16024950124152507 3.2337277498086756 0.3291420658117049
3.437235107281297 0.17128390746907163 3.4536116698356905 0.35150560995047087
3.4603499612221897 0.16208366918392372 3.4405210274994458 0.3307662344295449
3.1950959538603376 0.15820499202815202 3.9658896060303244 0.325376243763115
3.105299862721536 0.15568788073729906 4.154122091011551 0.31910766253095335
3.4473634656786976 0.15490660265965409 3.427089398573752 0.31812184260486875
3.413241110157542 0.16616837767054743 3.519862607919729 0.3443037381943078
3.327559831333693 0.15093447458386666 3.6772160437779107 0.3119756306128265
3.370270000948656 0.16063758391921507 3.6279119566456766 0.33275766070172585
3.2626355190631893 0.15888422293609794 3.8125367997637163 0.32759004518119517
3.562403562941391 0.16651470535336327 3.192346286152902 0.3433712871905377
3.339031393753306 0.15921496590720402 3.6567891972784565 0.32643864553298807
3.509002518711569 0.16298724834586886 3.299415263637809 0.33113385934615075
3.273786888964097 0.16031731503961494 3.7696758724042976 0.3336640599121189
3.5317387545635763 0.16191892545605205 3.2307016297946127 0.330048967244905
3.292670375869513 0.15491231635904734 3.7296408915437747 0.3157566108583797
3.310291303976279 0.153834653328893 3.7134772569765353 0.3210482093822981
3.345143823610747 0.16885081940309188 3.6439059245588217 0.3484434934019338
3.5301397557720797 0.164728212874164 3.2704589010991603 0.338513749044853
3.350803847218442 0.1608136913556491 3.6164211066158374 0.3287511917370275
3.429490048450358 0.1458135533692157 3.4687615644372913 0.2995542648834574
3.448699759180066 0.15769727564570335 3.4218369973039033 0.3225615722631074
3.2797253643586535 0.14997090636836952 3.7973125522122753 0.31027436590565827
3.381113783680272 0.1670660111599506 3.5571658485638666 0.34303671659175566
3.2460441436372163 0.16781870505613763 3.8515612849961434 0.3466614472624056
3.309062060907519 0.16291946319262376 3.736437185969118 0.33448084433384684
3.441112632418127 0.16248020526566906 3.485292553048752 0.33458317417449224
3.285718126414269 0.17843073685184396 3.7710092844764995 0.3653150000006596
3.2753110248559345 0.1660200009843401 3.7775818283228513 0.3405512465848367
3.3919522715045862 0.1555535052758957 3.5641886692263025 0.3172889940777356
3.542030788255389 0.16615961928924797 3.239522676851714 0.3397668310713679
3.3941155963868623 0.15601563365509555 3.5041472437729597 0.32385395380542775
3.471130203905559 0.14196554796462396 3.4095668226058233 0.2939898867523937
3.5926200783986566 0.15692911348718697 3.1547177430670548 0.3237055832047652
3.4276682999074115 0.160356797677457 3.4811717739947503 0.3303515242754404
3.3715157940147833 0.1599863367023186 3.590817215387607 0.32907928218753263
3.1083451922701277 0.1643467373456681 4.131221662630516 0.33787485255766286
3.357949005627538 0.1864350202951196 3.616499341217904 0.38220868083657167
3.2988707722961292 0.15521393139565626 3.7456513949231174 0.3200901508464139
3.4150468183713674 0.1601204847041321 3.479441451898764 0.33134166778150204
3.3033299562200282 0.17271626741734597 3.74069112910799 0.35427447853139926
3.2118741861981883 0.1665679574578009 3.903116011761086 0.34062094921213454
3.5462394370028907 0.16713130555363687 3.2487957448039024 0.34311211054813284
3.2909155144967945 0.15724153841315777 3.7664541403946563 0.3277751260283683
3.4808052059816 0.17010145037639418 3.3644534256565617 0.3473830812676569
3.420598083971133 0.15970525125231144 3.4712599357680207 0.3296264477575829
3.326249015394006 0.15299886730893683 3.696765309222947 0.31380791318244455
3.3812416686711035 0.1418117403099993 3.584288626440765 0.2905533454719171
3.290581526964943 0.16496293188848815 3.7666169872685566 0.3411291968437318
3.301635693151426 0.1462440506540321 3.732828389815247 0.30014255685455166
3.3666396603047946 0.16025050038995275 3.6067081831413983 0.32701511571821934
3.25207326111681 0.16028466741285305 3.8476235510602352 0.3275284843282044
3.5185159512465263 0.16126208820551127 3.2754134493150486 0.3294759560368186
3.2693209311424147 0.15877727435934005 3.8010265331981623 0.3290004009364002
3.4179255736679774 0.16162997420800268 3.46604284675037 0.32923634543311686
3.267842093473109 0.16254539785925934 3.8017358620641266 0.334675642297873
3.370745935497145 0.1602884351399833 3.589130975161283 0.3309131805219499
3.2642622186568255 0.16435516059726268 3.816316894906577 0.33909075867047384
3.317114332084455 0.16473948014962214 3.7287804932529474 0.3370794417460132
3.608370547385608 0.15465426036577776 3.094817081865349 0.3208502641995932
3.21876622681011 0.15956450548255588 3.902556319797364 0.3253932540066417
3.4911292158589786 0.15884939309031532 3.3251373959154877 0.32957931136857144
3.548100214468038 0.16215290164673193 3.194190869486394 0.3364067841983395
3.4954837439469117 0.17181059701674053 3.2955662308245577 0.35372852855622344
3.3491782083933703 0.15664023307982114 3.6256610694849405 0.3206074781509922
3.297859812549321 0.15532085863256803 3.7467575157761885 0.3186814798002425
3.456413500537347 0.1721675904993026 3.436276614735355 0.3564628930494498
3.294876210097881 0.1715205802401857 3.7496786066989096 0.3493158158333037
3.317585916356548 0.15934727199806709 3.705797130158526 0.3252506380309787
3.5081918093415747 0.17697492192632966 3.3028714717355534 0.36464583310161813
3.4989428363270223 0.1526606595651286 3.3361884021053325 0.31491831265130726
3.251768841467573 0.17981549589539886 3.8407013325719217 0.3713160236851346
3.2551787315045946 0.17380314930263183 3.8270031916549954 0.3579542784111755
3.4603823063571877 0.15673749493106195 3.443611868235868 0.3197755752074861
3.540251646890619 0.15604880748969244 3.247368030498097 0.32098018354461133
3.347520175268528 0.15027177417453746 3.612977736288294 0.30701248980018614
3.297029306366361 0.1760651421949271 3.734282656340782 0.3612793901829473
3.517209343647683 0.16438339928820195 3.3128931553777896 0.33751883098115504
3.335741036901555 0.16408615957636735 3.6881693534378335 0.3346707244285258
3.3999854848212907 0.15720969084750738 3.550071299819907 0.3244299661696698
3.2120482420301277 0.1631501890515888 3.9427819585547166 0.33516084379756783
3.497424016380243 0.17738267310683234 3.325360906100551 0.36338029947305334
3.548302417034737 0.1620048326110647 3.2378828913847686 0.3329312630133567
3.1983594970896867 0.1562989537138893 3.9294326010201104 0.32379617562094615
3.3440189720689313 0.14370541908668832 3.633206179071191 0.2940290314383871
3.429147237337024 0.1529864789506379 3.4685892479955855 0.31639294900622456
3.2685848586306325 0.16106471008914824 3.7950288991884777 0.3304281291211594
3.466282194778353 0.13790030946544013 3.3831399160922535 0.285050800868762
3.391176714196466 0.15740616426619974 3.553366164619777 0.3222862080017572
3.362042859820728 0.15574459415372915 3.601059487586872 0.3230149296830485
3.1467990096151364 0.15106036646134283 4.071624057463726 0.31287002136820763
3.388097336923173 0.16774381261081328 3.532720617128181 0.3484006728468475
3.3840766484487466 0.15239917958432905 3.566942374149265 0.3131383065475802
3.2968886990093287 0.1614171384271084 3.712782076240864 0.3306551343876081
3.4192405023132033 0.16438769732647646 3.52509553822896 0.3404903954042202
3.467162620439769 0.15635701755734663 3.4136785094383635 0.32191973995350404
3.3391951168491865 0.1698727250965487 3.643207014938435 0.3500427863392184
3.6566094771974496 0.169297831246492 3.029130208803199 0.346585090265063
3.3556890663285923 0.1602830307982002 3.6139172577078487 0.32696441767376055
3.5537041892701486 0.1461131908608781 3.2303196324451826 0.3003715282412416
3.405868334670178 0.1582073611434719 3.5366251130118918 0.32914118682386434
3.3392995510693475 0.15933854278612888 3.6734689621150047 0.3260644443694939
3.3056462372771938 0.1703623404343601 3.7075451853994075 0.35503115047548384
3.441414229314025 0.13951597314217615 3.4264319037880515 0.28766111602023164
3.344474863561409 0.158401654223511 3.643259419894161 0.32410103137883683
3.3970022912773823 0.17843947983322175 3.5130747564832534 0.36825094721864277
3.4514626953884004 0.16634216059696774 3.420006109363351 0.3405274528519456
3.4362660818949227 0.17070769734054614 3.4701880583840503 0.352012901752922
3.357048308222519 0.16938285028764669 3.665676153685859 0.34899369152417015
3.3673881527589824 0.15090622972079926 3.5846757567397614 0.3073338318161372
3.3009288294368053 0.1660561024972934 3.706907961022619 0.34011717261272484
3.4340593700495194 0.16462696986201086 3.4526109886522964 0.3409051633723518
3.3779607643766445 0.15392533286640978 3.585904455975201 0.3179460587644124
3.567297847068355 0.1723083569993416 3.1888372408693364 0.35578006045646393
3.2424354139582805 0.15645954556975455 3.866687189210034 0.32644458920023656
3.301544836214768 0.14325582823612037 3.7492187816468268 0.2941424533625746
3.401157609389596 0.1507785380321822 3.5205464967976923 0.3100316753620954
3.1802810702170907 0.14602786902480686 3.9763596050252037 0.2990056382292042
3.4382965475667913 0.16263333250060832 3.47820255433035 0.33197396277263264
3.316944364193347 0.1596775762845703 3.721999233093407 0.3308460073997955
3.5400825511633642 0.16646245577936128 3.227256963516105 0.3430101250784006
3.4074538192583432 0.17112349361796336 3.4979525078583658 0.35323448596064844
3.3772136201579457 0.1584700273925205 3.5661574914596934 0.3243959773072244
3.423490431400383 0.1676753394069793 3.4697348743109724 0.3424268061818059
3.2630575636539594 0.158382951604002 3.8215960961519952 0.3281723789778437
3.4681339941736056 0.1653860791082183 3.3934479699013362 0.34020021499445363
3.2798501688596273 0.14924324609629933 3.8001586566228553 0.3080999290728224
3.1608565573919023 0.1485231959769657 4.012831987005998 0.30420010540870807
3.433984118437462 0.15132168777954397 3.4912505184273273 0.3129824997661012
3.587385448538302 0.1570309457578073 3.139275830938826 0.32240665561459114
3.225467420021604 0.16157631868625807 3.884714668968411 0.3307151763133807
3.572671035362805 0.16303478740574812 3.146759490271248 0.33638296970331866
3.3328054508969744 0.14719570912250204 3.673445639682068 0.3023297220421903
3.5905383234660326 0.1480945832727364 3.1285618077831527 0.30580383261659483
3.300230426458811 0.15522101261937551 3.7221056895606353 0.31633646863072973
3.2974045688137377 0.15613623535138862 3.736206593775728 0.32134005884136735
3.4606364280326503 0.1713494007406601 3.3999206602338603 0.35368670940674474
3.335109402851237 0.15927872965622958 3.652955511916904 0.332117098214913
3.4128738766593605 0.15914810273032995 3.5196719874045943 0.32625892431450554
3.375790163058037 0.1540305279856287 3.571417297941516 0.3200756592028997
3.3798856454753663 0.14387260815779435 3.58715409261318 0.29677434561135607
3.4582356461925756 0.16538567919037958 3.4126866397962665 0.34141566501859577
3.228292198349492 0.15357784252707424 3.8720890206417136 0.31488113840805976
3.392540621613761 0.15864262285431194 3.563068243937348 0.33058866591055763
3.3958717432432586 0.16159618743411944 3.554389598721516 0.33195793873454776
3.5145295158546235 0.17537227621564663 3.306438886107381 0.36061116625279716
3.636640574799676 0.18085596717142022 3.054032891105267 0.37328089108533563
3.503086847344693 0.17161136824413373 3.3257618210326845 0.35187441451851065
3.513287529497715 0.16630114335223048 3.314288356468156 0.3417925514444354
3.2882631235885205 0.16318252113824777 3.777725533002605 0.3360842149067739
3.206681792841252 0.1752688129710427 3.959115240513209 0.3599699268657072
3.1774220873186243 0.1618355770670636 4.007026166147363 0.333844276177659
3.245133423118847 0.15439795339890217 3.8801948238613977 0.3206208410802727
3.5715855845854083 0.1665094087782655 3.178762596370914 0.33864674271766715
3.2780111247043813 0.15996785209146916 3.783552633236026 0.3279163141604355
3.413755261375938 0.17386737603609612 3.5373829918462616 0.35643343961041696
3.397414414620153 0.17259656880781457 3.541584233318754 0.35310644231969607
3.4674604667611755 0.17474021550873223 3.3920226398173883 0.35987688057303374
3.5025628114103693 0.1659305604884667 3.3291483050285193 0.3459275117694925
3.3537288137852492 0.169929378270506 3.6111836109905378 0.3489102751519844
3.2947526718461653 0.16480015271956408 3.732371358094799 0.33797864538397143
3.312254405304949 0.1510872151088066 3.692888603238991 0.31328733379531126
3.444218336579746 0.1684535302392675 3.4391647828125587 0.3461372846721069
3.1953563465489285 0.13944956303755207 3.934385780522292 0.2860557123390736
3.3810626026987425 0.16361894704710053 3.571798286854909 0.3372390483411065
3.335258133906512 0.15315553312962013 3.664600396552263 0.314163492052716
3.391546384121835 0.1527137483402263 3.537930955811502 0.3129185571174214
3.4236610319676437 0.14954758707580293 3.483994413043863 0.30772118056731756
3.3207531774143972 0.16755059763035127 3.6785447714663775 0.3424636441943254
3.1764624413218634 0.14986611707193895 3.9694468055051755 0.3076721597131879
3.4202709893696683 0.15117621611407328 3.5073068865356376 0.3107067762846558
3.2271997152453493 0.1621926117436047 3.8979654219000723 0.3331846556661128
3.3099134574760543 0.149443086713444 3.7413867178509843 0.308879939441673
3.487539985878041 0.16791948629014242 3.3198710201018597 0.34346434302810874
3.199813696312223 0.15665652551296297 3.9505655768729913 0.3218828513033447
3.3587687085481717 0.15677098256652233 3.602329691632031 0.3256400414812282
3.3447921688097595 0.1612320145845748 3.655940803194006 0.33079999496632956
3.2210851710330113 0.14005487820927195 3.922657300360423 0.2882773099200287
3.3697380552552083 0.14852172749280076 3.582591043960808 0.3057046377776962
3.3627464978666874 0.16459403998118477 3.622045758345654 0.34003315274399953
3.4438473443655147 0.16827948768690398 3.456523048600557 0.3420920102984173
3.261736621023368 0.14095880175596698 3.824631136937897 0.2882087285060617
3.526362918287989 0.16847761808462156 3.285552650840922 0.3441184448206063
3.5231881470090487 0.15659239285203766 3.26575677224408 0.3202766460931531
3.382603747289254 0.15106517353219162 3.567190646644108 0.3078738319915242
3.409579866109892 0.15913432550368847 3.4944307901698037 0.3266466840543655
3.539143983598432 0.15884399988576967 3.2226694998453125 0.32577446172247
3.2614119876482386 0.17125164854957947 3.833338736516501 0.3545796531919321
3.3979093747526257 0.17261556411067108 3.5138524345181628 0.35118692301859666
3.284278176301075 0.14805670134500581 3.718397884728172 0.3042915033009573
3.313460887914883 0.15921336532769215 3.721356184175012 0.3277663169415791
3.3889862157705313 0.1641736077225828 3.5779285186467686 0.33833246122390503
3.3716205472004863 0.15072664350018258 3.5745579425594043 0.3095841745874523
3.168874327192528 0.1426596184929346 4.023047027199709 0.2930781644861599
3.4752564145000067 0.15445344722963716 3.370079891821254 0.3175841867473758
3.539453075665255 0.16995897141270777 3.2558205208961684 0.3507696392345066
3.3931416730350676 0.16468484115019105 3.5452859508071075 0.3356494321047577
3.419773129902292 0.1732546879578042 3.4840295504481227 0.3586133302123866
3.456382378985696 0.16254070312455507 3.4026494432915184 0.33786805673453646
3.4236556008276327 0.16853448146300098 3.4612852526671682 0.3477621201630174
3.3539258636595264 0.18220148560300023 3.6242258600445907 0.37491468886836393
3.5389587037092696 0.17668772289802157 3.2157289763086703 0.36324328659360444
3.5194870380782364 0.1723897330278333 3.304446820733368 0.3549324726175284
3.186682227533562 0.14961825663818804 3.9826672870429483 0.3078804191713088
3.3780164777420385 0.15999001059206472 3.582646841135606 0.3261500760867337
3.222582153933415 0.1669965074629778 3.908753437659624 0.34254206829633654
3.386753804472929 0.15749875868893698 3.524830645735695 0.3242216533937013
3.351380549208015 0.1577319472132636 3.625500673737622 0.3225829725959969
3.258037468816707 0.14857648526059156 3.837090444079874 0.3061104445870408
3.703912341452578 0.17556127630962604 2.9062867448979546 0.35906010058918564
3.479504605514583 0.168226587146486 3.365082159008031 0.34547461161592913
3.3835449086245974 0.15394488801842507 3.5485442088162173 0.31629425493053037
3.334275704337079 0.14854864479866398 3.6572714480084327 0.303112620922808
3.3916017697810754 0.1677534227085675 3.5131510576507385 0.34813671700395565
3.3992836377245275 0.14761280057926293 3.5111469092186605 0.30131232221855475
3.4285542058562317 0.17181785988874948 3.4743338168247853 0.35043082261897823
3.325084137885634 0.1603785047943141 3.682775311867074 0.3295938655715334
3.314464798606655 0.15551436113826456 3.7195199061372404 0.32023416158935863
3.392723113534882 0.14621580451506266 3.504595662295831 0.30126715825610295
3.3233762716910995 0.15678643122672042 3.6605976046705733 0.32317971324188294
3.4559934763128135 0.14929883160207236 3.440469774395618 0.30662296908897696
3.3956529393090116 0.1676298014260348 3.5460962634004747 0.344643695436099
3.095387613635461 0.14344002729803912 4.1662622093364305 0.29678814274250376
3.338471413839099 0.16966059023779315 3.6470991925611114 0.348498511355883
3.1671221713615725 0.15426304926743284 4.019063315042384 0.3172425686076936
3.340296392693352 0.14583725353229754 3.665888036473164 0.29970907474609615
3.317323830804962 0.18484465716408396 3.687359596068382 0.3782018699549292
3.3115589563008836 0.16432612018233936 3.7078223294184367 0.33876548559896347
3.377284444426258 0.1480924954388303 3.552444544894658 0.30235796124217845
3.2691860961472363 0.16330557666317835 3.8140439365152794 0.3365763610820121
3.425312365145472 0.15792149296213084 3.4432699983666426 0.32633337167857046
3.355541898224633 0.15273575741818904 3.595158399028465 0.31171424844663953
3.427799929686958 0.14207160570424934 3.4738205814740066 0.29132276325806794
3.513090288735036 0.15903213280766315 3.3168294453375724 0.32356916729640417
3.6672006777434767 0.15318211117720354 2.9712988639523816 0.3168387569239301
3.210605346788469 0.1464389075113885 3.9246101224352694 0.2974158368984392
3.227524810773539 0.16922702347063812 3.8715519382678187 0.34789536261323795
3.3493347825262973 0.1631922301608185 3.6104992877093647 0.3333631473951816
3.3830520698221047 0.17136493312504747 3.5873382880265443 0.35242024896219953
3.3376294230408314 0.1551914036150898 3.6520116354731407 0.3182338677822159
3.515863614520275 0.15682216454891557 3.2979732703071334 0.3240629934223321
3.3092301644296738 0.14813650353220875 3.7158806589670386 0.30670405072636103
3.5442006730361175 0.1671028740554274 3.2522170191263413 0.3424332108301652
3.5654140825174148 0.17439070569226758 3.192641410277983 0.35678818389331485
3.541881405269387 0.14445210321203347 3.2316214405361308 0.29722698623631605
3.2340132684082414 0.14905678677158551 3.8694363510624603 0.30557505829162745
3.3712012976793355 0.1606147573653041 3.584577419498868 0.33411837021398105
3.28192765800699 0.14514390430965704 3.7898135723210293 0.29844391698357714
3.3274666741839223 0.15680947951075883 3.6626777620800555 0.3253154598335617
3.401637362285933 0.15766799912041657 3.5345438872895105 0.32761199967938076
3.4568162257553174 0.1590162853352476 3.414105608166447 0.32762261039327295
3.4496847000623956 0.15640569322347225 3.4244088625587805 0.32683222878283785
3.445395284941986 0.16640448883681505 3.4409674109440482 0.34023992346443754
3.433257651062359 0.14925135338506826 3.4336555885318942 0.3042121609359569
3.394814395048734 0.1556897781415285 3.539693813376352 0.32116882304507205
3.3505208053445243 0.15433076256017447 3.6472042648926086 0.31383680976406514
3.5456622341348627 0.17898435412404531 3.2653470718052446 0.3676878188247308
3.351503551332375 0.18427060919088736 3.604996801277259 0.3765341201805636
3.38763774348826 0.17140190802785604 3.5378751367657904 0.35394875029207906
3.3827952290371264 0.16979739086129908 3.563140955378606 0.3465213530519381
3.500589010540701 0.15890699005605755 3.328545446491385 0.32518539934816565
3.4422336856768645 0.17069579262882908 3.447437844074156 0.3527231981633641
3.457717637003116 0.16501992614691313 3.4172087798633584 0.33863793068908365
3.3669602702491277 0.1403001645413866 3.5990241101185694 0.29139101269603235
3.3306464876743087 0.15564121837656353 3.6580845328982914 0.3192264282506084
3.5810921878421524 0.19113695763061075 3.162048079182777 0.3927814985716458
3.3429458784042962 0.14761266064437503 3.636194780998667 0.3016696881868388
3.4035026666489476 0.1676106332815644 3.515068554395049 0.34356195694426617
3.352799289618221 0.16364926492479556 3.6483391923040074 0.33494071163509626
3.3989768583073303 0.1598611229229726 3.5370634047343454 0.33125392531127273
3.3531283351723817 0.15794221331189806 3.640255148299217 0.32364979607230254
3.3551675787989783 0.15013302545261387 3.6263920060699 0.3074795480420418
3.3099364977336116 0.15636548035519368 3.71805608283937 0.32340925007124127
3.415228019116526 0.15244249659878853 3.5237321984648067 0.3157807976009598
3.133595956478728 0.14443650988022122 4.100199015465222 0.29269919972303676
3.4726433734037583 0.17275228344595078 3.3952541473341196 0.352850114115216
3.507869676908907 0.1703465452179887 3.295312092117412 0.35091318013684303
3.2645030536994932 0.1650397464279468 3.8031077953048364 0.3380785560494079
3.3595616380657782 0.1619397831324666 3.6153641313878353 0.3326054161316468
3.6200733206615885 0.16977862107707076 3.087917977663325 0.348395620892449
3.360460729360804 0.1505678664649626 3.5955016922470326 0.31595058631434253
3.492849331888091 0.1724357816548437 3.3690566349440445 0.35160161447181615
3.4864274317937753 0.16210446785974383 3.3445905679963763 0.3331420993842419
3.291563104613598 0.15553133348280695 3.7615999098900925 0.3258886781523713
3.3476115730453575 0.16237086596165978 3.6728254985927866 0.3353224626016894
3.199460267828081 0.1530668297386486 3.9446238577149493 0.3124893374709173
3.3710300165109786 0.15741239768372048 3.5976490194855737 0.32145217514226837
3.396015064261859 0.155309096546105 3.5384535163772197 0.3188948538297275
3.4799430182582034 0.14158578017167148 3.3784754824430907 0.29354069480089245
3.2468003259256237 0.16099020415363408 3.8406409819855014 0.3313362577711139
3.1564564810157307 0.16539185072399198 4.024757616581178 0.3389474000176556
3.256459496246447 0.16287520643072978 3.8309454603051263 0.33428081506790175
3.293659890724226 0.15750298316329767 3.7562121779871456 0.32490058089169355
3.193937563490527 0.15634381558445373 3.9549081346203856 0.32183320513435676
3.3701397228605736 0.15717981803458006 3.6177146665219757 0.32105603932717847
3.396975254308647 0.1625693753514957 3.5375780656758042 0.33521540564140145
3.335946914000021 0.16043221882999925 3.647945670469964 0.3275953990966066
3.416887562493713 0.16257498761896563 3.5236976256014927 0.3325584764466491
3.263760122151184 0.1545198027240968 3.8109650741236276 0.3198209871424314
3.5191118921775772 0.1571399423410623 3.271332178175025 0.3249549558054412
3.3680959814600127 0.15578225293935735 3.6070742780198772 0.3208704550783958
3.242821166142151 0.151356486970156 3.8260480965386785 0.31003111477815576
3.297961661582975 0.15005062218135443 3.7414380837226395 0.30752138602251083
3.3286283558529757 0.14346587786901835 3.685947031429585 0.29503414906628217
3.406393085582235 0.14924842436444435 3.5263011160444178 0.3072416790658104
3.3993095953742376 0.16901439458692583 3.518366795882692 0.3495759668711035
3.359463276694929 0.16404073443831937 3.619209694055358 0.33710881661978753
3.446841657866318 0.15862765223586028 3.4319986547812293 0.3265986495197704
3.2733526775450015 0.15944770225584332 3.8274928105107167 0.3281593746062548
3.240607244025824 0.15235654262915788 3.8469695869314227 0.3147894427481536
3.573089589250916 0.17023024525445857 3.169252985999558 0.34959050668310787
3.3408905311517527 0.1534201951232476 3.641848452890229 0.3134025992372947
3.2896566348920353 0.17232925532581567 3.7470314585377515 0.3536542124716279
3.2821875145428043 0.16081233003225817 3.7827563893637945 0.33259131724502616
3.450973748537858 0.1618824499918328 3.4476745661091037 0.333902296065766
3.350792228262149 0.15221470594396885 3.667313969587898 0.3124258711783293
3.2230821646660006 0.15225925409326474 3.9148076185541276 0.31197461373447866
3.4986809894670508 0.177492677831705 3.3468175056782066 0.3654654783312339
3.34323237316905 0.14297928517050393 3.650536972509835 0.29502260055291407
3.4822171914738207 0.15836159123321206 3.369299838924646 0.3269746230656188
3.460714543456503 0.166552681440546 3.364162476409016 0.33930160704953616
3.2817018105406532 0.15585279388003906 3.760986143290428 0.31986909875775427
3.373267718931818 0.15645272158257675 3.5966399628378074 0.32089234212271905
3.1875773426147718 0.1543812013457086 3.9352008147320126 0.31836980544610455
3.2828384273312143 0.14156057432796573 3.7685338541213724 0.29251333590664275
3.4089067447900874 0.16118515124591548 3.495039013866013 0.32652134310260594
3.263348582306343 0.15624123721480973 3.8035222042353443 0.32313504756342576
3.3952733039120173 0.14836165342666233 3.535269493798153 0.3035851016637754
3.3191574361353133 0.15252354494892859 3.685956443435562 0.3174716733121733
3.4146580598208853 0.1627355042865636 3.477620697626043 0.33533964305963054
3.3166354748695297 0.14733764301842991 3.7275517929032738 0.3029628506831467
3.4574661970133596 0.1755493066625838 3.4042354340136036 0.3577652621953264
3.359382557139189 0.14806186456030854 3.646177650101032 0.3029476199090322
3.439762241316547 0.15760140349319035 3.4519045924164766 0.32353921567556587
3.2807046580938497 0.14194326865134135 3.7849524355853346 0.2894641621811825
3.3731081467214956 0.16274983180944175 3.598019671513368 0.33454218636022404
3.467342798001685 0.14402784171812627 3.36448334204246 0.3007832138728761
3.149128602552218 0.14823718356542226 4.051715933475308 0.3061846579399532
3.4834293586253935 0.1572325311480962 3.389392590992977 0.32313937341650545
3.4753102649858967 0.15952025566386352 3.4095091624087166 0.32800085536892226
3.379188945299882 0.1600919037569798 3.5703521476853313 0.3279805499298151
3.31278478742207 0.15605191359930537 3.7024420024646165 0.3169799583892216
3.552910588469122 0.17642396240190983 3.178424139867778 0.36486154186506214
3.4965832709037086 0.17121791366065692 3.3149629365894713 0.3506075547809919
3.4337741378979114 0.16987966010532268 3.509890215662847 0.34641279445322803
3.2263932967602287 0.15701038912606693 3.879707878808647 0.32052888421526093
3.2641263313178825 0.15364351848008884 3.851659691408503 0.3145013064812256
3.107335465255814 0.136434200306558 4.125776233361561 0.28235565402412865
3.4484073384741643 0.17079391920826573 3.4523487875081855 0.3478778271183486
3.5005263177144412 0.1622183820182884 3.3410032954847173 0.3313662856489846
3.3657264218135143 0.1628546439855885 3.6198425380502917 0.33412562561725884
3.3651282421064876 0.16009240250997397 3.616129068660748 0.3264745573322363
3.3245562459963174 0.15942616455580044 3.6757246584917658 0.3288221601154228
3.4814216680160923 0.15359119699285673 3.376132757889352 0.31520088154950116
3.400770179394092 0.1584614230990635 3.5235934068098027 0.3235251276855859
3.1740122406048408 0.13611034282931062 3.987430508607918 0.2804336608679215
3.2739226941521506 0.15482652211546385 3.790990609892461 0.3196975943602323
3.3017135441815495 0.13956424360185854 3.724644915892944 0.2898636315266057
3.415776634943141 0.1728687400271084 3.495340123194555 0.35106174378198685
3.6088783042130483 0.16328196981864243 3.1110004716736066 0.3387016718326648
3.436940185677819 0.16694764188542435 3.4850376896931143 0.34209059508890133
3.2619986399376906 0.17018603978030888 3.8374794816850892 0.3471833577293368
3.4004416137147633 0.1480956759859649 3.515231531844778 0.3026972897250335
3.3022396296512904 0.166822475215279 3.759162788036301 0.3429895185769136
3.3965044564410665 0.17936142769837402 3.527543725618448 0.3670629861435876
3.3926320371587453 0.1722789573054559 3.543997692418608 0.3545917003558601
3.2950296109415023 0.15847017977153532 3.7285369114235754 0.32508846243309225
3.4110427704786908 0.17084611355126694 3.4721290854131572 0.3492873988111936
3.3854953620999737 0.16138503631870899 3.556039447929903 0.33077900323922815
3.4990310906615845 0.1518688515825564 3.3297144624795845 0.31127747535624856
3.417643879921205 0.1585550224954479 3.449682061723465 0.3300919812880802
3.2323261631523756 0.14893520495515522 3.85996696945941 0.3067267678858502
3.3856840491198508 0.1740691170136654 3.5793846747332205 0.35942146523065305
3.4538826595931824 0.1721063587168969 3.436885899437013 0.3523004188691609
3.4473074983100362 0.15241438707731003 3.4184359038896863 0.31481588546008565
3.3379360184673095 0.15284405853754776 3.665534706273717 0.3111546932266082
3.5121526136396093 0.15202613671889498 3.2954584047413658 0.3155132653809346
3.324034160507086 0.16803531029096483 3.665901238378672 0.34510171498762954
3.3570498229649486 0.14877151296989902 3.5905221395110196 0.30702317272308366
3.4819152266414988 0.15795936714554187 3.3782405561934086 0.32294056407162114
3.3022496423382575 0.1511992906702585 3.731517984283597 0.30985041137764757
3.2760796834643973 0.16177136633447295 3.763288517061062 0.3318730584562081
3.4756694386794633 0.17693427158340908 3.383254246422748 0.3633827567739604
3.4928984934192404 0.1674147416444157 3.343264109021966 0.3427140310882627
3.4564173214060228 0.1749860748496987 3.4366943243326817 0.3603115182221714
3.1664263038339504 0.16360563663285943 4.026352266222036 0.3357316396548727
3.342119660951064 0.1590008646477582 3.6464622671384515 0.32533467692585943
3.3891361998115856 0.16428480607335158 3.548579980828437 0.33760757333668495
3.288550783246354 0.16492211940489518 3.76058698498867 0.3383577023943735
3.2551222713284833 0.15256904362879942 3.812826591283387 0.3149098970434097
3.2676901852591556 0.16931294102666702 3.8094728168099556 0.3458709892740741
3.362524982336229 0.17760056770382973 3.6155428893219903 0.3645003337378364
3.320366762533914 0.16663599824979067 3.7108547129934006 0.3424650163006222
3.32551548135182 0.14966113633781217 3.680358914083885 0.30845841916334804
3.4239394258768407 0.1621126280560397 3.462625047670919 0.33497367697543123
3.473178018719259 0.1662409634768948 3.381477011845769 0.3435414592875429
3.3531843170763755 0.15751718652807653 3.6406181978084913 0.3227973303333353
3.4195087146237153 0.1575138129925322 3.506953497093639 0.3231168359535346
3.4118694141135495 0.17551365168325994 3.5029809034365806 0.35908282231954736
3.3923366892664255 0.1628816966409778 3.523836938778769 0.33843397747592746
3.343960292246413 0.17238943325545114 3.6374078549013937 0.3547764124305063
3.3249000542632103 0.1408205016348954 3.7292062211815207 0.28864514423361504
3.324068057415106 0.15082881161413283 3.698719287198295 0.30640979480602665
3.252248635661581 0.14668437555432162 3.871894787975651 0.30265732473359475
3.4338130018221076 0.1588097278470098 3.4732270730146984 0.32519570570069756
3.343499070953251 0.15598227504563933 3.636997085208072 0.3201741375935701
3.401984958824114 0.15317124138168392 3.5386999097289307 0.31727457428675465
3.4708891998666767 0.18391537045242642 3.3991811504213265 0.3729420382522218
3.308255865510886 0.1609507934286113 3.707611326131238 0.3283119042963916
3.2608156652630367 0.14209962515623442 3.811983777738299 0.2960275966034939
3.3466792244108445 0.14986080989373846 3.661819707923657 0.30692012846761446
3.082604329771174 0.14378571501755824 4.181652323805233 0.29166438919220217
3.432969216373916 0.17460706402961174 3.465956680167924 0.3578003304243597
3.4542623679274174 0.1558696315569909 3.430450434056217 0.3201423451723048
3.241043355757632 0.15179745154027965 3.849801932175626 0.31071487477206594
3.359278907114906 0.1493238124250389 3.595772387625806 0.3059011551435285
3.46920671352029 0.15620642674922086 3.400868852882157 0.3182228337857532
3.4538033303091304 0.1682894448160956 3.428037096211936 0.3453210685114072
3.2899604763334596 0.15234503295863724 3.7591268927486676 0.3119225483048866
3.405137860847285 0.169415316768459 3.526636402275193 0.3486027538394082
3.407458068433204 0.1445827375259526 3.481790299440486 0.2958228710783179
3.4870230938190057 0.16398553976778169 3.3707743238673933 0.3368101558228701
3.4797555310199257 0.15235495381048264 3.3440534364660137 0.31440427295151746
3.3264893520280507 0.15286637776802062 3.7043302208579094 0.3148908939475254
3.329380742524826 0.16376149841321502 3.6604196621285388 0.33735744357181463
3.152108154205934 0.15174393319222101 4.021265395229246 0.3130396690238809
3.407718315026628 0.16479176246344296 3.5211026243200267 0.33958711940007985
3.293746402301009 0.15766920924635422 3.770058554525864 0.32442898392248504
3.3228788668734364 0.15907311481720907 3.6568807879397474 0.32682620283577307
3.4887025709899073 0.1565261002654203 3.3289429715397043 0.32096486545185043
3.3436358866088876 0.1786457049719303 3.6284157617006265 0.3643466405982098
3.379064791191283 0.1713327408579438 3.562306073458129 0.3524711273187919
3.2860153253501467 0.1532764881020238 3.784014731228763 0.31203255580877953
3.377490530706286 0.16047707767786612 3.5780317205445957 0.3275764342844463
3.293666871403338 0.17492708211583477 3.733862172196596 0.3555312142067482
3.335804506926127 0.15074717152318728 3.673853752963033 0.3124321769360253
3.421136972776007 0.16781176213814658 3.4944751934124163 0.3473693353241918
3.327932299263904 0.15640995028395735 3.662256375948405 0.3191702988349253
3.451618654347535 0.16488286185078013 3.417401421201671 0.33640825247406775
3.497743713618218 0.16003862766746468 3.3107705810013472 0.32783377752204207
3.3381630768745927 0.16342553109264843 3.688304402099651 0.3355363195100224
3.217210784716723 0.15818754866890167 3.904482432912557 0.3251100947556836
3.516717153294351 0.16062450596139538 3.287756549960549 0.3298417446827135
3.476443611306938 0.1680862391671271 3.3744414445655346 0.34603975173307044
3.4099720732614283 0.17394292146314694 3.5045276800963165 0.35656090868044354
3.3507209537590543 0.15784175110519422 3.6434119954961828 0.32411907980381516
3.460922237355197 0.15944752402611065 3.4065237027858384 0.32475216570655513
3.3530154716730314 0.15887259722998034 3.619873762561525 0.32789644494888537
3.4556710136136237 0.1667427699639665 3.4221896401332015 0.3420670469750309
3.4730548710658145 0.16487863143905532 3.3652269607106633 0.3376507230437269
3.285193057302659 0.17152870326466904 3.773029937082196 0.35370845789090516
3.4636394669981083 0.16893028405487973 3.393678367473486 0.34569199819943075
3.183912229286934 0.16162040569367062 3.9795091499274164 0.333132384528444
3.331779492780809 0.16090213119613994 3.65803703664662 0.3300835297208826
3.2586360176781253 0.15708319426246586 3.8206121650293836 0.32463457298052745
3.285966433104477 0.1523231353468528 3.780107450977255 0.31362726369990895
3.2667791755351767 0.15064260327167475 3.792427285296334 0.3106705244674085
3.4722259603847867 0.155541032589475 3.394523733959444 0.322245157121594
3.3572941912920813 0.14287821721911456 3.628297916347762 0.293748227203544
3.3496713367194637 0.16143921404728717 3.6216881335508786 0.333458945823872
3.3399351609072325 0.15148156297545087 3.6579761477564214 0.3104839858872929
3.3533559524538505 0.148023774032841 3.545224771526758 0.30858725609747534
3.4820456169409746 0.15173816080221886 3.3562200551906862 0.3117606348360094
3.3106433351397566 0.15937243167837614 3.7407576002554506 0.32823724804494436
3.636722071661554 0.16927696115850793 3.0631184887443688 0.3467769882567601
3.5251333143798975 0.16691435537286659 3.276856201532383 0.3462849697115041
3.3430524732785196 0.15361369074570283 3.634127681423794 0.31813343189613325
3.4446801038375705 0.16367959073130942 3.4363998674671414 0.3342411076356674
3.404194667109287 0.16199534962731732 3.517369207862214 0.33618449889939367
3.2950232688088197 0.1654172585737003 3.73760729169146 0.3389179944265219
3.412440467880713 0.13471689705816817 3.504782074618519 0.2799952300877427
3.258178310634489 0.1496109879416463 3.7991549112270597 0.31163824448607613
3.4470255324615 0.16868205651189813 3.448212040237101 0.3455707709475293
3.3785311473804063 0.1508823015678109 3.576223635912317 0.3094912830448215
3.376229228269491 0.1582790562898197 3.6105116281987253 0.3295229984042792
3.321524322867613 0.1546588585016947 3.6954699721033837 0.3165844817471212
3.2333623736318264 0.14156917000615876 3.871523388584865 0.291355099421298
3.4151530969482864 0.1534039848811657 3.5012964362363768 0.32047102881249473
3.3057386953299606 0.16470828888770053 3.74739874030601 0.3400404653276345
3.3415657063738413 0.16684639366264845 3.670204238150255 0.3421677553025413
3.5822784668463092 0.15829277336726894 3.1754605875668416 0.3233853846022137
3.3408965338084737 0.16913394197634332 3.6578118811053426 0.35149347617000676
3.400625208036117 0.15091590408536698 3.5119820347847828 0.3123393403950796
3.438712695706666 0.17085427349721893 3.4457834407298984 0.3487478335582808
3.3407432116066254 0.14773932838583062 3.657009958503008 0.30244247217386994
3.339642890909717 0.16885968968019233 3.631438659064333 0.344904939570983
3.403308095584552 0.15463215891484555 3.5477604030866914 0.3185808679905189
3.322790418482591 0.15198802248358514 3.678035317805663 0.31564847760210785
3.325820569542555 0.15665037504119142 3.6945316446286065 0.3249132378715124
3.3986321804868034 0.1479501902680513 3.5377197125688067 0.30631108802810164
3.422808769883342 0.16929913010162598 3.471592993287195 0.345667902175415
3.4287163745645204 0.1660094794726717 3.4537291267526458 0.3422840155787878
3.242963556595987 0.15977432234317787 3.8327010835284376 0.32739015952437933
3.3965103877767886 0.15342191560278587 3.533536422601657 0.31505562911796803
3.455989189372786 0.16802533069636694 3.432490128114783 0.34548724519992957
3.503618785241798 0.14853328694340312 3.321150301650892 0.3061218800189575
3.293877503658708 0.16868021908800673 3.76307840075458 0.3474812962475543
3.2296154032058246 0.17524958694865392 3.898901975140882 0.36273661269291485
3.4466241818790415 0.1637327470891709 3.448124445512372 0.33664061580837595
3.292105808028664 0.13970692421428402 3.742489026630004 0.28336077165840146
3.4081576557317463 0.15523782909508793 3.5291782662573734 0.3176118162724114
3.3786557022269847 0.15204494308260122 3.5532562127414984 0.30864129779102534
3.3040934761758973 0.15282060428554775 3.741181758361315 0.31631493532348587
3.45222569768487 0.1602095864721079 3.4096092398212683 0.3278124152764661
3.6360220172428757 0.1714616226978298 3.0242045004380556 0.35433485787537466
3.3914574370273107 0.1585904127331528 3.568940920545491 0.32798769684160883
3.479076893227699 0.1786278666851513 3.3633565305946878 0.3659753815008863
3.473202643563675 0.16618399555967123 3.3599344610424278 0.3386973060161366
3.523261505346764 0.17636054637154502 3.270372857884646 0.36276789542188037
3.311823142085573 0.16753050949153728 3.734872720468207 0.3465039864786913
3.2234396889505175 0.14637158241338888 3.9091120598614113 0.3035316044017168
3.379473015900253 0.15427267454746316 3.568465321399379 0.3165134046078666
3.312279275297448 0.16038311070890712 3.7144876403430347 0.33033768534899993
3.4701713601636666 0.15968958261673752 3.372654668334367 0.3276222520622547
3.45444730673882 0.16501116187923962 3.427074695915352 0.3387373312791771
3.222102376388366 0.14587051256851513 3.857923007834421 0.3026202221485607
3.320888673011594 0.15482904230523314 3.710512491874053 0.3186141397407664
3.228548777581408 0.1554623560056874 3.8768949931548766 0.31872564291867267
3.2907774548206223 0.15605773882374271 3.762653433480911 0.31970732180367956
3.3206378566567913 0.17383894739583683 3.7096792462191033 0.35593639245616976
3.4519299770588825 0.152174700107897 3.3943383989543197 0.3143990547774365
3.2971213465024287 0.16283483231076898 3.743876871093196 0.33856941179385475
3.369542423059355 0.17130034730377092 3.5778135179651205 0.35041630589778316
3.4302778615632663 0.15504941457125904 3.4726335506129957 0.3198080008881564
3.527889244223184 0.17304374078653656 3.2566424395215803 0.35618856756668826
3.2528935324189328 0.14192627295246538 3.84841908948973 0.2915692416622494
3.3729829554263597 0.1477393696177256 3.5892101495841233 0.3033711620754205
3.4095951921060976 0.15687160347925552 3.4631174265127056 0.32247659913343385
3.328340615297124 0.1769675282174933 3.672936099276583 0.36221138306288414
3.2555741343690707 0.15210047887430433 3.8451957529830887 0.31372081884034947
3.46969083531652 0.17516240001189468 3.3635695337803986 0.36246589439089827
3.1060242962489433 0.14705865456183015 4.1433406699823925 0.30211124504489056
3.3768416859914225 0.17811716989243068 3.54133180159708 0.3697661134297025
3.266348455868026 0.16396958658728925 3.7887929270890046 0.33745993933792495
3.304780421581307 0.16900098081243906 3.747504097387602 0.3438930194324558
3.4273421874882986 0.172180747849702 3.4845783109234754 0.3547077341403426
3.2567697200919516 0.17100337430494295 3.7959948348852404 0.35061702359383434
3.3788282484453855 0.17462578486193284 3.567050833917876 0.3609033190166564
3.5245535751924653 0.16902880105387985 3.274446634304912 0.3472962254515881
3.3330055248924513 0.16542264534929535 3.6796279021935656 0.33557222140697474
3.342194899752821 0.15569368322638166 3.665454984704147 0.3195446814656611
3.2411642588494827 0.15096673436557376 3.8715983352885317 0.3085078265500928
3.4446752176400093 0.17425220806388148 3.4032309709612116 0.3532390889703228
3.2865814016458907 0.15639144524443307 3.7573266618396817 0.32221211418184403
3.2997082417527652 0.16626252992926038 3.7389864274681095 0.3424397524131882
3.37773896826402 0.1709569543558223 3.574764570327122 0.35022047793629135
3.2843543012525784 0.1460418019654442 3.7782337083369644 0.30436562465150063
3.3402218659409284 0.1544496263742049 3.644817425251087 0.3192319964895694
3.4939346631502675 0.1644113183045377 3.3356413643273237 0.33857684682430383
3.1721982511020164 0.1411695231408463 4.023046926522509 0.2898107194338092
3.3976391484785173 0.15008606074232209 3.5474728111214247 0.308792450915738
3.4721096466564934 0.15800774125819655 3.3972135003500963 0.3243977887899747
3.5325008153463777 0.16718004893844413 3.248118708548378 0.3447496960045074
3.3433397515775836 0.15797651543414645 3.6534012332878936 0.3243752574402134
3.3030867517570695 0.17061152865233875 3.7557117222121574 0.35189562772838495
3.346038281331803 0.1687880530935427 3.647149312889283 0.34966458235958525
3.2719561023511616 0.16826799741373702 3.7917061777662893 0.3457331037468421
3.3739578743129095 0.1617662849646996 3.591435814710863 0.33096328220990834
3.1991115953615976 0.154210075529084 3.975903783376548 0.32106771393344
3.42824478686374 0.16347555526419483 3.4606923775951848 0.33750650548712685
3.4918046049956906 0.1683830324091252 3.343898182113808 0.3422870572287374
3.195302191100885 0.14999742333165206 3.939646711947117 0.30746762309214143
3.3035856367888625 0.16290597727458173 3.7472399376836707 0.33605399617068893
3.448575714903929 0.15132777308108533 3.461715166906809 0.31217182455142894
3.3420996878807876 0.16052711998314603 3.6657992121632703 0.32777853479395525
3.426145439317981 0.16503457867924226 3.447474472119879 0.3370830591241284
3.353216162323844 0.16546392317673153 3.622356436299217 0.3403290070644174
3.4596074754378394 0.16652560359231441 3.4215686910506617 0.3415150691181762
3.3373230761656356 0.15554823496414086 3.6801496535233076 0.3193580828790993
3.2080431993612217 0.1424749868272213 3.9170983323302178 0.2946784010452131
3.438826062407366 0.16229967436748638 3.478334702536035 0.3321664233899587
3.438588385948 0.15450978243689092 3.4125270261394975 0.31802194870604356
3.386570542394314 0.16255643090016747 3.5653590222907363 0.33101719084373604
3.237075345686901 0.1631212473541397 3.8506152713215682 0.33605669571229946
3.281018046514707 0.1676250212688574 3.7943071051658954 0.3471067407849103
3.341123339921097 0.15381912824774918 3.6726241332557574 0.3157404343572567
3.1402868312152536 0.14567495240311992 4.029737136441412 0.29795750863033604
3.3828281719297006 0.16022629706120092 3.5423315856947215 0.32881583578495555
3.436285313262199 0.15021604050992562 3.4440576119070707 0.309185231090133
3.3588962551859893 0.1589765251344551 3.6181123734088203 0.3283464480986439
3.209784594295142 0.15216042975989041 3.8921084385750895 0.31467329245742576
3.3632625431021133 0.1516519530029211 3.613050277937371 0.31127894197547457
3.6112719129283217 0.15177081004741894 3.0733039007754788 0.3109172708797092
3.5099887957280576 0.16498592278727922 3.3085105658042804 0.33950017069582844
3.2486336967539313 0.1597467597460109 3.8758151076410483 0.32834218217707184
3.3912615742178156 0.17116344499852637 3.5252122064797655 0.3504496339133589
3.1246027745844396 0.15005021696231013 4.091790155607166 0.3082202842843484
3.382545279990119 0.16707614269966073 3.571713473075275 0.3395346328701831
3.2469146156793975 0.14966262385301923 3.8387227839053777 0.30645867248598746
3.589160556246214 0.1749916894289767 3.144928826814228 0.36140566866140833
3.560251952974918 0.16518334064048715 3.186099007656548 0.3386511730771576
3.3315625298664435 0.17743138867023617 3.678477222118151 0.3643399623855908
3.3384924984230837 0.16861330836609076 3.63934256740859 0.34748311085581934
3.3760050794064558 0.14950179087703683 3.565679965828292 0.30409583128518886
3.3505968704545275 0.1676709351357809 3.62801659426349 0.34872406836426983
3.3142883509211947 0.1588842444390444 3.674824874308069 0.3252051481001985
3.4103347970299995 0.1562063367127106 3.537631934164489 0.3197725153924988
3.451033263342281 0.14821921654809722 3.4045537670651735 0.30498581312706263
3.2936757138020836 0.14870307243364056 3.725382133714467 0.30588578442220044
3.3265891838967994 0.1712426550283264 3.666260297634011 0.3482684724537689
3.394897055233414 0.16957314357653702 3.5095404940140797 0.3497618225485338
3.5226228388445735 0.1593209086318736 3.2507790088785087 0.33202085290482
3.388066375820424 0.16981361682249604 3.555914056851063 0.3454749840711856
3.36574959964305 0.14587239404342198 3.612355681617201 0.2983779222562057
3.3994519905374565 0.15383775183871426 3.528964517581875 0.31622338542667655
3.404751599456627 0.15362241838879825 3.54613902581606 0.31599457978669104
3.4046735592805337 0.17121834855505486 3.519895422053955 0.35047854568759257
3.243312085587432 0.1375842125874161 3.84507453339008 0.2826820359339405
3.2118061440241163 0.1536176925541793 3.9094807202715054 0.3177188211535818
3.354616054805976 0.14366122767082568 3.6116660702172974 0.2960743752552274
3.331996637091348 0.147496993247878 3.6817774706048554 0.30341255262980016
3.3559623532946468 0.16873795260349894 3.6428973919583387 0.3460003701659011
3.212305828066751 0.15380818912554642 3.890547253476414 0.3163575180141888
3.5296380497317417 0.16970519612259433 3.276118792783901 0.34716440754673356
3.385474522515806 0.1755113489538248 3.5948145509460274 0.35777792319802815
3.222415969186682 0.15648820320788298 3.8909415178159747 0.32135651556153405
3.3595113401708625 0.16757754836748842 3.594233887410105 0.34426976354424177
3.437519832514508 0.16919628246324828 3.46267032565359 0.34575664907752
3.4552827544108564 0.16538576632312182 3.4422676695272827 0.3380089933898157
3.1959676307317175 0.15982765790177625 3.9133912849348027 0.32913485661046743
3.6049209135781153 0.15866425605066964 3.103772739903337 0.3271116011614135
3.450906102053078 0.14949404846501196 3.447227559665313 0.3059965010633256
3.42944044381798 0.1419435026308198 3.5139085082495494 0.289560133351671
3.3465546654198812 0.14987777156525264 3.643995096818194 0.30914425171070714
3.413472386198564 0.1545630215581903 3.4975624826145255 0.31606522143005594
3.349781342347973 0.14044827833591514 3.6343778609923367 0.2867273746420628
3.412238781600653 0.16060958798868416 3.510139415561416 0.3327607624329793
3.273910555302187 0.15360892489457184 3.8062134246439494 0.31475500680207624
3.109501219208828 0.17189230984989645 4.115171282909868 0.3520965223602318
3.4143121427037637 0.15779561177811002 3.5100997821504976 0.32468040579634794
3.3187030646985036 0.14452328273131287 3.681578149496112 0.2959724777626082
3.3070058170608765 0.16499414918628727 3.7232939253631647 0.3365957563551945
3.511295495890087 0.16452988797490847 3.3115638260289315 0.3400251027271422
3.2397036751225454 0.1675857807697408 3.859987417722259 0.34549888551495445
3.3212709262030033 0.1641776319421921 3.7001904448026846 0.3362180092797051
3.287456806083042 0.17275024170145536 3.7612637366561827 0.35364089005676147
3.2941392006675354 0.17158332839117607 3.7457481279285263 0.3551831551705167
3.318032159597969 0.17194759699900286 3.697424323997962 0.35041496897928287
3.4054788383752026 0.1417412637483176 3.5135505434180807 0.29053308674781825
3.299606058738824 0.16511999439950562 3.7197207433066914 0.3415530790795358
3.4504741203080997 0.14991990943538577 3.4296950064358818 0.30582121713577265
3.4923514005955734 0.16025378989146377 3.3245932764779975 0.33314555985379
3.275202277821699 0.1642687940695691 3.8190108221914376 0.3360285892248884
3.3710767623563918 0.15887127905099166 3.601020993173175 0.324879767664901
3.4388004749244945 0.16361174722659008 3.4437940014225896 0.3372453449851075
3.3343263722970002 0.16402257793851882 3.669933387996287 0.3369478961511528
3.3351896748437224 0.16923727285034207 3.6223398748112103 0.3463170914745244
3.406942155867171 0.1575935878897215 3.5181860888223895 0.32404057898042465
3.3785449106035426 0.16723729792132438 3.568144412044198 0.34556786232768966
3.3568635916491654 0.17143105748372262 3.633517884065933 0.354406025540604
3.4284944074185626 0.15693356410263073 3.4762330896703606 0.3218329632723777
3.4650172813619045 0.1536964166926132 3.364731658688871 0.31511614134588545
3.443238411930251 0.1503458816805084 3.461494334223107 0.3092623734972672
3.496396449056663 0.17547129428536623 3.306046635345208 0.3626681180397977
3.331262913387685 0.15442372498437446 3.659028547790874 0.3154768720087828
3.3279797707743204 0.15551756653443533 3.6611061120676096 0.3200474342970664
3.4221984819821953 0.16855790866052026 3.511333834917025 0.3462768319028362
3.4500816001592165 0.15014057145090834 3.4510059746879613 0.3063126745566455
3.4995566869588663 0.15076625162598334 3.292716353721807 0.31290900076206485
3.2787406015444835 0.15816342669067046 3.785833760206673 0.3239758668564786
3.5083906201468738 0.15807996980352917 3.2643607711404377 0.32881302756372544
3.432251850278882 0.15322348470572864 3.4609742492895093 0.31530400022368626
3.19712219832865 0.16700537256922965 3.918798675840331 0.3413632091143458
3.3620916917061963 0.1484386548977619 3.5960670607405096 0.30692558092768035
3.4073646823325254 0.15255874250155071 3.489458419981453 0.31374099880703754
3.3193877856323653 0.14658897485177175 3.7030275368374426 0.30219788416415766
3.388702633272432 0.1591552755446102 3.55964617135255 0.3255191987897437
3.2698661575962076 0.1547523721259094 3.81675883292196 0.31878678262030063
3.4578985625637575 0.15178581636148014 3.4099184022322273 0.31249337722808795
3.4448154287923423 0.15665657337548775 3.444836956993515 0.3237225368663169
3.4578735317071043 0.14099272653658057 3.4270045209577145 0.2897214215431645
3.627471536368952 0.1849241929864705 3.090651514216412 0.38021419368178255
3.401383540320766 0.16666398663384327 3.564980853325861 0.34056941502489013
3.354120105929473 0.14597572217730498 3.607312750262989 0.30052778065406777
3.231488230134663 0.14989985336504472 3.8822689836116906 0.30651191226672586
3.4100008466106027 0.1611324210177332 3.4954104644345065 0.3362614467147512
3.3214957423458276 0.1489565386297219 3.7046416994976905 0.3081073501356618
3.3826170143802203 0.16813196077025014 3.573936809590685 0.34798174489613537
3.4451793545002607 0.1599880750748296 3.4427644322796294 0.32717610663121693
3.3956823164269716 0.13737074879177932 3.537690778764355 0.2846511619270976
3.352905023829953 0.14606485019290705 3.615369492402374 0.29638600397280296
3.516709470963562 0.15863550360484402 3.3054470577169655 0.32456461466317454
3.364522555721594 0.16296596366360666 3.606363978777914 0.3385154763713207
3.3480298316573944 0.14938839121403177 3.6419186961939243 0.3067428109628746
3.3781352685529455 0.16591552207518576 3.6133400784790703 0.3369280790831044
3.3402074381878473 0.15090086597680105 3.6593482966597013 0.31181786829200925
3.202524722388215 0.15677102438123144 3.989496791245889 0.3263392750200927
3.3107377797356756 0.16826728029719182 3.6944936996119733 0.34261174527190486
3.2857029260466377 0.15412564260494765 3.75284059170651 0.3200213081997894
3.4052370220572294 0.14925053472352465 3.5315596192050176 0.3084569832393036
3.435113320535526 0.16711095042399757 3.45836069731394 0.34459118883295686
3.390293009776661 0.15568724831995948 3.544655924297688 0.32294558835801435
3.2775462539344993 0.155931220233881 3.7912734230701264 0.3230006912094635
3.362878635638146 0.16326741394226094 3.6232616729124243 0.335356033316681
3.3819046998482722 0.15269520050094182 3.5566519091001134 0.3143979848042028
3.331524879422254 0.1555106997245952 3.688326965804542 0.3200888793677302
3.7051629764398797 0.16708602647776816 2.916365249541016 0.3412500536831873
3.2682789607153975 0.14485457730772325 3.808273315425285 0.2976191439276871
3.4279419540727782 0.16728447010166062 3.482371346011556 0.34491787544028363
3.3172629510280567 0.16877434085414875 3.7178126783917396 0.3462476838818059
3.3788934133719604 0.1675280836819632 3.596984775452849 0.343523424701109
3.4488454641302484 0.13179522934496826 3.4359895793399433 0.2701624117957748
3.276611904532942 0.15355044712078114 3.8053400360438796 0.31637624123216496
3.3886966679489063 0.1659667148419102 3.537870784307632 0.3400988625868195
3.314639492303299 0.16932007843800245 3.7019345310218696 0.34565522160497947
3.222372212084994 0.1442003845886871 3.9335083486642066 0.2997686916638356
3.3180087555452222 0.1614660449607718 3.7102519826153015 0.3305707698861307
3.4736124314961403 0.15413221825642168 3.3609638943150975 0.31603492051575377
3.2895523305329917 0.14518495487020097 3.7569128272807224 0.2999344090481829
3.52618004768056 0.16014152799387024 3.244303113073091 0.3297896881174944
3.333776025428341 0.14263052858251354 3.6977677918085172 0.29459264090608167
3.149760981994292 0.16702806872898984 4.048403432125139 0.342546129316079
3.4261777523875887 0.1457914548586236 3.492766183698405 0.3009308932519591
3.226481923538251 0.1611931992943531 3.907543986775476 0.3311870036150009
3.3386069088638335 0.15139065821336467 3.6804990932011745 0.3119463691866123
3.3598121294430534 0.14352203102548886 3.592772060447969 0.2954462419632268
3.3286506574624974 0.15498131813985316 3.7118621179194724 0.31955282983418193
3.2895844092809243 0.1588608031324058 3.772339975615843 0.32528960640253757
3.2536346604562647 0.16921938215437274 3.8408175240269693 0.34636307763298824
3.6740036097988895 0.17751344048796627 2.9617764589724 0.36221078877896024
3.2265497828464227 0.1598812235051997 3.893623449924086 0.32807819652932885
3.266163413731788 0.1578673259628826 3.8006155828107095 0.32601712499932983
3.447475280360513 0.155235423531046 3.426401237723347 0.31953487319533913
3.2448910179865473 0.14850089163657534 3.8574792929586854 0.3081240903634502
3.4155506087955514 0.15497937917486787 3.4904458855776044 0.32333889780859637
3.403323219704665 0.1541313344007238 3.503617302664025 0.31600468579427926
3.360373916714719 0.1651727034876625 3.5972817468175355 0.3419247638674946
3.4090732840772846 0.17053797615440605 3.4916040333262233 0.34810260109651453
3.394938797644361 0.157570241391994 3.5452182142168556 0.322355190331272
3.3960281628114295 0.1509955483984088 3.5508222935022933 0.31028882373001426
3.352621148242017 0.17128018994918975 3.6165717912872815 0.3514463305651486
3.51933018262617 0.15439434579376723 3.2768066441672237 0.31639525652987754
3.4719612046215307 0.15579893892393604 3.380458711310924 0.3200652569848806
3.4095980485926587 0.16156102713072276 3.508732963212305 0.3308503576725597
3.3037587365343706 0.15409557774335994 3.731062838834294 0.31801565515950264
3.4474427720661422 0.1719226722208972 3.3663206184913266 0.3559427637394821
3.3324917686935445 0.16130473865138528 3.689628697089727 0.3301295943032198
3.470482312291412 0.15537396166433337 3.3890940707980537 0.31938998191406215
3.3542224853583447 0.1458964875180055 3.6304425064654096 0.3007788452940495
3.4357716728518772 0.16635259332866462 3.4549199132787294 0.34071448700487433
3.382570946006232 0.1708173823943096 3.5488649776548633 0.3501112606834532
3.381775182818635 0.16742246631705804 3.5706689137027654 0.3440849867162142
3.4114269862571924 0.16054386526482928 3.4989400725002304 0.3327610466556741
3.3757789300542846 0.16573854888207706 3.6012463148322995 0.3379552660444966
3.299295061917115 0.15639147776437398 3.777270068857982 0.32441770567774886
3.314702943304301 0.16380386050819157 3.7137729862240905 0.33911933700569774
3.3164148514236835 0.18732223702625114 3.698027334296663 0.3854430815272685
3.3764359200121206 0.1691858027726705 3.6009741901771894 0.35194633024272964
3.3776634746123753 0.14813992816711055 3.5708494852199637 0.30384569361063574
3.288669461998591 0.1462298829439812 3.735953958363501 0.3007471595315422
3.418472240833382 0.16396994758603647 3.48471772065734 0.34202477312822416
3.1932893639305266 0.15806758067832408 3.9731820639485074 0.32508641065102134
3.37516224065549 0.1604580394754041 3.557525193197004 0.32818493643910096
3.420392259351364 0.17239889716038306 3.4886988382440123 0.35679030741926415
3.376087489413705 0.15752081595841186 3.585033255924185 0.3257282291548247
3.19518082561752 0.1567194812068262 3.947724090747497 0.3212434730042637
3.4986267491813834 0.16040641045087115 3.3238366010705636 0.3298937876118219
3.4542159048357823 0.14664926337438675 3.419388778351128 0.3010421404830844
3.3557251000868638 0.1368263324873346 3.6029864875501367 0.2814597502675302
3.295146110609875 0.15913026932429475 3.7386368899489977 0.32685494898099304
3.4103196828580398 0.15770700731682458 3.5177375584201216 0.32505695128276935
3.399807280674808 0.16846320555534725 3.5505278290995177 0.3470499715900418
3.342918936686554 0.1305836210465601 3.618477870049812 0.2698019526980117
3.414646826984219 0.14983550731728817 3.5248733686689 0.3082049706791673
3.6719095951626963 0.17055093122324635 2.942736762465578 0.3525912387159998
3.388284517589241 0.1794978246222103 3.5807791630669383 0.3681202910540439
3.3788822880083766 0.17641033939599948 3.5756871552551712 0.36345080886980646
3.394440637280127 0.17582884262137358 3.563386776825223 0.36185927466703444
3.290578379452816 0.15316850289394895 3.739681547411398 0.3152162927444548
3.4018311111600363 0.16813533504217465 3.5332247164098405 0.34419713461185636
3.387685701527678 0.14532181346239648 3.5705902772598606 0.3020375967999413
3.419907111277204 0.1684523466106883 3.480246156204003 0.3482236753583215
3.165178282553252 0.15705072036017345 3.983216329852471 0.32163019338641397
3.424435915167206 0.17509852710480958 3.477457804038951 0.36495522828571636
3.314612639513446 0.155560378620379 3.6731801082170454 0.32001892884997774
3.3998031885125455 0.16430616196129186 3.5462996895987304 0.3392841816166157
3.4117547570514164 0.1757385736027831 3.472207281472714 0.35870454955302145
3.4812231045458617 0.16193663558267377 3.37134077290075 0.33294753054145054
3.285735654745012 0.1664224765321567 3.7802455544338693 0.34496885896067503
3.2950076066418155 0.15053400407822687 3.7617479407401335 0.30897026992282595
3.3032847865647437 0.15989890795312517 3.7055588161624993 0.32651442895399396
3.247908777944873 0.1380683456618244 3.8435198675321205 0.2824134655535489
3.352306190930663 0.16868035101681042 3.643682329420029 0.3477913374520207
3.326005752757345 0.1701090195071096 3.7066836833292003 0.35012270922525557
3.4670178384002908 0.16996940212577896 3.4001352391487023 0.348093076597961
3.2845492952446778 0.1525242834908504 3.7132617084348283 0.3089999012937128
3.330920421913552 0.1689852497249453 3.671898250288269 0.351157836446099
3.42943587350909 0.14606611331677377 3.44820360329596 0.29761915520118215
3.4774017123583865 0.1626852982493262 3.368105746719637 0.3341115967628249
3.367652637394823 0.17807825719807038 3.6053970140649234 0.36710869491239045
3.3733537627058245 0.16536563271371546 3.594756787272283 0.3397459510589367
3.249017780491174 0.14944936301159914 3.8523043547782474 0.304414495424316
3.3688542920651283 0.14173172485976135 3.5810826007393572 0.29264602824156455
3.3519855417651003 0.172138409654983 3.6205637726832247 0.3528882179019258
3.522316497197264 0.16269581437317704 3.31246775412469 0.3339821394751589
3.0955384202019505 0.14409596584835474 4.183274197248947 0.2959061622046581
3.299424075745988 0.1692662354794469 3.7322195729157492 0.34669936028423426
3.29927763969531 0.1394638682715722 3.7478699838210767 0.28692437893378414
3.3621303460589087 0.15882516254419998 3.6119993712616623 0.32768594910959964
3.453357773385107 0.15436113853440936 3.426722729342698 0.3186385591261665
3.271815898181419 0.15037235121604084 3.80104469900411 0.3131607438551749
3.3473047117408905 0.171775367010837 3.6203660170174876 0.3492629476348011
3.2307541141058564 0.14326335867173312 3.898722780373947 0.29430379481647373
3.375053770310023 0.16991997134695302 3.596041432706541 0.35075373109754926
3.3989127559577 0.16013347567341676 3.546471916961554 0.3286144184875733
3.3841969572423825 0.1476839409142045 3.567305987071846 0.306373851856988
3.230238598132436 0.14245944203631725 3.8897378335735033 0.2961468350182247
3.164232564154986 0.15969761233892923 3.992306143539739 0.3300108369148902
3.238769363964582 0.16278720312701028 3.866183247540614 0.33295911614221607
3.381389139214079 0.15038384606764374 3.5624329497223286 0.30995964807976456
3.365811783023269 0.16767970278259373 3.5990303378496704 0.3426115670161901
3.477934556084775 0.16906660299901796 3.3917097652159844 0.3444562027181803
3.3655829676681526 0.16873257962931096 3.5899792858976447 0.34486985823885735
3.34825694541699 0.14980992400070617 3.622834179980379 0.30524373118463943
3.349840337897354 0.14397749394766143 3.670720201215713 0.29502265370933517
3.3934293208333197 0.16974032137576334 3.5316714308512855 0.34782668197075395
3.255487420774477 0.16363877065357355 3.8322837529563474 0.3366873239175375
3.3690530248790687 0.14321082646938713 3.5899378734054737 0.29163398021650194
3.3751603971246293 0.17396474098145664 3.5614667753152167 0.3556942539557806
3.5243457948354022 0.15755338167894348 3.250978635085213 0.32497615846431854
3.3751807743546394 0.15746591996948658 3.6082482937102665 0.3218236531153924
3.3662157005310345 0.16076879186195428 3.595021080688748 0.33137112263870905
3.241723122797458 0.1620461981508374 3.8502116046724586 0.33210177686452685
3.4209703143248595 0.17597603249464897 3.463755524362825 0.36478269396544977
3.2567301809667786 0.14478685347841552 3.8441321222115885 0.29705097033376476
3.4771113005012895 0.16811814285624394 3.35887277990994 0.34785066467068504
3.4536638935901216 0.1815667234135169 3.400118945773597 0.37330170171245614
3.4771515409172924 0.16152303757229505 3.4021262417556017 0.3342041352462245
3.321837998786706 0.13503592126006916 3.7101227857963606 0.27814352739039255
3.4528772716938105 0.16417167935793264 3.4069345139122573 0.3364036890895334
3.3144337920754046 0.15801672383772117 3.7060672796172875 0.32829858572691695
3.242039908281237 0.17159582345938695 3.8643670934147334 0.3515780837200783
3.252908455968836 0.16038670739736813 3.847132194740854 0.3309504836552588
3.5020281928161747 0.1592707607229105 3.339282819269818 0.3292352914663938
3.53828636476178 0.17083415730164112 3.2363949457711936 0.3517512100249641
3.2787925728590297 0.16306406378355484 3.7813613618301227 0.3337977067059227
3.327428680671699 0.16739141114696576 3.684273749330499 0.34425765405051734
3.475138565987514 0.16250672000039118 3.387287876122878 0.3343919256059777
3.459358907351806 0.15905546984784638 3.4049477670011044 0.3264260513526667
3.3961215884426537 0.17533729889909835 3.538340389201312 0.3608063782278427
3.4933568583503396 0.1358200730916841 3.3283660894537923 0.27793619854593077
3.126337284101848 0.15463266166298226 4.073684237820636 0.31405132431007543
3.4121373122012137 0.1388388049361948 3.507299781229042 0.2878289401344244
3.1659639470964676 0.14154974042488574 3.958657249052809 0.29369646789502546
3.2138431068961024 0.158481776952947 3.907906714325479 0.32562185499322643
3.35124762756185 0.14432809825916817 3.6400934134534166 0.29594328974211576
3.5667686249429362 0.14323596733555777 3.2094547939412927 0.29433686645896445
3.5631243218961393 0.18094033187005112 3.152432011526524 0.37327112328474155
3.1627728221060494 0.14152898694137012 4.019317441540667 0.29034614111488133
3.3162597062464103 0.14282297135802924 3.721041754217861 0.2929071590712431
3.490304794034686 0.1537220666128207 3.317225411970294 0.31723992294450515
3.3096080364819134 0.16653947167150393 3.709444082313736 0.34399785456253495
3.413161895440263 0.16935627389127803 3.5364229342921267 0.3453188196677075
3.3943921795684684 0.15780343512860068 3.5378586285903184 0.32394099605069737
3.36375291453176 0.16748751014317914 3.6238291531075313 0.3442014988011643
3.3510672527772165 0.15974599687815771 3.629081183175174 0.33202541488348136
3.3131335838541722 0.15046531904171195 3.7239967851872597 0.31505105482595824
3.302350074030391 0.14601906548388183 3.715439052012329 0.30022453412620537
3.359961302257866 0.17235537772261972 3.619881492290749 0.3544450995285535
3.3122640358622424 0.1622244292924769 3.7253149091597506 0.3315080631219088
3.458674794054197 0.16428642514462852 3.4195668814241955 0.33899706380390604
3.5073076327722426 0.15146475452667205 3.316107889883895 0.3103305095130357
3.30226146620489 0.14761987950524333 3.70629747736527 0.30458318965731596
3.473512434785569 0.1458971215573675 3.3878811674924703 0.2990600697232761
3.2363101736896596 0.17121809227581197 3.854403952634364 0.35136741005863287
3.4182358785903055 0.1614409499556557 3.4915134803626917 0.3320207975138064
3.3969269416435126 0.15536564873940964 3.5241101808149864 0.3196444791139156
3.3798031538322006 0.1579247813650462 3.5750564691332154 0.32455211365082764
3.452752657508161 0.17213996453444824 3.4206269842026455 0.3530552391414181
3.5336260594124265 0.15492177744697583 3.213642758088835 0.3200965764278942
3.2710593082190274 0.1435115196221709 3.790554942170434 0.29727091689326096
3.2771789506579347 0.16918981187443452 3.8045929571566885 0.3463840989717307
3.2948166479650363 0.15643281450943416 3.7511909252981885 0.32248218368760273
3.174092383115937 0.15850171077410863 4.027766643221197 0.3254886854851246
3.3981915338697464 0.1678420088674171 3.511582449694844 0.3463991990606747
3.382007369415767 0.1658279822464303 3.5779379557723283 0.337897432091475
3.3598185649831223 0.16517942357215168 3.6280497285799473 0.34078223931669654
3.383073127802297 0.16076273604366814 3.553515818593233 0.3290113957101103
3.362261331512335 0.1659258404071289 3.593983417095343 0.34390134994102495
3.3923387165807872 0.1565850989753593 3.565360749718593 0.3221785023762352
3.259452221767976 0.15597309899976014 3.784046859695679 0.31960334797586554
3.3577595484830964 0.16740411371479672 3.5969595661866434 0.34439818685803936
3.4395627983804458 0.15718402187821906 3.448176025218644 0.3238046144875025
3.451356987663016 0.16521144091464446 3.4204847073426228 0.3377402407123304
3.4498444112827125 0.17048336004046494 3.452281675693598 0.34892897111085597
3.2216194030916143 0.17747681246571928 3.8932969072299968 0.36445593202175436
3.36500273428128 0.16195412333796888 3.589387722827837 0.33485404489890935
3.269126144479717 0.1486543495705775 3.7787622951606803 0.30726795130916273
3.303177211630995 0.15978301929822092 3.7200424054474985 0.33159293612765095
3.236984159567811 0.15764718249449045 3.8663195560518933 0.32222017563731614
3.504297470394495 0.16368823841021782 3.326282945802875 0.33513773996748386
3.5527978228905903 0.1635885477948003 3.2295517170031207 0.33692585051896945
3.347303817068957 0.1678264628897128 3.66484178107505 0.3453933799306015
3.4925077677996414 0.1699964631895308 3.359512944353063 0.3467846706429107
3.400403081992592 0.15625045368985263 3.5092562872903823 0.3204705640319956
3.3379914972321476 0.15444689805177367 3.623167725806682 0.3165783506219953
3.2499829871428583 0.1519180738609672 3.855592017321852 0.3132328447367569
3.432633639365707 0.16796422121590612 3.492604026466278 0.3413118122301414
3.4080892932777074 0.15533599036108162 3.509728114833011 0.3205056271294759
3.40261969398778 0.16272777255671225 3.5053282629354126 0.33400576626765893
3.340219360770477 0.15389855071278757 3.6333607633840073 0.3163339555833147
3.446753432360014 0.1623086496456347 3.4498343903069735 0.33200225444216996
3.3716941521105 0.17150832380611913 3.6241302189854734 0.3516428118934966
3.435334657893202 0.16542951936845396 3.4661307927523914 0.33969698251574926
3.2753621174890153 0.15815425327242494 3.7883037016245202 0.3251990671060733
3.2431393902130274 0.15201704479490352 3.8728923456588293 0.31506399680610075
3.4184586307257305 0.16478483095631893 3.50301634199668 0.33930776481270253
3.529524480202798 0.17196571964106427 3.255808196373748 0.3526581756514156
3.0486415459405087 0.13965057450980628 4.2504809696629025 0.28587338023163017
3.454239604085127 0.15893853514629103 3.4282246985035787 0.3241359861490769
3.3206720864207195 0.1613861951290714 3.7116959920182593 0.33030954759019937
3.457744724915085 0.16436607936294328 3.41684255772269 0.33485281094678626
3.427689777966719 0.17102644420634996 3.4777032141304725 0.35158141395347703
3.3185617549671838 0.15758552627269026 3.6991337826063284 0.32505786633630446
3.3485948059073216 0.15759594695776805 3.6336985910602966 0.3226397188086737
3.4755573481911863 0.1563383654881827 3.370171938670594 0.31959507366519774
3.1664534747511532 0.145648608376966 4.029271884465045 0.29865058306745634
3.13332478737113 0.15876435663963584 4.066937817095106 0.32482132238114897
3.4798812326501696 0.1562297907540926 3.3447693134606737 0.3215684741265037
3.3315032971090854 0.14912922515937108 3.6860942884826513 0.30678360858223935
3.472757367840506 0.16927910077989491 3.362589955953603 0.3471934474121645
3.496128845318699 0.16098522582559507 3.346491779982817 0.3329421060934363
3.343252673899818 0.14019223608280748 3.6773261916141244 0.2899253810221517
3.2647480657622343 0.132682146430605 3.81284668223783 0.27404707963651337
3.4144646667972847 0.16105461784084343 3.5198711562890024 0.3289018185482778
3.302807240038796 0.16590334188452788 3.737214153170168 0.3409286302084982
3.2368000134097517 0.16280524248531938 3.883893689761624 0.3368590479596722
3.4049354946797017 0.15653567712666194 3.542963888449384 0.3202255154004254
3.249226130325673 0.15247659205447475 3.8211909446318844 0.3114403288339702
3.3958658352441486 0.1619892868462464 3.545417996678387 0.3352043556547923
3.3644823433082243 0.1402322582789556 3.6179311097575497 0.29004035678022616
3.084353736295821 0.1446758040987217 4.1863474469570745 0.29540596432493355
3.437565965516187 0.1572085223325656 3.4670310550519003 0.3215162588345101
3.3280240560304044 0.16191305595179506 3.637778546751446 0.33314010343281186
3.606603988726044 0.18162755889053794 3.12365636920673 0.3739591695353528
3.2799332322649692 0.1557116880207232 3.7589981828832153 0.32046372969259745
3.5042529583592037 0.16096044335858206 3.2980706627282346 0.3315161815949122
3.285828782997032 0.14215156151726377 3.764578697525354 0.29509740834196824
3.238092633609191 0.14716151965205757 3.8632951334759014 0.3059168243038492
3.3717628682581573 0.14851113917431213 3.5861848016244915 0.30534608376599826
3.4233969471000343 0.1365348115118118 3.475785227657953 0.2816607832942826
3.352368739257731 0.15589696371043452 3.6339233205085075 0.32183884297394255
3.3172016404846287 0.16739390033353943 3.6906965552355553 0.341302853753663
3.1787189278669263 0.15261483035047857 4.00594597563596 0.3147487562408708
3.2854180222732596 0.16165699183796 3.7695449839430943 0.3338213850113775
3.4430618180339576 0.15403627066298972 3.443803704555962 0.31835979906439393
3.3816930969232306 0.12142906174227504 3.6160128526578124 0.2507152400731437
3.3974812026236267 0.14613121399589757 3.5130867855510663 0.2998229563209427
3.348769552469558 0.15810042054440868 3.635107083713793 0.3236004370092032
3.43940541929886 0.1621200256795533 3.46938958363966 0.3327505491761738
3.4330939175051234 0.15797639828540005 3.456118239191028 0.32287236939099045
3.3128237085211136 0.16312322791575815 3.6970165195849 0.3359772541340009
3.4159679427549525 0.1610429597144993 3.4972303769637794 0.3317655127324455
3.248047416874701 0.14493620608475416 3.85228591886115 0.2988379322492613
3.1761993998202476 0.15837070987690474 3.9738603913349646 0.32351599404242354
3.4350120176340018 0.18370792386324977 3.4735901505778903 0.37850287717775954
3.295753152160375 0.14689367580546767 3.720056331475991 0.30373379440008463
3.3047760870974594 0.14298110411564108 3.7265051248001773 0.2913029393559587
3.4328782018916444 0.1479057397003126 3.4746827404842535 0.3043363812436548
3.2839510546866797 0.15520720714793332 3.7919490321635765 0.32185861697871776
3.3891953652626263 0.14977342283423178 3.54322555712445 0.3085435470985119
3.3675078427276306 0.14927430370322414 3.5992448693025003 0.3046065042811372
3.3772157514207026 0.1549027691775507 3.5547157441011823 0.3159735658855822
3.3391023336074412 0.16386833736308776 3.671257465753113 0.3385314274758542
3.1903406594041517 0.15728026260007155 3.962355617947119 0.32546906896838573
3.3994241962189804 0.15925851385736312 3.5367186095428327 0.32483727320486355
3.295771889939606 0.1599645890620685 3.720919412238998 0.33041532373037796
3.4548579625760922 0.15990717203928062 3.4335050881175837 0.32754985124796565
3.3172576197012544 0.16289609484944326 3.7071930726712816 0.33733418977663615
3.3195903479172078 0.15077097209518084 3.724628850201606 0.3117755585750658
3.3349809474008634 0.157393181864091 3.6824428661344033 0.3222216718246424
3.3100860864789605 0.1569471600084908 3.6880751819641775 0.32332222547546774
3.293317927297465 0.13640002595806155 3.728218066863792 0.2831279742690728
3.2489633909685938 0.1517071169194226 3.8661602792875316 0.3118368647733938
3.414777150814764 0.17228907236062066 3.5303481424930783 0.35384337389731
3.4056195079434683 0.16509401343561025 3.5080830541542074 0.33994213272721685
3.2065730040416636 0.15398961663160834 3.9493070924176434 0.31932385782054024
3.540484313073838 0.1661360154277822 3.236703801790874 0.34156234410884007
3.3563960216499256 0.1663035402157945 3.6450910284801163 0.343534767650329
3.4220871840062697 0.15997063305397516 3.4751193550823896 0.32891882300444913
3.386794746694635 0.1586921420865219 3.5703526879941947 0.3263742594187842
3.4358370797431466 0.15741113254347303 3.407735603719904 0.32439801713191607
3.3205426863733623 0.17205377217301582 3.706978529031135 0.3525368733875462
3.3096217199842024 0.14767640820103028 3.701305392632821 0.3041756422739071
3.500379447352736 0.1613151158671656 3.3306458778457158 0.3270565312009072
3.324026898060006 0.15895419555717882 3.6607742443788256 0.3276070317589903
3.3488518028824275 0.16024752072816623 3.6267514745076093 0.32740394017358865
3.4217182003556386 0.17083748407311172 3.4884242562908034 0.3532876927092159
3.4556482964212982 0.16057801931110605 3.3995843718952825 0.3325460138067904
3.496869367834943 0.16072013038663857 3.3101424636028085 0.33039276094014347
3.4727522615646738 0.16169567730776854 3.3567698635643177 0.33065498095243334
3.4432575275576163 0.16069415217494143 3.44573903287756 0.3328132816864904
3.5420210527705542 0.15562480021641606 3.222139860620266 0.32038387118345657
3.4824763002212835 0.16653740508480608 3.3516432322808516 0.3420447572998159
3.3230614926439443 0.16032353315712677 3.6787431230024406 0.3298763525296875
3.453047138855349 0.16823991465026455 3.428001257324914 0.3450384343918946
3.3754834318286884 0.15392962720427872 3.5631691627543116 0.31835830101371637
3.31134095662356 0.1655615158604847 3.7022542760296817 0.34155442228018823
3.31697367630764 0.16965398612321939 3.7066282603102234 0.34840515301113745
3.3963941092552643 0.16459719122453645 3.5653992302898683 0.3373941434772397
3.351997443964472 0.16097981049714952 3.6187010534204833 0.32888721391027465
3.3867207779774446 0.16159520960423415 3.561907412482075 0.33073459297881125
3.41223862194464 0.16061623343884532 3.491798549652252 0.32874579788621605
3.2436863002345744 0.1367431347832327 3.8399311253245996 0.2798347315234531
3.3653251637732047 0.14989413091713624 3.585406836659298 0.3081164315829003
3.2139392881262916 0.14570171871703777 3.8919144288776253 0.29774534948043324
3.281245486871895 0.159478185529251 3.7728623875520686 0.32802484782363267
3.531033890656544 0.17118634632886962 3.2550434657545493 0.35146502503620447
3.4058629343139764 0.16885494957596636 3.4867189349255963 0.34946610959539276
3.2637861872790683 0.1579505876590915 3.7985423569805183 0.32172531402077287
3.377847531079655 0.16811251485201412 3.5999771592579615 0.3439183944119963
3.1341670417950755 0.14506601761302837 4.085644921596717 0.29830600509916505
3.3607491572837143 0.16182673244163948 3.609099904337957 0.3306774793953532
3.4286031057517343 0.1648117428192789 3.496308784475097 0.34139034643166366
3.1730767135972346 0.14263250423721238 3.9733940690182457 0.29085347633125624
3.2632784647856097 0.14854341941775986 3.8028031781535647 0.30824427996628195
3.600228956283187 0.1720891959767872 3.1311447654796254 0.3541323669048615
3.390683159512918 0.1415404422075319 3.5732210947230594 0.2917128244158782
3.538581524537973 0.14960742597301516 3.216197162859431 0.3063923473556487
3.4214417670763098 0.1660964551000168 3.4929156793818072 0.3442086225498931
3.4375031787651613 0.15175937357401156 3.465820106503613 0.31142786541208234
3.573513588171749 0.16768448587829674 3.1730944852680647 0.34237124545191394
3.3873306849289957 0.15588401639618094 3.5490670855175415 0.32027768774168275
3.469678858622106 0.18813833671922156 3.348566924726949 0.38838506987204496
3.397026432539884 0.16317072545396855 3.552034475856845 0.3366068449666863
3.4028763241883544 0.1605224759229389 3.5329814584428347 0.3338375850171121
3.3068325776179863 0.1679701497011575 3.7137060625623826 0.34506668967139287
