4.7922111169129735 1.40801967296913 0.6506349532895523 2.9006181875761543
4.777689323194548 1.4002541857434465 0.7522452307100304 2.8631230225291433
5.8602179476158955 1.5153499673975241 -1.697657530874602 3.157062917486356
4.445742514073098 1.2987491950397057 1.5635983733362409 2.6403968505291067
5.893992174811233 1.5499069913053294 -1.6880259266935678 3.204313949496754
4.544407926847297 1.391464392251015 1.2437897597875909 2.8112808916879324
6.20311889499994 1.5082394371401489 -2.1824266063103077 3.101236172048406
5.143003859876212 1.6675533698177607 0.07026695476758377 3.3696822403210436
5.078491529301079 1.61047591655271 0.027404171807464017 3.323834348410337
6.019980886341743 1.4687338379700625 -2.136945750775012 3.098939335304072
6.125148821744214 1.507605547267858 -2.014609728653909 3.0960791572400255
5.931287425801221 1.6552504851173009 -1.37361019673435 3.3197256821589267
6.800538590561681 1.2844249328869877 -3.17477292867511 2.5834483546207427
4.107427068259943 1.2192353909123919 2.012148960812985 2.510929104512891
6.281464343605588 1.5848967626461685 -2.017683541577985 3.1583437407481463
3.9121021114605705 1.1559061921874556 2.3906948564100308 2.412430706904584
4.22945585023236 1.1311304838297354 1.9003184599394332 2.3127851319359207
5.331419071037063 1.6137606926629622 -0.5371636635559135 3.3365919713858454
5.496614604327839 1.5889598133638545 -0.6405825969576476 3.213317008624995
5.007337870796482 1.5868557574531665 0.2778966668467592 3.2583013996709154
5.039086159771427 1.4549560078917454 0.037283298690263686 3.014790906873143
5.363297250195298 1.5999185725169294 -0.2675705203424412 3.226150882787328
3.508007015029327 0.7454599732500753 3.140342781652281 1.5572409119337574
6.418704079407194 1.3490890314536317 -2.625516041423654 2.7475724273745206
5.506507572131202 1.5855680028496846 -0.88400682482071 3.2731579685911147
4.1354318308354445 1.0258425271903189 2.205396565214529 2.06388928626733
6.0740341225925 1.5279491154134872 -1.7983951003702465 3.107233106168308
4.065019977103698 1.1991759680141312 2.183773972144473 2.4795896867490543
5.631847922143562 1.603252385601355 -0.9426754857318843 3.2765823269799537
6.618493220159664 1.2592001570623303 -3.026111613692825 2.583512661922472
5.686005415544963 1.5329476718800117 -1.1737396091583283 3.1315565097048275
6.660343031974259 1.1713627221749259 -3.211664845809314 2.400834754758215
4.284829586020505 1.2149123823051604 1.8351562148909344 2.4708009637555346
5.291150855204114 1.687494298544721 -0.1735380441312082 3.432093867744152
5.450127293828857 1.4725406599121285 -0.5793371794997086 3.0171872033758946
5.238244101494157 1.4896957239276514 -0.2541612519679139 3.0633339599264002
5.6206824018169 1.5100181637353516 -1.035703617906588 3.1025315803497624
4.955318452020114 1.557648267891156 0.3139366906719747 3.2149791556891314
5.241916998433975 1.5500953102492294 -0.31835652239845197 3.207760510337909
5.122588648502747 1.6478527095755093 -0.2944779054022732 3.477498024302966
4.75918900537078 1.332931194520676 0.8724270691575282 2.6996023409044203
4.3913176119354915 1.2446786531616572 1.5114614542802882 2.5524103175930355
5.658878804732967 1.5928519839812825 -1.2543926062747266 3.33025975020345
6.5480199828258066 1.3468805734023594 -2.943804290098378 2.7698787432868968
6.355347272574201 1.3589398451484798 -2.53687506246614 2.7706380071281886
6.008723602100044 1.5036013846710483 -1.6891985929164886 3.0691850680392507
6.094708009125756 1.4474962600253656 -2.2225827390299853 3.0124742537860723
4.503918823162726 1.2702425285873034 1.2178885845235479 2.6274728287514812
5.800961804411119 1.51668299218253 -1.5567269932310122 3.1299925165849163
4.831395086560521 1.4874633945723394 0.7395665001363372 3.0025991310889126
5.228178698282469 1.5717724820105532 -0.2883975983428801 3.2204743404658087
6.818704262379389 1.0911505211962953 -3.371298961416352 2.2208138454506154
5.90410027239478 1.5790479773160757 -1.484457560603181 3.2290295738629666
5.881244030036829 1.531251888131042 -1.5704997153508393 3.1631220296473566
5.47961441159626 1.5480177831473536 -1.2088826955186212 3.3040154445721917
3.8910572148031504 1.0224656578695845 2.7611708985438104 2.035742672204575
6.510414062090717 1.2792830602502732 -2.7500706767884644 2.593199108808587
3.0593543466967685 0.6464593113726048 4.262656771163789 1.321597488903009
4.183550309087618 1.1692284907663997 1.8820963593310138 2.4219171606941554
4.818596589671388 1.501682793595492 0.7024012639346233 3.049241420178907
6.169299448841722 1.593573926644711 -2.0082043934376888 3.246312825816581
3.358622998349263 0.8224568706332104 3.66741574593095 1.6595224405847153
4.9930982982150205 1.7380832921485874 0.32520782257739755 3.5704722533175475
5.768072007551807 1.5686722250016654 -1.6256878426773 3.3018367798334056
5.095901633329351 1.548407720371876 0.01246787814486039 3.1721925798079837
6.215198028088953 1.407145058722334 -2.2334654754723573 2.873692945095146
5.430651209461761 1.5632616708428149 -0.9113718505628098 3.278915482089826
3.965035512221423 1.1487578537361167 2.4958743011614724 2.3332927116692703
6.153066479495252 1.4411925797087497 -2.1334277870416862 2.9731728269796
6.249405111496182 1.5161446237323601 -2.365277671855485 3.1313171853641246
6.269449278306881 1.4553624879990898 -2.2868664162081545 2.9754181893610943
5.781724231945498 1.6577873517001642 -1.3334974859141755 3.3805466744773724
6.788698476900112 1.0870426756047964 -3.3993049956917316 2.2375621377254205
5.270315786094745 1.6242519616806301 -0.3898636608394048 3.374495758617433
4.204631629785402 1.1143548619340204 1.7931859266059598 2.297179501366908
6.0175589995261864 1.4612667462178166 -1.9570147739217487 3.0270270962839736
5.001110490136856 1.5319624177556017 0.34068447353940373 3.1303586659865625
4.4264409443075685 1.3989721273719071 1.3744412603867406 2.882742772738151
5.463289485826296 1.664485382746497 -0.6772356280131335 3.4271650936613387
4.440429022023652 1.3113141345052033 1.4173466050929537 2.6757202149766828
5.5859273623711285 1.6845257395209008 -1.004435107297744 3.493429247077965
6.142178974520958 1.5001511588145202 -1.9846966897892666 3.070683967067065
4.489416111625541 1.3639226929319275 1.2269899480674333 2.8408108336984785
5.847069828871023 1.546537085474645 -1.402046087039147 3.1493815006680728
5.957412602938776 1.4675568154480183 -1.8119651217354296 3.0457655613945254
4.959711382615736 1.4983626539817396 0.27860634124211403 3.090316293585939
4.561798360803702 1.591783115267417 1.2351733899682151 3.2211409797794963
5.0484010611477705 1.4558471260863155 0.046539945732230886 3.023285721504569
6.307656519992147 1.364731426431747 -2.6305295488590845 2.8549994892991166
6.359196523021135 1.5406861374398757 -2.455654117676755 3.1396108856936924
6.6069888272047095 1.311942744336981 -2.755335563001769 2.637603534576036
5.946782781801916 1.4388416004170428 -2.007078340911178 3.0507824595509345
6.191376032229563 1.3228476330749348 -2.405312551668021 2.7532913425250785
4.674087569757727 1.362649585949325 1.2137563474886863 2.710987665040959
5.821034968673613 1.5622917662590716 -1.594538742809239 3.2523652475527736
6.665117785251698 1.2387596042254236 -3.0674075676292976 2.5250321693318227
4.701426194441911 1.3215804734239651 0.542214949829178 2.7707998238866454
6.2424168849584065 1.5915730628855027 -2.0526365297448557 3.1923258520344393
6.262423841153497 1.4318561340551954 -2.4985667295299443 2.969909855649949
4.970773187005958 1.428884440639352 0.283948984297374 2.962303295058759
6.605353761216193 1.3462807698279715 -2.794810547462979 2.7146937404899996
4.820948964028305 1.5026914121767807 0.5563594973793274 3.080972341051425
5.232883103149259 1.6928818778228152 -0.33223031608462544 3.4989079813805297
6.579755514979839 1.1876876213428864 -3.119250295858029 2.455079255360791
5.207559832885045 1.4511169090474134 -0.3663053132228229 3.017211161521003
4.79073876410245 1.3820802893171746 0.7987011219675787 2.8112979554218973
5.10723587854952 1.5726801269761195 0.02885446570001396 3.2330147465544936
5.129171140176627 1.4893616395298526 -0.11551071496322535 3.0881975129673864
4.485168267438592 1.2039639131562385 1.2916153048576178 2.4777893753245035
5.979665477282772 1.5872175899706782 -1.6932617350302197 3.2333053565098058
5.620021770089263 1.6148599143621387 -1.19331950556696 3.354049472922669
6.627706511109059 1.216490259994243 -3.3526047211247603 2.5584094925172827
4.880239220946032 1.5375388831210777 0.4907139289002025 3.161522452905138
5.227212099616198 1.6135248471366352 -0.186765098347596 3.308714562388803
6.593406718234238 1.3156495237071346 -2.93095222431176 2.70475073995806
4.082601251579584 1.1977136035738616 2.181294305066915 2.4556794663536903
6.366676518535172 1.4387872381016276 -2.4403853641766697 2.9371775825526223
4.2479255482637335 1.2963501328177796 1.7117535428250688 2.6789497164406013
6.095557517309131 1.4327890211004757 -1.922438075192096 2.9437347996022116
3.7569822254034526 0.8855205421009718 2.8868204561954376 1.8145585409342813
5.506363666497764 1.5717165843588503 -0.8609967630578887 3.2478625967403234
6.843827132934315 1.0982840191735754 -3.4577527843612006 2.252505940796133
6.101072557397037 1.5108447847472226 -1.8947586682091393 3.072491304226102
5.665721883594147 1.5642012818182407 -1.0493005250891758 3.175421473467586
5.981355967646607 1.593147520346706 -1.6651720027108516 3.2453978783908677
5.252079950990249 1.7394803319088077 -0.005588291272884849 3.5016277782747007
3.9225824990852094 1.0272189888791883 2.4518797052914554 2.1211466143470794
6.054551481016848 1.5794199859643208 -1.9608804684039978 3.2721072976253405
6.003999574556362 1.4816890390666027 -1.802312972475564 3.0355767673523975
3.2523979691025504 0.7107571876060497 3.879768179339605 1.471731969106502
6.725159838280094 1.246368135637401 -3.183323378464724 2.539439258172573
6.05020577469794 1.494514083763245 -2.0152832521574027 3.1139781983795
6.1660256612773825 1.3700448503394975 -2.364152944848397 2.8439375318098823
6.196962335237767 1.4387310533497515 -2.297602616445266 2.9774471930483593
4.792054282206856 1.5327448924912261 0.34991044392042925 3.2549162832687504
5.720888609951215 1.5617356587438933 -1.2764699417918774 3.2519831953153036
4.872562845178462 1.4403929813025464 0.5091010019139853 2.97315745478181
6.585002681633577 1.1813617718373246 -3.2051554687183086 2.4635726831182443
4.903303503032745 1.560897300195367 0.24844545276465008 3.2819252656464037
5.918546552652613 1.557224691666294 -1.4532036832515476 3.1339847494406667
6.558476723920218 1.213843652429977 -3.0614390159433267 2.5014455440838765
4.266568373505736 1.1512961382024152 1.6087307594521514 2.373647145326518
5.199575339359711 1.5608772416521404 0.2217157570816745 3.0960454609917396
5.082914523868227 1.5032326461338945 0.1701344819576223 3.0842089022770978
4.441242204274915 1.4038551773017904 1.5209713300331456 2.846054165414786
4.157111149100585 1.1838453178866706 1.7866924097216148 2.5077861330868854
4.983362117967951 1.5880535609426725 0.3181872214083682 3.2781139412195612
6.500452152549516 1.5214080332703896 -2.540377910965549 3.0297306292175556
5.76534274501356 1.5645706541314424 -1.1897855338112948 3.1878198111340423
5.686916902795151 1.5703561286062033 -1.1354270875735737 3.2141674452233677
6.184488317252157 1.429983389883593 -2.081082318056586 2.915275823378409
6.755851421495689 1.0723230721365482 -3.506534953604116 2.2262276837214925
4.7049024513719 1.4691799970618549 0.8409067154092306 3.0479246683123455
6.573729095474775 1.2138912120347094 -3.1531146230533755 2.501664824214171
5.03579153157349 1.4741599905685447 0.17936942367625103 3.024028992806971
7.100130863595879 1.0130533915672912 -3.687924136283608 2.0466109549197227
5.8878038464534095 1.5712505027971604 -1.5215750207321532 3.1942914647103806
4.483604541328621 1.1918902638512034 1.2449337544113939 2.4628407351422212
5.8706804877655046 1.5965403263001086 -1.6280430903155274 3.29852467460111
6.1192270651016365 1.511344543600661 -2.0119837097632676 3.1290661509797397
4.946204813940154 1.595110688203346 0.3776128467792542 3.2463980643385866
6.656407913172564 1.3157839202919417 -2.98027001676554 2.665836007694533
5.494193657598304 1.5646609622062848 -0.8159320456971471 3.2400863844205827
6.210717876256945 1.4425540746024554 -2.4778104993000376 3.019212839845788
6.347025521426921 1.434581691022287 -2.4970726451638035 2.9621278641709776
6.531110137393228 1.4873779891581165 -2.772119094951792 3.008719795453228
5.762600985182752 1.6102556755714232 -1.212153741722869 3.2629842611316358
6.45830211926822 1.4336624808297425 -2.578175839735729 2.909254212871132
6.281619348992095 1.3789864070411708 -2.573946873834516 2.863603334010483
6.377605689246132 1.3496944869604766 -2.779479262241278 2.822062282977274
5.94337797038321 1.4777342632974282 -1.792762462546046 3.0669854576833013
4.847533143286798 1.6410732024563297 0.605197789896734 3.3437358647867756
6.24231661995416 1.5235239786020607 -2.2113708963710756 3.1282866891754684
4.838234349515012 1.5024547300346411 0.7015030944318418 3.03181260693502
3.5552302720211477 0.8703302565228793 3.2008478656052337 1.7888939263060728
5.171063087652872 1.4784224427385966 -0.310884202694326 3.1059663776356836
5.78723560063099 1.5555239938637189 -1.3600969896750779 3.2070153633924208
5.454555748964054 1.7109871435647879 -0.5973997366609731 3.4805415793429084
6.248010211419482 1.4707553817004522 -2.428821290445015 3.0349465393068433
4.460702744221997 1.2107759121915544 1.2597647063248019 2.506899369227915
5.7585667951071144 1.536258137147802 -1.2300475665055632 3.1321982028290427
5.126096756068588 1.6241430524769567 0.11467518173200708 3.287405074558917
4.974654533777592 1.522311077682698 0.2787783937638867 3.1323322159814677
4.595626474736795 1.3296307731973174 1.3558646424340282 2.6545210610498717
5.621743577158967 1.672895650356703 -1.1443337556878501 3.443241944171431
5.154448819560056 1.703527757353368 0.04720015776279116 3.398907668230837
5.900777973419586 1.533452323026659 -1.699630004848993 3.2008096284541248
4.3149881406779205 1.3635373741969656 1.758076692169695 2.7454968042487153
5.695266555869667 1.4766903674109888 -1.3486930613933628 3.0506640429843133
6.810377336294786 1.1876133028192932 -3.323221608945679 2.3970869283684877
5.782981231196617 1.5550177352095989 -1.1672873162114312 3.1081246986320097
5.805682758981984 1.597432687869917 -1.2024881365997335 3.2231897404434036
5.111837014783293 1.5138819509142936 0.06851485249715089 3.07836061869917
6.164246708354073 1.475379991544606 -2.0522586600031367 3.021833009630016
4.37208560765611 1.5443756574871013 1.65534039411349 3.1121457527249867
5.461667167264967 1.5929663291355054 -0.7749702355092483 3.2884581619365796
6.360317583636181 1.3863842408693794 -2.460262823825542 2.8330200673639596
6.40047132505952 1.4137900792286813 -2.552935631946113 2.8782472561077364
4.975165584808892 1.4896300054985512 0.21287509200921764 3.083588140202621
3.6794288980449643 0.9399105350521231 2.764440873981435 1.937091669047268
5.073558014084586 1.4716806688675972 0.10493079818001638 3.0214276074671083
5.8008131968683845 1.4915918834319974 -1.5414758327972178 3.119205343039452
5.141923424263066 1.5978532212213836 0.17012390482913775 3.2062675871449646
5.430771827517393 1.595981215601822 -0.6450933622170034 3.284038425248804
4.744450824663923 1.2954473896498155 0.6300033128850834 2.7073127476771206
4.656340781594445 1.2521199010878656 1.0375801762962755 2.5492160655004494
6.356382457545263 1.4972527680697907 -2.198586872638807 2.994426482482398
5.213494600380853 1.598462365539239 -0.1297869979729559 3.259855996425622
5.431249003309372 1.5866175432140797 -0.6205195227541876 3.2574132327212677
4.8263346636168425 1.4472437513942737 0.8969201149756658 2.9128634294500397
4.540964541317965 1.2947018925900846 1.1753137528401352 2.6624539814046546
5.05025297782468 1.440759477826025 0.16768529458603587 2.9680988258260546
6.07596644282782 1.5085968517572979 -2.0472738371905734 3.108844316187329
6.142253580523958 1.5554860863490947 -1.931605373369793 3.149196465788901
4.395824778309157 1.3597047624627832 1.6050600523489145 2.7540216048633774
5.9161391234575955 1.4853613813084467 -1.6046602757226804 3.063073890140735
6.253489843677445 1.406119384645579 -2.4485684597098407 2.914025302764283
6.761574914842486 1.3673017164686372 -2.9088838795144394 2.7265202178346977
6.630794534043939 1.281360647506562 -2.933438413036586 2.6018078568016727
5.805478693139847 1.4454391990818767 -1.4314743515299049 3.0025904053912917
5.2384132248388315 1.6803683397485931 -0.1272528023385957 3.4234146032698765
6.214664489713448 1.4419235175579832 -2.129557784584259 2.9325985484864674
6.244840703667206 1.3255972734944441 -2.480024835953787 2.7814773383305416
6.4496311192681635 1.3334824264717178 -2.635897277188193 2.7160841078476428
6.605545871112712 1.2022722181141938 -3.145281778852983 2.4911572573313814
4.955481975447384 1.634208306435326 0.3407984895783154 3.3631614281288247
4.501390733244941 1.2891640388980767 1.3444039967675092 2.629534026446429
5.396927195573911 1.4127374983284653 -0.5519830391146412 2.890530529346338
4.5041143928056435 1.303600702055967 1.2129488979145227 2.676517195763315
4.265658948605578 1.155937281248767 1.835001146134378 2.367015426940512
6.276008333602586 1.3486331945492067 -2.5560838566165764 2.803146768775878
5.758603249983425 1.5300936100029938 -1.3527758088833775 3.157055520210062
5.849840948373479 1.4456062155079445 -1.7271333970498843 3.025650922165265
5.886924091234018 1.5277530082605162 -1.6402321237804114 3.14509560878285
6.888722025126961 0.893741830067095 -3.870450584305589 1.85933197238913
6.2125392230125 1.4885706071886649 -2.231671962093929 3.059029988231944
6.603832831245585 1.1727882203542999 -3.2850218262836357 2.4634528157676825
5.264430072662671 1.649293609831516 -0.27602546995331667 3.3727780903822575
5.304930038086124 1.4799338063049958 -0.48628651954864893 3.052259795916103
6.628951379736913 1.3564363827638461 -2.738848473867618 2.709111116755128
6.581748070231809 1.2699136728793323 -3.0137952760670252 2.6166506606535513
5.069900027384453 1.516489396717424 0.047286022596639166 3.1389602720400758
4.325540244170039 1.2084042743039578 1.760426529413165 2.41572054304724
5.908352397036382 1.4601596244967745 -1.8099005332308398 3.043388968615651
4.450969207004132 1.3664801993826359 1.3189567562400288 2.8410805344345573
6.394962849029504 1.4619746182950986 -2.3323879175471824 2.9275630584480954
5.091234009628506 1.560025717401506 -0.037871175453821876 3.234466126224711
6.317573080166362 1.5550129359724592 -2.138986066970509 3.120409240424261
3.9186688279596638 1.0101573413404945 2.508991112231144 2.0704751887975648
3.9601384553019936 0.9856585483880808 2.5162938639013377 2.00793319031249
6.247592142049735 1.2485099927340042 -2.757597436762878 2.6525227636343476
6.0956365501195116 1.4914226000943884 -2.0084152937868973 3.0688007556701637
4.047617535680041 1.0637293174029463 2.24094572474565 2.177807148499399
5.689414180628672 1.6229068676587752 -1.1483835889150926 3.308846883011485
6.319203216346786 1.477956395496467 -2.2624929790920207 2.9793573291169198
6.111458908166178 1.5582771666867916 -1.9919108643174777 3.1890052446895387
4.705328142806218 1.4197270902447143 0.9326252546543785 2.910917687778146
5.753178850948626 1.5074013211534896 -1.447163289241046 3.1236804354247596
3.3987992570556473 0.7762107264436199 3.4931073521385168 1.6035902753352367
6.155122305326421 1.4345235043620017 -1.9517342754718887 2.9069362981273836
6.540934571920561 1.2960004870197626 -2.9198389929513198 2.673817124168869
6.838080570340357 0.9932922027655116 -3.62185618861163 2.061144420127911
4.532999698695511 1.2851996280943347 1.1547768692885048 2.6548575467586915
4.08387649062351 1.1522808727591487 2.279580403114954 2.3642994372982793
6.422017212012606 1.2943262680906358 -2.9278113084349675 2.7183775134895494
4.47385724377644 1.339777387014611 1.3717608927712814 2.726484269514163
4.831448528880038 1.4752985614699627 0.3619263626661169 3.1144687250432623
5.300676289904279 1.6085370116956992 -0.6061611700285104 3.370249480296377
5.922346168016244 1.6043536794196729 -1.4854371323276225 3.244503432186207
3.7965982205464055 0.9052456093820825 2.5745776877504936 1.8945261154732624
5.040508615636789 1.3371263326758385 0.258527394795974 2.7225294183077486
5.684181325540576 1.7601988259088939 -0.981472387433126 3.5692470025648375
6.174541696791674 1.3280374558201924 -2.4452134791048277 2.7945994029468513
5.328956151026937 1.5043565378957475 -0.5356079554446632 3.134418278448108
4.7264016262458055 1.4626015578386813 0.6871653191751786 3.02215459105603
5.563086071165962 1.646957875904154 -0.7861876885222572 3.320087341679308
6.063235586596331 1.5518153973959863 -1.7878846502744508 3.1704147909076212
5.049020124979917 1.578597203610885 0.19202342226795255 3.227187048883358
6.182095737850931 1.4847956355955703 -2.2139888023007 3.054199413869745
5.596964591077388 1.5968375651026567 -1.0769540911466937 3.2918407555322826
6.692383411331946 1.1957377832306963 -3.1781252654087995 2.429995353609445
6.858233330114979 1.065375112361486 -3.4396545618308845 2.1705417073794533
4.7373019851689815 1.4443393907633026 0.8478183673116958 2.963890344193665
4.808058730018734 1.4265073714871164 0.7318592746424359 2.8987740058483307
5.193832600777657 1.547218749099584 0.07022198094032026 3.087405576873805
6.263980470645139 1.4278207430775045 -2.3391944358389773 2.93165572187422
6.688036618249816 1.3903610329645604 -2.84025658672104 2.765758498891288
6.690400964198372 1.1566435951746543 -3.183244752687359 2.3539120767922017
5.416911493342476 1.5211581057079158 -0.7475733065028773 3.158863027883952
5.9967532847256635 1.633626277158057 -1.6238957428376595 3.322421477066504
4.613355809821484 1.538118557510034 1.10314637394546 3.115360647034969
5.854668821536096 1.4426674449359551 -1.6513666558569695 3.0056922972354028
5.025161714675782 1.5521438511507912 0.28653284646604904 3.136834530774189
5.741695807064379 1.704452348117615 -1.1523023204511995 3.4423801361688895
5.231733812770265 1.5566415068070862 -0.1526546108299554 3.171560613190276
6.048379937378311 1.4523703639474013 -1.9573461454564645 2.997627173248417
6.4825450700083 1.4332708457230514 -2.762853549874158 2.9498882329039113
6.643613902925797 1.241124474103929 -3.0755690066219383 2.562960340070537
6.083392854127366 1.5167759444730882 -2.0383326653562994 3.117833118021382
6.176375291238177 1.4045362588745365 -2.165454740096525 2.8842629003144085
3.7579789246617974 1.0272198687642555 2.926192700367875 2.1087061220643117
5.775973376674756 1.4807316723330497 -1.343000757536737 3.0626242447526186
6.655845851145529 1.103984137459675 -3.2770611392835 2.3065567424110744
5.907319691403094 1.6070171092570298 -1.3986883768084053 3.2525287099496754
4.751457304957473 1.4535220909141182 0.4857839058834572 3.0432422363494447
5.522012956162095 1.6369238383214881 -0.7204533437528278 3.3250576715395255
5.911933634332767 1.693555520745485 -1.2681154194498363 3.3888589814937173
6.792745865371639 1.051569990940585 -3.452498821760346 2.1804585727854096
4.882189726454717 1.566250047371609 0.6991372964734256 3.1457871621275784
5.655818862814298 1.5281205470327879 -1.1159468594004118 3.114470024525846
6.2160432586681305 1.450828293382052 -2.1869237774267365 2.9928802793251856
6.141922194012948 1.4409992927231934 -2.0847629199382194 2.9557923908533286
3.8805079883318703 1.0626655207058195 2.7820284369613137 2.134009896409819
5.0749515809046715 1.5772111844460261 0.227118474094976 3.2048947347393537
6.597191753255487 1.2312417966105214 -2.991678735916853 2.5453866362625437
6.422873024477286 1.3909360619267381 -2.742240840857992 2.8759916412945996
6.438345254218348 1.2920277033957124 -2.68468084337829 2.6463181640046627
5.323761465730993 1.4248387672871734 -0.5668980426772983 2.95569235522328
4.064875958127333 1.1188856635460696 2.301500718578599 2.275768219508779
5.563213646894317 1.5433888367191375 -0.9336403664560783 3.1537524978829015
5.3100730275698504 1.5925248991353005 -0.4416081642444883 3.2862788151050166
4.279914046241057 1.2239334373869912 1.741525122144227 2.53187337033572
6.2122829181281976 1.458079435039072 -2.376100204211788 3.0137266635675717
6.639209804992076 1.2292403805732672 -3.1627511495310614 2.5279807287336675
4.860550330891407 1.479785438741153 0.6546697058048492 2.9773121870037715
5.249499478331069 1.5344766241170928 -0.25490808085928013 3.143259853702469
6.91246303677838 1.0495651709786016 -3.572016719091157 2.1523196295620437
5.471789809559641 1.5800197344207054 -0.6455264866126367 3.233406917175037
5.063279465481616 1.5845414028378608 0.3634403422209447 3.173542768309095
5.488482468180089 1.6024864938469496 -0.5610281936191528 3.2176501744998007
5.506189518198546 1.6587609297369772 -0.6701993319430385 3.3611926409076553
3.646640100494717 0.9653619262834205 3.069894551317672 1.9531117344260365
6.933521647375785 0.9093657042740501 -3.800383027327471 1.8793091385711782
5.770151477684494 1.6757235619250552 -1.1340384016104097 3.3888651392562705
6.042169301271697 1.5561964756460098 -1.870756675367057 3.1991419431935157
6.760420370661896 1.2867526415819857 -3.0177756635861397 2.5863492760234466
5.7055522778278736 1.5432719571884856 -1.2712531261062774 3.180489242756092
4.276598432439899 1.4047800531921892 1.8178280682865542 2.861225165364828
6.076400334558894 1.4038799621012683 -2.1645637406785183 2.9226858219287366
7.1014133790303 0.799052615143715 -3.9973380642212084 1.6232393886543073
5.910425833606583 1.5143382788803417 -1.7065988836663375 3.1063409076782014
4.834045677757247 1.5271320169220057 0.41678126160141205 3.195343727880843
4.5793631677593325 1.2553691243425797 1.0543867971116718 2.582941985874091
6.718658059986627 1.22229628198391 -3.280494756509138 2.5048416990621987
5.203667820759029 1.4926912908142909 -0.3891106617989484 3.1213083335162044
6.21517141920729 1.4085520245942107 -2.578263051500491 2.9532193987152873
5.104037493943384 1.8277987082134661 0.0686719569738441 3.700375200351186
5.842692841228143 1.625010936891118 -1.3721478157994158 3.2991157173545456
4.947702114590108 1.4872782041213122 0.6023442620093779 2.9860204527121064
5.161695791544188 1.4768066625022918 -0.18186323322506115 3.0302287083030497
5.2900006291259345 1.5379619055200195 -0.3075647309514321 3.1314686622241563
6.020759754472879 1.4809702411849501 -1.9385593449037946 3.066113503028466
3.7928356864434707 1.107710540666158 2.6960689754634943 2.276855497165621
6.304349617217998 1.382588324811303 -2.4787946319897105 2.845555941006489
6.222569797594703 1.256578637900139 -2.6692376750885938 2.678653962361388
5.278121913826889 1.6235811213859654 -0.3302194582591265 3.3204164671082474
6.468871942993843 1.347410865271822 -2.825194315073212 2.788562570256849
6.128890116775057 1.5894773865096876 -2.180302749554601 3.2916612156487055
4.7993204593200645 1.3742564293433746 0.7553356072958591 2.774884078546919
4.667886399281014 1.3651176849199818 0.9056146005258173 2.790078231407062
6.003098607701062 1.4993239105585932 -1.7660647993700873 3.0564432343558203
5.989495662754817 1.5042685714214707 -1.7347579308085612 3.075014129059601
5.629533619991598 1.6626019555697837 -0.8758022539738604 3.3862011914605006
4.437412538442365 1.1953068696805897 1.379702826342346 2.4417208548293083
5.359580482481535 1.5439236466067494 -0.8613458885803102 3.2823198045532584
5.312381310301445 1.519632454359116 -0.4453579212035358 3.117642285157902
5.196312357952911 1.6453256201859745 -0.14907371812136702 3.3789916199823544
3.8983393944789713 1.1318445733117615 2.6217768139871254 2.283489863334223
5.532990267378516 1.446497102731168 -0.9404538965676819 2.977027745266326
4.469489846325196 1.308701222626761 1.4640935592174298 2.66858413568144
4.502684684442986 1.5500696679788537 1.3648555249662304 3.1512949895816806
4.464703501586907 1.3648726772853432 1.3671214672524359 2.8075060839945576
4.885165589558728 1.6164815931816492 0.3592107610876084 3.3473754709740002
5.759062889366749 1.6376682141313208 -1.4344749460796296 3.404718741798039
6.008375711801404 1.383011541813058 -2.000158449506027 2.8799594934725943
4.6326775367091635 1.355776378299201 0.9885779482051258 2.8023792734958484
4.263216715299933 1.2180705830104024 1.71732586449014 2.5246146878325564
4.854548452254346 1.3998644619166873 0.5117993396998995 2.8896612352054225
5.259893627125102 1.509403119699975 -0.16373053486155123 3.0732654965901647
6.857422001972725 0.9559118306925078 -3.7663466669128693 1.9831089436181941
6.619444243205527 1.1576098333912928 -3.3574914477299442 2.4162779247791017
4.482324058343652 1.29641251824369 1.2867264367860103 2.6551921179670606
4.746523399671386 1.477665433356868 0.6473464031400517 3.0975988652205704
4.942437040595058 1.5219425144580183 0.4587922751201168 3.1159406058752404
5.400592019215598 1.5658040671262905 -0.6220299297040255 3.2325622049378455
5.760463405090984 1.6757020293709237 -1.2141847460681183 3.3972734822528565
3.851097295757305 1.13757991691892 2.620370753887646 2.308448109245549
5.845735074716919 1.5834800102025066 -1.1417382381122523 3.186161334163499
5.8362639575553175 1.50931877306404 -1.550399798338054 3.1301312449807273
5.980941672155662 1.5295149186887769 -1.7866626481824248 3.1474599130274497
4.934042269921012 1.6030517173030487 0.2684024603090258 3.3249234890458137
6.7258981278410275 1.2709900523475806 -3.1446330566230687 2.5478350102703367
5.039929654539449 1.499433427121368 0.18719172107717327 3.0812106928170873
6.908334107223469 1.0032874901047846 -3.6504647691237326 2.041365102562932
6.165499449204654 1.480749118781323 -2.257976775180353 3.0666316467409485
4.978510583302745 1.5483244029683498 0.25015096965771444 3.2011654429125502
5.409397153009877 1.6462192922783776 -0.5348623024077235 3.361602605484092
6.466204675610041 1.4108247650540817 -2.650860280392117 2.87226742649573
5.162781771396752 1.562112185250721 -0.17919692801285003 3.255581684326278
4.398761863701245 1.1663016221787925 1.4230675503463406 2.4144210396446484
5.499635959013603 1.640060481863256 -0.7062187572374934 3.338142486188994
6.145941858842205 1.4572062110856878 -2.231810566566655 3.004598629989527
4.09182222839251 1.0151007841607111 2.2394467878075925 2.0617649853865876
5.578779641392008 1.5093531529136073 -0.8923446578558448 3.09408976184
4.801577218559224 1.4923852616184266 0.8901325200162767 3.0081360544181166
5.567796190225439 1.650695360091969 -0.7267067657495634 3.3163920834834633
5.611563779043558 1.6194473025283735 -0.9237839024003865 3.2741379629264307
5.783903449501629 1.5077578876326674 -1.507442492855518 3.1143717021946036
5.646555072294067 1.4485548761144869 -1.4812632434798798 3.0980791907772187
4.423573831946336 1.3319059168734955 1.3099011676690835 2.761261063771113
5.799816189405519 1.6419351707931156 -1.2794710055553846 3.3435675885813256
6.47498866861172 1.2296086856557211 -2.907877047358789 2.5530147330180832
5.632439959442975 1.655451795561887 -1.0734267411852745 3.399483017488587
4.585554360263947 1.351701691439198 0.9766528687333302 2.808449002568879
6.3262443541516244 1.5335313446067524 -2.3856131598525074 3.1546916308462327
5.033426536283917 1.4003588500385717 0.17940750517326604 2.8942133355509023
5.413115864721542 1.5146933213958365 -0.6556464839111588 3.1199764319834395
6.174384109995879 1.4802878848406997 -2.220687260382772 3.059642361546009
5.789975534860753 1.5325693177846926 -1.6076536407257125 3.246184043417361
6.385693670878097 1.3938770088227281 -2.5366134503304276 2.8368738616403726
5.645752041705329 1.4834935230157005 -1.2320035712620243 3.1054944376174496
6.007589394744986 1.5802031595819843 -1.5693179772851025 3.189244032184894
5.650282498832199 1.637348929690311 -1.1976232048567694 3.3647488502416656
6.883317192667043 0.8636892566953953 -3.8530754821047113 1.8137093178088055
5.742162917845661 1.5339360575131264 -1.512520134020582 3.2139521948867578
3.9614661135529277 1.0693112410921568 2.367794847002239 2.1903424194507566
5.988213738305884 1.5372037654016133 -1.600640414244201 3.115158979517492
6.368808674943228 1.2005115707950171 -2.982930869545251 2.5439310073635837
6.70118869841353 1.1628890378102168 -3.306286747113057 2.4107282687155256
5.885255125996856 1.6014909235116592 -1.4473229268617853 3.241413301889353
5.490704153891265 1.7300459596342685 -0.5159523888801151 3.4775156701921324
4.231959904964114 1.1442927904391147 1.7706584128687068 2.390390455799087
4.02167999982467 1.1177890145922746 2.3074119465325365 2.281480036847256
6.14094762205438 1.4867230285292008 -2.279881393145028 3.0944870578102424
6.345024117373565 1.388043970825093 -2.506247179445542 2.855066522269737
6.139290707800029 1.480054824916427 -1.982382623782996 3.0161834388800277
3.8215062821228942 0.9217137404788188 2.770065806520773 1.8830599131086285
6.554303612085725 1.3758767319168856 -2.7242596684152818 2.7577699990659856
6.209157089313635 1.5472423010619696 -2.124780659588983 3.1397178188000736
6.6950309676302595 1.1532443184272347 -3.2417180325374133 2.3772513862463356
6.274891754227877 1.3997925603396397 -2.5138964941000825 2.932877420017046
3.8086146413083517 0.9065929532912524 2.6980472820384307 1.8673710386767117
4.20255059251255 1.3289123561121876 1.836064565111609 2.7691631130116385
3.798511940223184 0.9805272043864564 2.6748438601416478 2.0203517558197577
5.694984024287333 1.5610056047736787 -1.3490429854428203 3.2701792542553227
6.1904169662645705 1.3962727656878684 -2.3508493088453775 2.904202128029743
6.359742571190392 1.3656424499085777 -2.787303011313547 2.8274110799576015
5.775924835804094 1.7350390584540678 -1.0927362963255334 3.5059475133192883
6.141309177218764 1.5090735025911586 -2.3169597665243478 3.1875683618689936
5.786234680665185 1.5544841248247927 -1.2998682174190992 3.1611997790402637
6.641932198419837 1.1731559678270511 -3.2898917441356206 2.4400111573595074
5.652386908795586 1.6391491498284687 -1.0070087520287117 3.3373206700525766
5.763290235367982 1.6089648504780905 -1.1323885305327588 3.271923477994879
5.547322223143005 1.5549773133242355 -0.7732246688327826 3.174749071861264
4.601699841137861 1.334098807698393 1.2233308095849496 2.7269744825268294
5.047538447487497 1.3772684450602746 0.1274773806707154 2.828187668113116
4.675659911584253 1.2311361957755338 0.8127277991114982 2.56263891058216
6.528690904230988 1.2891627276604176 -2.8561854072260164 2.659845722015684
5.032309211538881 1.543745627479004 0.0374252435580366 3.1695744644422983
4.301541589357282 1.0119548770167905 1.7940765464633275 2.054732601149271
4.842207995090071 1.4740923220747995 0.30981547519897235 3.0988766914663577
5.586870034262997 1.4815819656951628 -1.1638401121261372 3.0908537596125116
6.540585164548837 1.450691090239654 -2.5746279265705994 2.889668461973589
4.2297128500689585 1.2348067059863213 1.8029223429657586 2.553648513936917
5.839867133166217 1.5831147935698604 -1.4005466440084122 3.2439253011314872
4.950450782547236 1.582630867864865 0.48708974039220665 3.191408122779977
5.5375332526460355 1.6186628289190936 -0.8104943226062564 3.329485368889365
5.680493518478918 1.6779405027019774 -1.0762437746549276 3.421008529626027
5.821194090711719 1.545186653186699 -1.4061230365279234 3.1581897280610947
5.208742947017333 1.4402143407871757 -0.21497368136937844 2.9643956310550124
5.7002608440297875 1.6488186703082244 -1.2358994562884211 3.4150638343629103
4.767759420492814 1.5070139226026056 0.6939441140690441 3.1167955371612477
4.5513499545480745 1.2199419558069482 1.191377453486186 2.491832195063976
5.700497036189661 1.6157946804763406 -0.9893992946177399 3.28929446385901
4.090482568812934 1.1085891288104432 2.107172543619549 2.256042496002121
4.506438767823633 1.4561217507263473 1.3469320456189555 2.973279646487619
4.074066734188752 1.117578026845315 2.00343012931955 2.3271138518848455
5.501891988011616 1.5290297451299064 -0.9684863923083835 3.1926940364526137
5.6266241641154755 1.5651100224586991 -0.8584901465867971 3.160741010518136
5.051908858530405 1.4384675230479205 0.3707502533868198 2.9097297056357028
5.308742013724187 1.649866923819044 -0.42649837083414055 3.427305039396113
4.785743983019129 1.5045456644073647 0.8367651028667084 3.073507526170678
5.21508430923892 1.5543070731595456 -0.19617635421396254 3.192174324601577
5.108344190272009 1.6972250182970292 0.19145931605717903 3.4204053066551183
3.5152610301662994 0.7361327040896373 3.327787455216874 1.52315111351247
5.631058031640645 1.5454161950339662 -1.1415525063440293 3.21186253592301
6.495754662120616 1.4158247872836192 -2.604110661943647 2.8524881006630447
3.8037908664450386 0.8943888574641222 2.69729274735538 1.8435160541294247
5.541235281273724 1.735402025201363 -0.48551025494537714 3.4416562151563572
6.046418440587486 1.569435907698904 -1.7634241432743298 3.192188937317184
5.485780101361435 1.575272573430789 -0.6908305564878048 3.24372111841311
5.491507439749739 1.409885274280242 -0.9676702229354393 2.950535258540989
5.104558257730475 1.613376912186058 -0.06800345511153538 3.361288858382224
5.750176958596555 1.5240358125405977 -1.3287944502225975 3.1521335580974186
6.259492765430831 1.3766117477256334 -2.4796450050610037 2.852923703017744
5.315052500268323 1.6182210525784895 -0.2995920642802935 3.309248043132361
6.600086488894972 1.2684474619765755 -2.9420239157879955 2.5669663434909795
5.2512348745114785 1.6559490901087943 -0.10327473587892227 3.325044356634371
6.105514260031565 1.6124302406640116 -1.6533591767473252 3.207461899995354
6.193103111829384 1.4775574650121126 -2.0966536487196743 2.9884785329170285
4.006399944934037 1.038545916635795 2.240022836093256 2.134376128648571
4.285212200856906 1.1007600499718624 1.8496259676228104 2.2400843287648367
3.0075368636309285 0.5351088255594252 4.372236586695328 1.1017422609256367
6.567258197206545 1.2696252866875812 -2.9297368880510435 2.5895437643473183
4.323557905834393 1.2739552419616704 1.713911813960971 2.5898800023577215
4.989690273627668 1.7217481156493963 0.2772119205068997 3.525471410167346
5.473712324391099 1.5880917137477057 -0.9378826400719942 3.316794015153376
5.151628170379878 1.4146909781402353 -0.06292776786653057 2.904139622894676
4.420286151345559 1.3526333195602513 1.535705830805488 2.745430098691767
6.020086848143979 1.4791168481207728 -2.0548615262152854 3.1020660100379356
5.7275272638670955 1.5338638990818199 -1.2865259079227254 3.1631610693201337
5.845037113966937 1.6658132016479847 -1.165860597521934 3.287784719594618
5.593953046013786 1.7067293354295257 -0.8945415882115194 3.483186641096752
5.134820171629739 1.5304889319726034 -0.043157512611141424 3.1113066272211345
4.698565842347336 1.3607122533477365 0.49669197737797804 2.9278723645172526
5.652403056475331 1.5329234142855732 -1.0971922425654328 3.151657734805891
6.080318561515913 1.5900204958757542 -1.7850197401846226 3.185477308345952
6.244456495799595 1.4802751348261554 -2.2339480538322443 3.0365905547720984
4.026358995828084 1.003568872546776 2.1491724558774044 2.073871559129777
6.045196271283102 1.5527936631975512 -2.0399434052600025 3.210250286360768
7.053129819921201 0.9125712916175511 -3.825105123998778 1.8481513240059515
5.327197421534586 1.6905870359848525 -0.4124733924128259 3.4505537893712606
4.543636463746899 1.1865169790392491 1.32241190325368 2.4262198026375237
5.474817098103756 1.536343629947683 -0.7294487051303655 3.152938876040946
5.064213902009307 1.5563056314135189 0.3948586612367162 3.11444129827705
5.866117560601511 1.5973114934468113 -1.7356133254241537 3.321768965493842
5.623383504219194 1.7788859620017152 -0.5874563901012428 3.4811384072256693
4.313406536655757 1.2683771065343237 1.7843782520250953 2.585087428557114
5.606597959426452 1.5904922115084592 -0.8672937342393704 3.215036299528825
6.1895297836712775 1.4396043294889558 -2.0774772901923075 2.9253363553632283
4.44678092233892 1.2280522478177163 1.432301239869934 2.515280606726928
6.260617789384488 1.4347677369311551 -2.4231268871828346 2.9703879052391597
5.635567083684599 1.4830082631544068 -1.2413708311980223 3.095833560088263
4.421404474749888 1.3376681040961957 1.418309233890505 2.761614662838555
3.6745271774038946 0.9610581471934908 2.771574765404941 2.019758875183597
6.256614284481062 1.479046862247102 -2.1549153308841555 3.0036116304581286
6.731687787710795 1.0805004747139157 -3.43061552042107 2.2522686854582914
4.345798143754594 1.1524811105955348 1.5498661845703001 2.353322505068467
5.589102201220548 1.536246440386396 -0.9297183320351118 3.1417897996855193
6.405730564721972 1.3632411501388608 -2.8356358856273447 2.8170290919463437
4.414937025976814 1.3883235975874315 1.5495230855864348 2.8290154860297645
5.424574194457808 1.4878093510652315 -0.6232400398452564 3.080749985498567
5.664796713652792 1.7386843850802334 -0.7488962566739895 3.4902758306857318
5.039465499856345 1.5110461139097453 0.1984033861860411 3.1116917721261284
3.264637307520486 0.7037253764892775 3.8861386753098137 1.4392742081263594
5.671223284769433 1.440953621936871 -1.3761282760422247 3.031190778035071
6.648458675331181 1.308948534510478 -3.060136138587726 2.663126096809419
4.944273888798687 1.5048016536396949 0.46970513141784875 3.081034306139002
4.85882314005169 1.445426366136929 0.3573775401502042 3.0462962066107497
5.45388155300682 1.6527550437603296 -0.5148395830566768 3.344153081788131
6.342969131316472 1.4145651381071571 -2.5508281421593666 2.927658196057548
5.304182652666923 1.5567777285933935 -0.3458492585144224 3.1922485883963203
5.258619579708823 1.615383120450055 -0.2787985062109041 3.3275755544336465
5.430746951712406 1.5823958481223537 -0.7248199923572245 3.2669275599807905
5.023000035725879 1.424244631275009 -0.046668454847171 2.992481278145905
6.425173285398506 1.458534039994913 -2.471956963081802 2.920447223385759
3.202338108458145 0.7597529974106285 4.101077562137005 1.5266730784976155
5.390733535615796 1.5300505715849322 -0.8044022639720868 3.2411678730585547
6.011190844703607 1.4608406836054306 -1.780267941860937 2.967905117732783
4.269048614748863 1.3285115147900426 1.8810004377815819 2.6685560855173946
5.164385995685977 1.5768582275733733 0.1279093225542871 3.179498212584327
3.692579415089556 0.8905543096937475 2.817585527586278 1.8281224836616325
3.9365262888974124 1.1888703374136216 2.37238940110751 2.437267280686097
3.6278639965231267 1.024127041667537 3.010766243346279 2.11975424245554
6.09974163708311 1.4269044564941062 -2.256570057779558 2.987918541643129
6.293624150653901 1.2921906716649085 -2.5610831847935716 2.673676213536319
5.100980878931992 1.7105156915474453 0.030961755145867853 3.539490065957853
5.715510987185466 1.5690885078451533 -1.1814633557114735 3.218746966989511
6.710946037353436 1.3170052504212022 -2.8669641600786484 2.632279967757846
5.709631734722123 1.6100871507099281 -1.465604630159799 3.376377594234093
4.683124762943555 1.4781310512058765 0.7148446531733084 3.102461263894941
5.482897574053082 1.5801964361851815 -0.7340660699608172 3.243854996628103
5.913595055784717 1.6338997027483115 -1.4093287796485257 3.280871699432755
4.966777291039442 1.5642767658553622 0.45698132127732577 3.148542624863658
4.956643401943392 1.497510499775554 0.11873032596619204 3.1316363693797706
5.909493591936581 1.5984395794854334 -1.8493589422993328 3.3538126356280022
4.465504722573877 1.2544816583796818 1.4665116661746882 2.5145103373697526
5.752046396971716 1.5914511147116488 -1.2887496775867453 3.253767002487064
5.889572361866933 1.525541726765922 -1.7076177466503353 3.159620932337177
6.676306912928558 1.3555147883446308 -3.0219847619681657 2.7555422682067894
6.1358093076975635 1.563397119587911 -2.0520963668631143 3.1766145544167426
5.04423471231733 1.4633227557044948 0.2045684948147382 2.9967577961633425
4.95665376952977 1.4829731387702558 0.3232952196734663 3.015976030360766
5.33348195111283 1.440658951533538 -0.5834835981417152 2.998602951016429
6.3964137021941605 1.4709777043433174 -2.453993575907972 3.0039333769019647
5.67373200535938 1.3907463186715106 -1.2855898632160414 2.9065965524990567
6.330913258944122 1.4483267574123881 -2.595791416767425 2.9871290445996017
6.837940353820029 1.0881315531349713 -3.4914000145034354 2.2411890413016784
6.1337491725270095 1.5293322695149494 -2.084177762705577 3.1250544751557277
3.555823871387381 0.9392426823020864 3.319547380113292 1.9075695727096256
5.704128123087353 1.616700445456347 -1.199375355832307 3.323033789304733
6.175457647542308 1.4884226970671117 -2.198897219512121 3.0633615725246774
4.045021317886229 1.0271305259302557 2.2554746502856236 2.1215404079651687
4.170120800264405 1.178293833925427 1.941638708348698 2.424391422995512
5.214855828692858 1.5773454072953481 -0.19933965652032237 3.221045677429643
4.394476358267978 1.3694920340488361 1.4804519647076817 2.809149975398227
6.241731908878931 1.4076059726440422 -2.4859136340862626 2.9332500221337807
3.654572299113167 0.9462192528751658 3.1412483349317464 1.9236302695352214
5.057342435078823 1.5469948400191056 0.15496477241338136 3.157758653907025
4.916668660212856 1.4583378913578982 0.3004350556809072 3.05356605086684
6.637973038924729 1.236905843096963 -3.1035132572976063 2.55647133395014
4.6920197302144615 1.4683260378495033 0.9077349004306345 2.99913484129725
4.9470529823249265 1.4533311867833267 0.39834685209056053 2.9693667484402186
4.547376739515498 1.3413038449626231 1.3061528470504769 2.7261454388500543
6.099122942835265 1.4553313621099115 -1.907849432443443 2.978924203506199
4.284275078199168 1.1787904212880895 1.581839514421393 2.467377563115583
5.488890094768401 1.6213389875616193 -0.6025937178477758 3.2759909222168786
3.9374566338191697 1.0253844133902072 2.4782383029689896 2.0917360468086663
5.356620946507768 1.6408549435997468 -0.32351358975883326 3.3012924978703198
4.087017422899716 1.1154896678591375 2.0253877480317852 2.320526171695493
5.441581053401647 1.5407144115492657 -0.6963994331938749 3.1395019563875697
4.0312271297473234 1.303917670733472 2.295919938690866 2.654534552088139
6.728930853950235 1.1564179155982153 -3.301920651379522 2.376917726565939
6.571497740112083 1.3213385140603837 -2.9175639535000055 2.6972605149870197
6.592209274847208 1.2307232263043455 -3.0742718632397716 2.5462621572757693
6.133365203783519 1.5397163694770486 -2.0980498324949206 3.1698318883995427
6.112619648325705 1.484262566888998 -1.8812323494997412 3.0199470327974165
5.779113054020374 1.6055920891564754 -1.3206230216267545 3.257713918582187
5.571625703913928 1.6500749139948965 -0.9538204234580423 3.404328407676567
5.853460848248188 1.5186703065413374 -1.3207229907248017 3.068830067366773
6.370260401325835 1.4406603798229531 -2.502818458486505 2.9518180530176754
5.607027581167656 1.6129885314781072 -1.1168914605890192 3.330306967639215
6.146713339174944 1.4456209706055922 -2.1236621078127427 2.983456548408634
5.640761765330975 1.5178226235884544 -1.0025426494196665 3.113000034701535
6.17494707465892 1.2718575670552397 -2.540158087736649 2.6958054771194635
5.384891295674233 1.5712448585965924 -0.3731290395320084 3.168145818218926
5.280453912158345 1.5136974562295622 -0.5215551256092845 3.1597885452680803
5.871061297160335 1.5259939305096284 -1.5312201076805532 3.1326819623599285
6.146562500777625 1.5779143329150234 -1.7426987954086286 3.1570123209394247
6.311994353829414 1.4225761842834665 -2.3835790016625484 2.9127603486535234
6.165730532262652 1.3273868441495682 -2.4930550384664274 2.806415045522088
6.367156911772475 1.3597750196263394 -2.588187202282719 2.7900604582184796
5.393951936123113 1.7134430481222425 -0.49266849969354365 3.4737172546533164
5.289055202586221 1.4230105479200719 -0.46625276347859473 2.945057395394375
3.5570922800864553 0.9238771000258054 3.2536917173195836 1.9002993802316355
6.031208026611693 1.5387408162014546 -1.7671891405391502 3.1314421828462238
6.29858680028272 1.5640444404509073 -2.0833625176536748 3.1464807165046556
5.33339733494817 1.61750172784956 -0.4590045474335688 3.3272312698212696
6.455413937325471 1.3704856174994897 -2.823031014224333 2.8358468513488715
4.960959314800141 1.412627140383759 0.40275173690234134 2.8492639904745194
5.585991036833558 1.5617917105382884 -0.5302668292384917 3.088777380780439
5.533698957807989 1.6478355078990425 -0.7737444812119104 3.3588832497862837
3.7883572840817754 0.9001324782190724 2.7772616130998022 1.8332095715718724
6.324203899522711 1.325534728421271 -2.4459501952770735 2.7344377952440344
6.631052632137294 1.2362338484173967 -2.9665498295896415 2.511020890990586
5.2888408070799 1.6530576022345957 -0.3853412357912418 3.4027095162813374
4.716914668865858 1.4311180743983674 0.6944800636541497 2.9750332903545984
6.164869543781231 1.3928968684413172 -2.3710434489065237 2.900873772227516
5.07451497666287 1.5477122119138025 0.07638349370060799 3.1877760544929656
6.5837420599991665 1.3646446152142064 -2.842033111956738 2.7664432774493233
6.324027600414014 1.5058068984051043 -2.2084313601110654 3.02605470693706
6.75214497403073 1.1972653786767986 -3.249458076399322 2.445711555779355
4.907126291050512 1.6446144853459261 0.6254738321259059 3.308446950113062
6.199484763737136 1.4797209584415467 -2.0486075614299537 2.9873424524150827
4.374709198176299 1.360776187929347 1.6090342646639364 2.7675473015205214
4.320575676039214 1.2250174504746445 1.7723132824137682 2.500623936874213
5.060432042972339 1.6030390209506211 0.1390676171850423 3.2926690979968747
6.488638714711195 1.3227726290295267 -2.863091402574764 2.728758579992224
4.5822505916821115 1.2555521133806593 1.0143051623862185 2.589013491847352
5.2960918867967095 1.4734580298178561 -0.37501220238623406 3.0308567824982684
4.201616364614546 1.1739135330243735 1.8539418301779527 2.3966432585296533
6.455910640774354 1.4364339657554648 -2.458202116172613 2.8652686310532482
5.540343405172674 1.5464808791555922 -0.909065895311262 3.199798130825207
5.851937829377788 1.6061397714879353 -1.461848647216988 3.280901062975492
4.9419511470126585 1.5594450427795232 0.4777942445370557 3.1524969177470563
3.888746714403026 1.020883225888384 2.5676881147337767 2.1051099940253324
5.393182999703802 1.4227910644920787 -0.6200768421956422 2.9551457535365055
3.601926384302943 0.938478033291878 3.1083984212479026 1.9217534045620739
4.6413080957339 1.4532919039290444 1.1370799828960183 2.911713753983175
4.727378840354882 1.3979238765554651 0.6905779689779703 2.9069210601582256
4.936205314703367 1.529213784708563 0.2782144124508053 3.2005676560392984
6.4098116047025275 1.273007684351072 -2.803248593222464 2.6511137575945183
6.30009192417675 1.3676962885267603 -2.4777189994181215 2.8206870629871426
6.289271195323275 1.5322766146751288 -2.231082629424903 3.1096503936570814
5.1132590921234655 1.6643838343479744 0.07258013569785027 3.406776737372664
6.656386247230455 1.1962057867241962 -3.1550081055725046 2.4399727831243663
4.8234166379849555 1.421674105186913 0.7788657942377042 2.875358048676271
4.973288091456717 1.5217946707003056 0.15431464909266956 3.1594362427465055
4.305508451763736 1.0878200509344882 1.6554395200201442 2.22963128590857
6.611488278840358 1.271330374043555 -2.951816854374131 2.5815090071857183
5.25841193790695 1.6602862722155332 -0.18813412697459114 3.372917436355212
6.403537306888811 1.4095052222128182 -2.6019776654319395 2.9052459197136784
6.495630941275124 1.3461108288083141 -2.6876471930369212 2.7383163859615496
4.750350683706899 1.4726980088223889 0.7826332101062417 2.9943334353584388
3.7385748146990583 1.0066843120587305 2.7857151287494766 2.0702303164349596
7.116611683816273 1.0467177874403542 -3.6413001186847294 2.0823685790199846
4.4570582284379725 1.3550108291052054 1.3183750253037871 2.7930855340468312
6.355029169410013 1.382781940629824 -2.671277091905695 2.866658565777493
5.777448840657604 1.5720856219832107 -1.4406952358867482 3.235544872871866
6.594377358927131 1.4684124678362986 -2.651590950023044 2.9206273907330877
5.365841100103898 1.6150887104891287 -0.4713996853942806 3.2936926907359783
5.205164704629582 1.5615933519568082 -0.04460165329979593 3.1722377310077285
5.466942598008989 1.6368761688529418 -0.6165057449809803 3.3505357558263866
3.4856355799895455 0.9105625658336058 3.295813150810437 1.857013791627512
5.541399330250506 1.693223505635265 -0.8238935672612963 3.4538862392560197
5.461143204053297 1.5999927278551396 -0.6347218957517817 3.2603132880770276
4.330809176133647 1.2115252342177738 1.5964970729327117 2.4851111552643554
4.040141124432177 1.0836252471354446 2.1339823104446856 2.2246088819506733
6.546432322896834 1.2859262980492137 -2.9227968948243266 2.6283313367026335
4.55095364781187 1.7133491202270485 1.3335099005224795 3.4627735808461564
6.892788381320147 0.9663844524040152 -3.69769435870767 1.9714653096265884
5.5572960198306385 1.5296140956635271 -0.8721689227997981 3.1233355951872563
5.756960160920446 1.6169162334087566 -1.201017197481451 3.3099474989289517
4.727328907890997 1.614712669117542 0.8452691481498147 3.3115394449356366
4.459108377000491 1.2763609081369174 1.3886620874768365 2.6221922486865052
6.249264820193455 1.5162131727964698 -2.0896552189841815 3.064903881683346
6.819336543959853 1.1422624149660516 -3.3877280495302844 2.316399469502118
4.51734725795529 1.2563723337080028 1.3424320260976268 2.5735374524102883
4.934640813414818 1.422353577396496 0.42086517311617144 2.905711520754473
6.104477991874795 1.504322482299734 -2.0668610600790975 3.086955611350298
5.98139100844895 1.4407008990499268 -1.7746628312486055 2.9794316061235904
4.344148856721338 1.3007116533395897 1.437562753010172 2.6879257882627674
6.318674770186586 1.3411031946557814 -2.43621005768217 2.755540802671801
4.81758076837072 1.5543252282967226 0.5053769331692275 3.2398970669549603
5.216998216576583 1.7263715318787896 0.13302868491410247 3.438632095152779
6.7489145892965 1.1370451890518902 -3.327430365632154 2.335174393845807
6.694341614919659 1.2269019576813494 -3.2688967599912475 2.5247274280974
7.114615838998215 0.8441314948832104 -4.002409493126751 1.7166775574222706
5.454987759938049 1.5069228475533643 -0.6180146462577254 3.0792597400359814
6.303896672199517 1.4384817120938145 -2.47628370840932 2.9524303573192463
3.9286729865233587 1.0405698888603971 2.5308113242502124 2.125876478984234
5.083755521779412 1.6435564781277798 0.1838236373086171 3.343010818791946
3.7443514381592586 0.9293444188833396 2.697081689288984 1.9430058974965876
6.365488659681381 1.332740941916172 -2.702189891830284 2.746289135380059
6.020706546281782 1.4854133347817562 -2.016818650491663 3.1001800938521167
3.6193601413790617 0.9126281034316867 3.194554965980736 1.8591033703222017
4.807863775198624 1.4095324559668216 0.7554624323986207 2.8684916558874347
6.387272694481679 1.3741934622100072 -2.7113686388136444 2.83222497883448
6.352690208286067 1.4821772308402918 -2.585675741959278 3.0507455476441243
5.512693767790886 1.4933731699083612 -0.8395090563948094 3.0764042981613797
6.313219138466259 1.365438730367123 -2.5990188332578548 2.858436345285648
6.636664315213537 1.288059189045329 -2.9744853749516844 2.6072848425203494
4.674711400326093 1.5029851765551647 0.9205215692495264 3.073547071712213
5.710696125638396 1.5726208912891653 -1.40199495634248 3.2741910830935588
3.9417029893723963 0.8984352796995111 2.3229200998024435 1.843168114365074
4.425321350056559 1.1120444069867856 1.4201320858161446 2.276123973152246
5.405563782015776 1.773296690880194 -0.2600426645784264 3.549679693040491
5.903636802798335 1.5932853704575867 -1.8224382899645861 3.3231323284728433
4.548173598680577 1.4240615918240067 1.1729103740944633 2.928724600008187
6.010494647054227 1.4139128000353396 -2.1418353097199367 2.988069039781798
4.879770806546395 1.432632965335408 0.47751653901553415 2.9486483815072044
5.875963447504579 1.637898312255628 -1.5439434682023303 3.368195719213798
6.31877945748063 1.4142043464645662 -2.5347638521307347 2.9249229806217403
4.026775674418705 1.1260572527847774 2.189389435307361 2.3450797600007656
6.0848935317024555 1.5816679047405464 -1.799851379841924 3.228230897961343
6.401958349505406 1.6606201142236496 -2.377070743921167 3.3331057873967205
4.6589017276981775 1.3671796822745415 1.0059293949422168 2.7737852406435253
3.8471358499285646 1.2105221585069916 2.7193418985552027 2.4672825853680114
4.153378662418557 1.2387787597853455 2.023707531196592 2.530582938875715
5.007511016073566 1.4604263545810008 0.3841935352242657 2.9713692095477433
6.178531596375449 1.435018583456576 -2.1223916433157735 2.9466333437892795
4.459388230314961 1.2178575703663783 1.2682542165009432 2.5319504915036055
6.09614254065669 1.4765728304503674 -2.037178258567537 3.0235567911624477
5.524704859693058 1.771154136558703 -0.6823823099213486 3.580163785250462
5.088694684740014 1.5674886762773037 0.04978498572122214 3.2060563087894396
5.9580900338605485 1.5716202062616595 -1.7401916642056001 3.2363609245393574
5.105709358076688 1.4911185637713262 0.05380135795146812 3.0338713727496063
5.909328308347087 1.5305831129959542 -1.8734572688218987 3.205784899859806
5.953733604799206 1.4709099396083885 -1.9619272100022558 3.100906845786262
5.809939042805778 1.5841113486018001 -1.4022364467826214 3.2316516600177496
5.737784668077413 1.6763553760738648 -1.3585690190667705 3.442228803209607
6.262303202640049 1.375845085713189 -2.4404756781223638 2.8442647808673582
5.501605284664227 1.7071364033574938 -0.8213657801322435 3.5256378828127515
6.326955679224551 1.3243256468691074 -2.5968194360337957 2.729044569011401
4.900106587759929 1.407788036467345 0.5140217158374937 2.8952184889674646
5.667574204403227 1.6130785202405211 -1.0255490887683514 3.3035581782681986
4.757040695676018 1.3995365650668035 0.7279350324922658 2.866754030278682
5.241435403444257 1.6324531945757954 -0.03688417299651238 3.303336073453158
6.7915871994472665 1.2449050378357112 -3.1860120168649724 2.509279233405299
5.991056625961403 1.577759935873995 -1.832007989185258 3.235983724369146
5.835139119937704 1.5808289307022314 -1.649906561799318 3.2951634076342646
4.91369265072249 1.5046212454174894 0.21218569087239256 3.121128436950881
5.382463544932207 1.6909477104999544 -0.4550082925517265 3.447687223248701
5.264509892558902 1.527555235193212 -0.2348700775647443 3.134640907355482
4.267473460044629 1.434845973738062 1.8257713986786572 2.912872894850984
4.564648872326795 1.364279390734624 1.2072035056050416 2.782688771160672
6.228461082101704 1.5147132340019878 -2.1597620322878828 3.0953132299655266
5.129185207081431 1.510260157733891 -0.08713611704534147 3.133103839211318
5.111911327309345 1.3770536909242663 -0.05646063770402554 2.8443514838750295
5.586299186368411 1.6523898250620934 -0.9341813693770423 3.3734641280283464
5.220511704743791 1.6817734403721825 -0.09481598747999959 3.419066351366074
5.734234910663231 1.730919351575574 -1.2531434636830627 3.561782112888374
5.610027921492675 1.6467425350378861 -0.9180574609574772 3.3386292989329074
5.321188094248013 1.5298545905982837 -0.35165632819061665 3.1229481351329373
6.277669932016404 1.4904373047927488 -2.38661244624439 3.071450644139835
6.342837791317471 1.3358639070833969 -2.5568254501095806 2.7518801266204993
4.273838097647053 1.2157797723115762 2.069316368488716 2.400762985796785
6.612699023205911 1.2700161309220623 -2.887888111097549 2.566551994040896
6.224532466227123 1.5053248689677514 -1.937183442146198 3.012953295738459
4.273429018062787 1.2075944492807282 1.573259709130302 2.5220385430846237
6.106752926668495 1.4277597896000467 -2.4671304149654523 3.0368591476783373
5.910303329473501 1.6033676769535337 -1.6198789629380355 3.2957175282970277
3.1791908895834293 0.7226383830760957 3.917015178882555 1.4690325195666452
5.235744942802031 1.6384147427793965 -0.15397429561189813 3.314623401905147
5.832838256745885 1.4083979536954292 -1.628252815796832 2.9441077781328033
4.947827363291852 1.465369140560553 0.20478989987923923 3.0187835830573433
6.266713676210315 1.4234860045828872 -2.4742818745763113 2.9417840041154975
4.809113507212597 1.4135538023855219 0.5476933108755131 2.925355012161115
5.93443151856572 1.5334150481304503 -1.3139697385060365 3.064475337229936
6.64293150086001 1.1665741979252573 -3.188146296847052 2.400776137535264
6.726420509278455 1.2547531369870875 -3.2186199922720498 2.555171201542667
6.918338147442997 0.8734190784021241 -3.9274513218162026 1.824089218503912
5.303210602352118 1.5478619846974713 -0.511933162337189 3.223736616280154
6.117781932675824 1.514583715373633 -2.0870503171540196 3.124823232411011
6.537948300761634 1.3343119686867653 -2.870164139175749 2.7285861918320387
5.28328299431441 1.4879274185797253 -0.40843416176776937 3.0679735813968385
4.295933869223295 1.151580614680351 1.8753558154688894 2.311086795095638
4.120469876097327 1.214262591840327 2.061551071795797 2.5128125953966958
4.860648823045128 1.5140417399935768 0.45131632079120615 3.136034615163607
6.4000858591113445 1.3920691946013306 -2.4568736180534017 2.821597753073339
4.695028217155806 1.4978721152925774 0.9300722038934485 3.025389765795419
4.9763496062884105 1.7038337698493948 0.40851740671299885 3.4730791995508223
5.391740528122755 1.7720047563358525 -0.45450078139295363 3.615957832893731
6.698055136824068 1.2151962305543185 -3.1209870626019303 2.4540364065839677
6.859398481444797 1.1803367445736266 -3.3355666121336176 2.3853411943925344
5.267894671520682 1.648630271854964 -0.4441210715279653 3.446673545017219
5.21751504103398 1.7479566508594184 -0.17712997183802526 3.5751348750681995
4.842268946326907 1.4638501671621604 0.6521057895063629 2.9994620965600918
4.735233275549123 1.4418281702717788 0.7765448268163634 2.9628637575685124
3.3524263432535677 0.6997555399335591 3.7433147550562142 1.4239124513414487
4.536070316488837 1.4136264406596655 1.234257377074222 2.9090201764948227
5.089145356535385 1.6651099349673144 0.1064254089247314 3.425555248975024
6.10283907737586 1.4600637543605628 -2.004934630319918 2.995231472360881
3.494094658409889 0.8793735970340898 3.2954975310875043 1.8183777119005489
6.7539929785938675 1.0726349014499696 -3.4168165613230754 2.2157452070414165
6.358711568947154 1.4239386085960057 -2.324621258919387 2.8617064935808223
6.4828138644239495 1.3268848986515314 -2.9742739447782753 2.750681130687108
5.097620196857607 1.4979376484859241 0.041934350604932225 3.0640157319199477
5.350441070394472 1.5716018850040947 -0.5247195607624646 3.2401019984240413
4.837538688904463 1.3738697633886605 0.5320186052626434 2.844354794716514
6.220481570772628 1.5212762398652964 -2.3029397408813725 3.129824900519641
3.6539351782206686 0.8876056010934681 3.028849171879535 1.809831845348268
5.716829075611302 1.5207783581574086 -1.101262690016029 3.074472123394472
4.733428775283886 1.2070009748182002 0.8638681801641838 2.483118555506568
4.083630101233018 1.0548247369339063 2.232187593161897 2.1444349778368963
6.388856653833659 1.4465468707247868 -2.5742272952143064 2.9864177190347303
6.369573374058817 1.4218757522251333 -2.682927875297483 2.9524889194976662
5.454735907768109 1.5644018735137057 -0.431487183864125 3.138645335986247
5.331627814648141 1.7327931693285066 -0.4518299902161879 3.575323254744402
4.812114941135329 1.387510858523925 0.6352942738608349 2.81269956135616
4.795885656576395 1.5771277755127304 0.6316808563198772 3.26563762887961
6.041696289068661 1.5055081447201561 -1.8534458928621105 3.087466142280414
5.632554036596664 1.7152612278402029 -0.9436390351898418 3.529480807454016
5.9178618365491715 1.4932765265024557 -1.6951340900242529 3.069778084796952
3.411039928051779 0.8552379219213335 3.467678176540878 1.77350408314527
3.524755768820353 0.7253778803161558 3.2964711818069743 1.5047518935775253
6.649650940125342 1.0119311690015285 -3.5480902319938004 2.1446543866027676
5.734348472109516 1.6337903538399203 -1.2923320565429466 3.3543544608892653
6.86344610230908 1.1581839737995476 -3.565934690634455 2.3720359609070734
5.613056109628913 1.5327941729525112 -1.1905595655194734 3.202167004205318
3.867456964563401 1.0192706421230378 2.597968016647676 2.072340005604249
5.6469707545132195 1.5187577750276304 -1.1774440263261616 3.1350914855214436
6.700300932213244 1.149443994042622 -3.2190035788457716 2.3733708241341995
4.796874486239384 1.5494788300726323 0.5936819894823013 3.184607178990077
3.671631974556095 0.8888001243943455 2.8715565224625257 1.8621622206388517
5.687550827350033 1.563623953011405 -1.0420620225946609 3.1833059846447758
5.346144135760765 1.6722051490174263 -0.43553501891863466 3.4293737451716435
5.883511695514186 1.5461992366366353 -1.5575221778056185 3.176137779669247
6.49302825071125 1.3755737409898785 -2.745941370168003 2.811189769183041
6.0442247473748285 1.5065029786873905 -1.8008745801452108 3.0444684322266053
6.3183708055026955 1.4178955224255831 -2.629776964445618 2.9597295374695842
5.770828759013119 1.6198070165968934 -1.120534430061415 3.2721630846244167
5.671675541581944 1.6013565733238475 -1.222446003019984 3.316653433932182
4.850340685405197 1.3689890582084865 0.6158196060733229 2.7979604742273816
6.3264548699572405 1.3598453526525418 -2.710052961275765 2.8436768514746924
6.151589654601732 1.5440390972172238 -1.9464188720768403 3.122802839572428
5.973682595530733 1.6980153926062815 -1.3219835946458756 3.372615087672926
5.5845822316027425 1.5696135397472617 -1.060160928043573 3.257103587414289
6.203377391416954 1.2755922646924829 -2.61387603910753 2.694022562449493
6.844222398963826 1.0936209550159368 -3.6116362328375304 2.2601607885272377
5.654204132827075 1.5966238643788282 -1.1168812896969529 3.288146881033587
4.099692104357519 1.1245502275426635 2.238562987939185 2.2869718350892008
4.881196544149432 1.5611264322729597 0.5000536161401746 3.2104806257869942
5.153008661507994 1.5464342677276721 -0.16386109998895482 3.1917962288919983
4.28761090948829 1.2145019171548515 1.7760834911528791 2.455913904345852
6.16354702326095 1.6143497113508378 -2.003965074585988 3.2823390149753875
6.78556627019333 1.0301263168585977 -3.688904114578039 2.156914730181447
4.265647057087147 1.0377777753349318 1.5492162116624435 2.173961540453235
5.4658736306508935 1.6014116474121782 -0.7090792824134253 3.288387393502362
3.992762216994528 1.233918817145711 2.5355454295007287 2.4679153862939547
6.549195360712758 1.140446848406719 -3.231967903518492 2.391749294188756
5.014116625024466 1.6245792635753962 0.30733411886685713 3.3103846836925133
6.172644149487676 1.559682945097061 -2.0994561316134543 3.1888094686710127
6.664088278682488 1.1557926425880165 -3.245071832436173 2.4042623258340803
5.765670813982317 1.6153631151142536 -1.4541158704119876 3.3627024797237803
5.389816140406678 1.6396324361081538 -0.41144950454501417 3.32583749120376
6.3140803516232555 1.5384069087685874 -2.2146957465841988 3.09007288959734
5.023858772337196 1.5523829132748113 0.17210449413911955 3.191282226402088
5.0240842491060125 1.47496488717514 0.0775740591644534 3.061164101305139
4.514156326008475 1.3512891301417964 1.2416291607587158 2.777983481814552
5.500783845871416 1.4841726881368213 -0.9626956072806694 3.104669121651524
6.297276346541328 1.5108656425009426 -2.2357741248661958 3.054205785977209
3.5276119543601996 0.8934663235888416 3.442426073499479 1.7914141164484092
5.286354761393225 1.5508385922685064 -0.45685264890605404 3.227855297073302
5.858984801181213 1.4696769535710077 -1.6306654054969965 3.0698547936661758
5.049734046067404 1.6015995451202458 0.02647919774670826 3.343043116523118
5.923644704869101 1.6388312555186197 -1.5065796558715578 3.320728181008909
5.998910025690873 1.582573473568653 -1.8092053404970843 3.265422292435509
6.47248422757052 1.4052745305132444 -2.669364998405203 2.8723003911359735
5.106623415767212 1.4582157227770554 0.11026347359903527 2.9706715014622933
4.5532802363439 1.3031962766965048 1.3065247377147378 2.6699108653861123
5.470098470363978 1.6282882583199518 -0.7306424562988343 3.3464691528958546
6.393455144388414 1.3416871340028689 -2.7818615816816537 2.785753257113892
6.626003895159059 1.1635983340573808 -3.2583740082259167 2.4058506177859162
5.206066344857179 1.6365169735440066 -0.1504422354110493 3.353301616356626
5.2466235331269715 1.6195801170578092 -0.3117711323658624 3.3252913872986802
6.725644143430629 1.3272623166017454 -3.0231287227688686 2.6833395173168215
5.770071924383377 1.5865073873071045 -1.300353740699983 3.2387305508385773
4.243998158922556 1.1883175364096943 1.9134568076253504 2.4112159409349725
7.046987265503479 1.0354546268646851 -3.7344221443370715 2.0924724320683756
6.068635071585704 1.4827319068001168 -1.9638030899147858 3.04319578229088
4.223355139512373 1.2501564375257754 1.95509162237632 2.566156927238751
5.6523966900152605 1.634260282981029 -0.9488678437346163 3.309116196813804
5.3628567774770985 1.6538458707789585 -0.4926180815639379 3.392049880294938
5.801271922552887 1.6042765301251873 -1.2308311943633472 3.263257954547079
4.914022657573445 1.6918913607702513 0.3909649319391815 3.4744021939618484
4.9279596436512225 1.583899835049586 0.7442039121600683 3.1465592547563515
6.885018194457624 1.0242659883239473 -3.641178164504856 2.1151157469379123
5.6826121055145205 1.604895217239593 -0.7679522369815868 3.170587907697092
4.649808838142027 1.5777611015472994 0.9693221259168858 3.2322799197754564
5.044952863598379 1.6582766839459147 0.26974314559022794 3.3704527275053757
6.097054046722626 1.4869295181280973 -2.0128991434969263 3.044353990170336
6.40175624810116 1.415116329744702 -2.5939223066664123 2.8788643880110136
6.339818679522553 1.44865055584365 -2.3593394143099546 2.953116032362161
4.967042298549817 1.4851209914226047 0.20665315478682067 3.0596253264887543
6.265050068151241 1.452719837396705 -2.3082317533725645 2.9805908383271085
5.374898598239552 1.5822404120684364 -0.5360641820829425 3.2422107034378995
6.29914864795976 1.3475623101771934 -2.581366659140821 2.835073888548342
4.59751151411644 1.2695490507567868 1.309653135533026 2.5162765026935627
5.221453901059581 1.594434411414803 0.05865731766252452 3.207280120611438
6.243627237426332 1.413068003809723 -2.44950603565956 2.9292065929033337
5.484098220145082 1.635164304724848 -0.6555205542173336 3.342499197464263
6.262848684911889 1.3938826224082095 -2.3508988494867014 2.857544239192617
4.2179635271397355 1.366025609653075 1.8191055156807203 2.8100971973554967
4.141516000313445 1.397651519916519 2.0717437693859218 2.8459878285971176
5.554719172648905 1.6518699182385446 -0.9466181329535761 3.411747191775241
5.651437442300777 1.5192189847083393 -1.3064263143268846 3.175237546304895
5.572358240824112 1.59580992495199 -0.6850965446091268 3.231027254750926
5.072011922566906 1.6241520236556424 0.06521745591713651 3.353218924226995
5.854251914384138 1.5600700126657077 -1.7784897956813914 3.2363689833428424
5.551788625756084 1.6464090165166878 -0.7522605549969218 3.339301060662799
6.133232858619649 1.4963576253073163 -1.915257159930826 3.033133573379079
3.8833361961638877 1.0966969743445603 2.4422693077599216 2.2781984958577377
6.606695451090626 1.2388922135764686 -3.1324757505340486 2.5517042339547853
6.225942347325237 1.4565747929429238 -2.381806346462589 3.033869912575261
5.356963696837703 1.673223832897483 -0.42699152975722754 3.4039090141430184
3.603805091431152 0.9306566640408204 3.0375467066140045 1.946570339609429
6.25327553236359 1.2747254459099766 -2.546411144625 2.680601276494503
6.481269493185869 1.4566721270091163 -2.564128647925439 2.9394228198254373
5.254260935781151 1.566512409254226 -0.22894783204364857 3.227543278541139
6.2591398067837565 1.3605243710862183 -2.6734467022287483 2.8738061728858626
5.6165296511724145 1.635493890682171 -1.259332821107218 3.4263086965279723
4.89905391810378 1.5875364249927668 0.5353894847079441 3.2236752919318024
6.355820436808948 1.5194910389907446 -2.3974927205087004 3.0891229927004895
4.997961272327441 1.5514613205374321 0.19049063584393644 3.19272980339265
6.139625507794253 1.5564840634441957 -2.0249816813822497 3.1895059038326754
5.035654912879666 1.5593297498279228 0.0675885420974437 3.2246322418416056
4.471214951893178 1.2628893574248627 1.1870889393336648 2.6270216596522484
5.903107479139427 1.5353599420923283 -1.529846029341152 3.136434382209359
6.699555335289514 1.339848710117097 -2.9849002185543325 2.6974909101811524
6.477345759117769 1.3134452096978118 -2.7262358361124557 2.688071005511288
6.489379894182125 1.2819094922566576 -2.8761241990380872 2.6565381420300995
6.377952931324902 1.286191404222563 -2.8137643596907975 2.6687219814324994
4.73162127330666 1.3541829289856677 0.8396800730574263 2.766433367950719
5.332167365485299 1.5052137178762388 -0.5291703418166714 3.1125191717002845
5.029568294387777 1.5723888158893937 0.09527558919123003 3.259661748114925
6.440757675579474 1.326133106773208 -2.831417645984301 2.7326321577762007
6.330564166684065 1.3660267678283038 -2.5224618656613904 2.78957095594058
5.015068294372921 1.6118917827086043 0.04822715093100993 3.37383110486842
6.819601187275248 1.1424662784560948 -3.453061578717814 2.3049701182537055
4.792711493199688 1.6184942344881181 0.7471116352778304 3.3134985405563326
5.336562098568427 1.6168263465937156 -0.24060461688115684 3.2456564703261472
5.028330351206389 1.5008010234160858 0.10886459180888852 3.112892330464801
6.297379622938665 1.3637762389364385 -2.5842463593964076 2.8298256838459475
6.903383542879779 1.0358761111198076 -3.5522199084039454 2.1064659827733188
6.123147009987182 1.5125615749877832 -2.0319165617276305 3.094548519571947
3.710979812175622 0.975976687742503 2.872930495403444 2.013610798134967
5.806057411480432 1.6360905734475806 -1.3447295767972591 3.3440308560819414
6.588987749726841 1.4292143926842873 -2.781812608033096 2.8944672852807685
6.16861452651379 1.559437697771851 -2.1711631983100985 3.2210184423879404
4.9712336311946945 1.4921077216305638 0.29146472736455076 3.0417141970886807
6.147449630676659 1.7231678083573156 -2.1317141581227306 3.5637780444308658
6.003171483049391 1.5085515659019935 -1.887643067617777 3.1280586392845016
5.878497170858303 1.4521635817365364 -1.5434571292835821 2.973521895908157
4.881475629693993 1.4984015946184532 0.36411672199181266 3.1210036550482836
4.064150157723725 1.2154250607925068 2.081165531487013 2.495807775432408
6.369650738191735 1.4732613792421485 -2.3284275258749774 2.9688056882733607
6.112948242544629 1.5725946494246617 -1.9280327465432752 3.1820454993820624
4.515107687705836 1.455367330909407 1.1722389758809701 3.000535905466832
5.626717772297596 1.5345874017543264 -1.2839219287667047 3.2179627628136345
5.001815034611392 1.4533331884694403 -0.06735556636856788 3.071864442562558
6.413365722334525 1.3087608487861646 -2.7025345296217327 2.6731057297150187
4.693008345499731 1.3826481415844498 0.8284636411146546 2.81166022677404
4.75927554822537 1.5338906647328836 0.6246895648049757 3.185779344701666
3.9835868079149326 0.9903246541370931 2.467420958711867 1.9955958058973102
4.289199165452132 1.2653483111535493 1.6853167260769617 2.598140362289296
6.364461236660954 1.5064801981487261 -2.2533612233239064 3.0545139187287007
5.162785286947786 1.4975908028821032 0.0012203016958165919 3.0355257119673
6.706698599261497 1.2731466051133165 -3.1273448202574685 2.5822006004490268
3.1889701726124495 0.7478442509655171 3.9623911823423374 1.532389403736782
6.290215372858676 1.3984916747755312 -2.426011381732295 2.871120840441405
6.0195661499813795 1.504856522552051 -2.0131316974106603 3.13568036452854
5.635686742751843 1.5584147690764476 -1.0985495643508059 3.198215763424125
6.542296838561578 1.2425388857661626 -2.840073835580156 2.5541155960422635
6.271741497725179 1.5440463896637455 -2.0858353654607527 3.103400291307372
6.333928384157592 1.4839695370078922 -2.258070053272682 3.0264829041292836
4.673058800576561 1.3638985927814156 0.805703308477419 2.8278730266302436
6.574676732894682 1.2643172460861343 -2.912528976888248 2.5886803864631487
6.736126633535781 1.2693013670673405 -3.1627250306581045 2.5717336728214315
5.7479009181555725 1.6602012932859296 -1.2397304818885264 3.370493422908
5.572557685325402 1.6516976768367462 -0.7725999211515089 3.337308845636727
5.801671745934186 1.5715902952881202 -1.5049918045614312 3.268013174452712
4.586013739027786 1.207164865454679 1.1349686651095343 2.4459155845744687
6.439530475277803 1.3134693193522837 -2.8188626688734004 2.712592042145105
5.590068064466817 1.53093575996041 -1.1274563151652863 3.180537209622496
5.438053336957601 1.5640222143324867 -0.21141417304677068 3.07616978397917
3.986377004876208 0.949172283995548 2.516185186940466 1.9148331282814213
6.038278476023773 1.579298065967479 -1.8758462547661123 3.2430395274174866
5.610887241990443 1.5737944242059614 -1.3066447732311075 3.3160648529493715
4.466129273985261 1.2938030810815326 1.5598676671135046 2.60084410594385
5.187548241669204 1.6026146467533424 -0.040809929788789334 3.2496057758733268
6.415209355760933 1.3985837510232975 -2.618183488127771 2.843142956498137
5.669442508324904 1.6462856322747335 -1.149818041842591 3.3971971664171416
5.728190671541544 1.5956963117772138 -1.223972408625428 3.266109034007008
5.473802243707942 1.7249758463675455 -0.741040096625507 3.554456434865911
6.34830158779304 1.4942548180611765 -2.4995506725922283 3.0686031764925183
6.051576545670343 1.573039575530593 -1.860947168012659 3.2282105710797335
6.315091919944926 1.3911140159466904 -2.3450297342730275 2.831213836183782
6.530080585996986 1.4461622366367546 -2.908032964357754 2.972763230226977
4.611012098238181 1.4613232687348112 0.8784717311467194 3.0580041929049013
5.556523992539776 1.5875570054922767 -0.8872113482636135 3.2392860213544545
4.890768980047129 1.578326331849705 0.4640154815163336 3.2217231578019847
5.763271388920648 1.67371346093986 -1.2281712422466131 3.3939964687221535
5.596467462718881 1.5127142101575162 -0.956426009799703 3.0819734867566932
6.249278411322093 1.3347031544368724 -2.6395126241141784 2.8186886619909095
3.569079009390923 0.8210409140544319 3.200025351557387 1.6999690271067613
5.39747196564295 1.5023912763392537 -0.5740512457890442 3.092503004599496
4.381929872090576 1.318995413900188 1.5065887716005149 2.706277413790568
4.642516617816489 1.520297888511326 1.140697466960939 3.043447475847335
4.220060064154943 1.0484720203809723 1.7688224656082339 2.1578657159510866
6.485455735119192 1.399354673902433 -2.682963757047635 2.8426962386716745
5.518028794568934 1.6481862585794864 -0.6527968621008093 3.3350483318607025
4.996423010149648 1.5647350348514233 0.25836669448153027 3.210674734132757
6.555805506584191 1.3090942576437246 -2.940877350170261 2.6783646221342265
5.152355173363794 1.5320904972587444 -0.35591416683326366 3.250086607745674
5.981541580378537 1.5592202290461674 -1.886842338393948 3.235190147855063
4.64940404518361 1.424284385868714 0.82253504746985 2.9829474917525953
5.346919691440961 1.589286768209806 -0.6156430011134478 3.308546507175228
4.442286395507054 1.2844256943398145 1.4275419553682522 2.6180462324773695
6.0265107654036445 1.7083715029648567 -1.6653768928997499 3.4853552428555834
6.47542747995849 1.3838481691189934 -2.6300629919576504 2.8216979431523965
6.366283623072045 1.4806328495086265 -2.609091109201545 3.038102018423056
6.335982687053818 1.4703074137883148 -2.413184045571084 3.008664092487968
5.310279673537936 1.7018016178006623 -0.07161603365546187 3.3649195940253276
5.738515265159725 1.516035571649425 -1.1181351645050293 3.0706832523410093
6.644918119531516 1.102950361265612 -3.2863811483923375 2.286209014809103
6.308953430290698 1.41520578764844 -2.539523153548013 2.929739443491189
4.3248446218410574 1.0886225402538854 1.5886986087574062 2.252089142981215
6.1879278283765 1.5166343283606694 -2.2833590272229074 3.1496953482111607
5.496216613171109 1.6234485309311188 -0.5286783421289698 3.2445665670135333
3.6721099885975397 0.885757814767863 2.9521654340924055 1.8254134444551597
5.406034836964416 1.5679361513055474 -0.30805737518953946 3.1287959935242413
6.338313384788977 1.4630813381578813 -2.581390361281883 3.010199596650494
6.245799469347415 1.32825850100472 -2.592301186791569 2.77654260831
6.373134451526228 1.373072619573639 -2.6266088447569036 2.8187610294347283
4.653169544356855 1.2335464460111394 0.8995697228526759 2.5363296056797515
5.437338516926971 1.6597883394426538 -0.6470355460033846 3.398748464980931
4.939407165936229 1.5847196245729014 0.296267893820751 3.2661977007068255
5.599792028374351 1.6686506794935032 -0.9586522814913017 3.378527312054335
5.915511943153048 1.5648648309132185 -1.641403819593775 3.214063524469037
6.898220065431297 0.9766858834452664 -3.714086811756505 2.000005842542383
6.093300430365261 1.5231534302536882 -1.9631730763584194 3.121283902101514
6.640886676081413 1.3715556086842067 -2.845460905730347 2.75788120181597
6.013667482659653 1.6049195448829299 -1.7368480117295135 3.2849761847561125
5.793902573935085 1.5800505031419374 -1.4658360317518189 3.2690578007145428
5.4657871960486375 1.4943536048419495 -0.7999578410805954 3.101579212028422
4.987268095729377 1.4917376654065098 0.20455461660632512 3.0860641417215495
5.168973975201342 1.5507038987007038 0.07356050012801871 3.140834647354028
5.70452320698978 1.5577967002870325 -1.4323776935915065 3.284040646620797
6.54667193254299 1.3588428335741065 -2.91047910827939 2.773932523101089
3.946288604082021 0.9908686617830582 2.4183039030276863 2.03362049151827
5.850944871470304 1.5317386952512109 -1.4853562373538605 3.1187189157575634
6.381673539386421 1.3302506816262356 -2.8206966965547062 2.7795122639451995
4.9423404256997685 1.4321461091036811 0.35288391076148806 2.9646920427808676
6.542718856855689 1.364271423674543 -2.6845736040274555 2.7648615525316718
5.2489629805432445 1.6309346381136698 -0.13961938156679876 3.309989090110796
5.696623298474325 1.666555478682877 -1.3102980674660316 3.441272295419605
7.02663787822928 1.039192108961543 -3.736609180367526 2.102852755136116
5.158436812492305 1.414330638600066 -0.19921242507022976 2.9197105318634233
4.7607738668830475 1.3258194086446415 0.7343116990698704 2.711803692235684
4.839304225588494 1.535498509055455 0.472771899500218 3.154988922809497
5.677010473352824 1.6254212437526057 -1.054159068910006 3.334745846698797
7.136673959654182 0.81776014245478 -4.023964589085605 1.6570956102807184
4.818210732865635 1.5143717956236142 0.5501447628269649 3.1434091596911053
6.4842993428409255 1.3727320842927202 -2.8281217228538864 2.8139181687742667
5.74245473451285 1.5642676729284601 -1.2642024890918653 3.1912877087343263
3.444658120950214 0.7593879905721983 3.555531581667391 1.541950727959149
6.021208903009233 1.4601866143780582 -1.9911000238330656 3.043914922214558
4.445176068136223 1.2308388014999219 1.2112023215947576 2.5821608168159007
3.7273366596250295 0.9260462453914761 2.9429580583822084 1.8964660217775866
4.960310094011968 1.4928962125208025 0.34285912596427465 3.039545423698487
6.5624671557821515 1.0397489992774933 -3.4520458416009867 2.2264307518746103
6.476797359991887 1.3343669156879272 -2.897195575106192 2.775322000480588
5.352594472209015 1.6094569139375756 -0.6365983115697393 3.337130932450895
5.75039079047438 1.5530992071333949 -1.3512287086720296 3.2120697401766063
5.333572877028143 1.5085126719964073 -0.3268281190756144 3.064588227506612
5.635247288288209 1.648208911433254 -0.8367435653485772 3.335310924727461
3.6270633637666907 0.8927881796573254 2.923136133878398 1.863303585826875
5.684013600950634 1.4445523133750025 -1.4929814323739365 3.043577590031812
4.149926786917386 1.1706928621740529 2.189729096204096 2.3386193945691924
4.253895371810355 1.3195015950628315 1.6465918206603407 2.7254000587690927
4.495766658019683 1.3140129589281264 1.2895744740157324 2.6751341058049465
4.337178125128757 1.389516625022572 1.5205711280361127 2.875640249945768
4.583938937015578 1.543042599470242 1.0722017447766774 3.1693610759284776
5.404797954586003 1.5857078757619025 -0.511845670156861 3.203261847854935
5.239432898942359 1.6162464153237035 -0.2946682003514352 3.294615784451872
5.92093190480502 1.6704019876804752 -1.4184722910518557 3.3709262779783358
5.681463245306098 1.5580334583284423 -1.137263857367846 3.206262431243789
6.110475867219531 1.3414095629448248 -2.4285045668816174 2.8399480275540383
6.2738238411924385 1.4382401144646735 -2.4481392092324192 2.957399500557608
5.737787496304501 1.580020731987909 -1.43757402767906 3.265450945633013
6.0570812547167066 1.547757872524401 -1.850016138883828 3.1560793312643303
6.462539124185516 1.2809327267893003 -3.0152696213427252 2.69693468520817
5.660402252097649 1.5805356723636415 -1.0072579571262579 3.2132825985438878
6.576224717422118 1.3584843406984166 -2.805483160239918 2.7595467120449837
3.3374851085018626 0.7255717286248174 3.7595670440661184 1.4628431189515338
5.282725726990765 1.6304687052580595 -0.2784475762635251 3.3345545034238646
4.00824770177009 1.0075996498675586 2.401426626604584 2.0549231017826335
4.300445834530798 1.2736243395597067 1.7303780213439932 2.605574381705583
5.552491052704886 1.6135907999113734 -0.6663693529914423 3.2569108211292224
5.802634342131114 1.6870233716982441 -1.3261659334856915 3.426152701000796
4.927301403739865 1.5856021368748927 0.4560038830966311 3.2126063390867525
4.960062490253424 1.471911661661706 0.5791449472847424 2.939336200428097
4.677647276583203 1.3602097258170027 1.0476771174194501 2.764024470271327
5.523642498804621 1.6567914135120612 -0.8760521493721628 3.4502003680889706
5.841558463795604 1.5016385577700857 -1.4854166918273046 3.089466876286157
5.516827240982748 1.6006776887046006 -0.43725095479737597 3.170528552701836
5.208462515557218 1.6765760955027205 -0.23829920721051143 3.4838269013935
6.538024789673081 1.3020074134857542 -2.9701204244685977 2.6854436294980846
5.993814516154895 1.6934366686463866 -1.5935447356191836 3.4313145886684104
3.922862426987893 0.8476040867581282 2.5057126673172747 1.7274633877533723
5.70183562483549 1.4688983605289874 -1.2113364030686864 3.0323388337116612
6.195250285183399 1.329055579277328 -2.545380297492858 2.793243853661494
5.558872589345358 1.6339376134046681 -0.7362641993957793 3.297926072086373
3.4837935510958955 0.7305598817721911 3.445326482365626 1.4980641740728375
6.081758965930401 1.4276934654961546 -1.9755543678533687 2.933784256962463
6.906834472746752 0.9055360634395963 -3.7698401436279623 1.8875240350536766
5.960549843609204 1.6169069287051552 -1.7791703147383875 3.3415265414235265
6.19164182820927 1.304664230746481 -2.6921253487501886 2.791437052978349
4.778684711859674 1.4093228239137081 0.5979271501771845 2.928108425164003
5.504510179783416 1.6067831235388037 -0.5046827443476666 3.2058301056520495
6.831629525447722 1.0970856649080198 -3.3907440150117125 2.2331329355467675
6.243760141784993 1.5138974268641783 -2.329543874845829 3.135494144737144
5.907340442226513 1.557109491407372 -1.690145133070156 3.220931937895817
5.994241061352309 1.5934097024929272 -1.86911269207113 3.2892679994750194
5.63553893184736 1.5395737929191653 -0.9082727451518963 3.126784466917723
3.867789022192222 0.9487544149240769 2.597004782487809 1.9545388067195604
4.137898773184562 1.1465943220857922 2.0631665596279514 2.341003907890845
4.707230652296556 1.3759927542810335 0.9181116559648796 2.8065275353920214
5.442359094121333 1.5906901236472697 -0.560178226490792 3.260365949202704
3.966777647425236 1.051958843721949 2.2851082972173353 2.188238567929371
5.40169341438494 1.6276671586349325 -0.5754396183361066 3.3198981984295246
4.699348974552562 1.3671204636642453 0.9813647595614875 2.7816149507320707
4.685318870854466 1.4327902520725888 0.783388823931143 2.9738744479797674
4.148305913439993 1.3602807197040472 2.00535183502659 2.8037030842909645
3.6536879616378117 0.8040623569425698 3.070386975626392 1.6435016023130267
6.246651186658934 1.4830179466384945 -1.8597469966786901 2.93019692915028
6.61072861614441 1.2731741084414971 -2.963125917553154 2.576847689181071
6.208711053986557 1.502988759279384 -2.067590349096736 3.0525609229173862
6.280319378467373 1.3457395649641741 -2.5711368669088808 2.795041015107103
6.547514865783861 1.1583015733728945 -3.106015275632492 2.406865641683782
