0.4098041031620533 0.16149992294772336 9.70297765966906 0.3368505651648222
0.4806148025840681 0.16461359969145387 9.484107477302004 0.34364848418540395
0.20132747605298218 0.17609477121364028 10.053349386415476 0.3651488092616272
0.49698694615018274 0.167938870404376 9.51038168813443 0.3483128366009971
0.5297663776056566 0.1534072414077397 9.400843258476886 0.31828823757810837
0.4890358156375262 0.16259867300522302 9.471970278788127 0.33712442779794705
0.5075829894709046 0.15773392806791364 9.439968707074943 0.3285060499240211
0.48413407380205303 0.1428721693389873 9.467559725694318 0.2960567113444742
0.28418848413903997 0.1619996715659636 9.881172960280608 0.34129592231625383
0.0012762356837512992 0.1807352861616314 10.579124207275608 0.3850349131637834
0.4589867333671871 0.14983178216235057 9.57205790686207 0.31802016824982915
0.4861495108398318 0.16054733017509099 9.584669097802525 0.3373212794113226
0.3491188467841829 0.15594692101574956 9.774505660191203 0.32570713776554483
0.5142615354317097 0.1637804972029762 9.447056593869291 0.34687425558411383
0.5358234475327126 0.1581792406092183 9.417768374519035 0.33708201663169196
0.3952347222329732 0.15045531141939628 9.650735685105765 0.3147253799444249
0.4220619439801029 0.14858737883592565 9.560376567469678 0.31055130675141335
0.4598481826273506 0.15704172205176917 9.559371667926394 0.3293528893303585
0.579229747732884 0.15253209393552894 9.374561641765126 0.32152025546043145
0.12711888584147485 0.15241627732284968 10.235519018259836 0.3175144192107595
0.5610608288964525 0.16360369335045594 9.278203565529477 0.34251611271177734
0.34379171183083646 0.17055031050867658 9.729954060152188 0.36496674503312887
0.5090142579082642 0.1538326715905363 9.442136191218442 0.31843229300118453
0.5281021883101691 0.14552012432432473 9.429678990052265 0.304229541966439
0.6087179910149302 0.15933872825438514 9.229622583621765 0.3316311945601417
0.35090258034628985 0.1609158182687917 9.76523115537637 0.33458095317345987
0.2697839538145374 0.15962162655571735 9.980893315602401 0.3402468291586758
0.3765734765270899 0.15967452344777894 9.73099383300436 0.33187283217692964
0.48364918890085745 0.16136700981754973 9.589425856352337 0.3359771021375982
0.333098917747869 0.15233777936984438 9.7886243238554 0.30806548530574757
0.3380263173967071 0.15847758493273673 9.805620264544078 0.32920178493887436
0.3785131842450765 0.15764324856519552 9.709426169562484 0.33470924297226057
0.5234243236736413 0.15687605194888138 9.364370100495432 0.3290964312626663
0.503781654158493 0.15316225488095508 9.557602347266183 0.3194775893452528
0.5423290013977092 0.16404981307461464 9.391124268917928 0.3361999801545098
0.3487422533784875 0.15837029116167242 9.770434449358197 0.3309759626631074
0.3611146567637038 0.15840266321859361 9.72718559767517 0.3331855392407192
0.7163973836655534 0.14371006945991205 8.986122505611508 0.2994407071429444
0.5023470969059782 0.16534857729845975 9.494339213648459 0.3353732063160247
0.42035430511512284 0.1550591002319788 9.684314420021611 0.32988757718321965
0.31152680958612383 0.15785986383913223 9.888625626515083 0.33198573294994144
0.5573075416592215 0.15441297316505792 9.360656775050714 0.3211096000760128
0.5000581124795727 0.1618203414501132 9.454245260619576 0.3355037860074641
0.5690986451472362 0.1545896201670263 9.305071750865865 0.32234810382219287
0.5774072056201625 0.15364832783105284 9.341218940257114 0.3288607307077027
0.38143545538395784 0.14537141575475018 9.68377357462962 0.30723921245138436
0.2924280073115878 0.15292402095184682 9.902017645936672 0.3245578927853271
0.4831588122023094 0.15931485901788559 9.524032472882816 0.3302726214072738
0.4587443314781914 0.14412851354269854 9.556680183520452 0.3019498915097205
0.37733648086710475 0.1610200917966217 9.713006892259376 0.33727123803797165
0.5425278188059374 0.16059989584911227 9.425721835095505 0.3308716756759548
0.38854599083907637 0.15222596985702672 9.672327160261457 0.3129725736877991
0.4236714899838242 0.1536888305424662 9.667699588902728 0.31733153604029446
0.4288854118833121 0.15676312749691676 9.540318820695767 0.3300978098628674
0.4138154662043363 0.15408598108869942 9.737805834312992 0.3305630883812263
0.43184513255212953 0.1471700260396543 9.669721045837058 0.3179958108275459
0.41648744227177803 0.15957011218440814 9.670147678588105 0.3382404333314704
0.315373151432269 0.161647168618125 9.824364359626287 0.34389467257476053
0.4189048233958653 0.15951320615499165 9.660871213497778 0.3316657924704649
0.45943807731601605 0.16888273289500663 9.596115887238636 0.35265060947527727
0.43875145578731156 0.15627274203608613 9.614026247183865 0.3228705234000488
0.4661931117550201 0.15523061098404844 9.538905786728908 0.32605140690217604
0.6082689338873124 0.15779560381768898 9.36151014963053 0.3314010365891207
0.45338971177098664 0.15840171193222272 9.627588547144388 0.33210937318089223
0.46662729838240813 0.15298747643180233 9.541984855801514 0.3223162719046345
0.21677077514182586 0.1570186641898091 9.963434120344278 0.3321904888704227
0.4435415864645162 0.15967838426612616 9.685037673908155 0.3380863343702484
0.4949591172482164 0.16710999961158815 9.518041663503706 0.35125098569305746
0.41455250763947543 0.14662457591880546 9.68338158958715 0.31573828287122835
0.5124506914213773 0.14537650916084816 9.520709816764764 0.2981822711323209
0.5045924075481634 0.1507204055653087 9.460266927523211 0.31371307415435873
0.333525665219079 0.15996341744899006 9.872569021260535 0.3329367315728954
0.5937581759806172 0.15099913033416837 9.294472531841606 0.31663829095631046
0.6397351223641412 0.17571001226662947 9.154013657470507 0.36992965819994733
0.44668452899370936 0.14175089229642518 9.665714862802243 0.2941498967719918
0.4525253859986523 0.15567964467800377 9.51608070052444 0.3290539827319085
0.48776827011433793 0.150265789115771 9.511562209039582 0.3086953600611408
0.3822178667991146 0.16637135303827263 9.727966425222002 0.35127154398217014
0.5427349593653983 0.15740660580440347 9.387411728434117 0.3299830513233887
0.5700241001553923 0.16802066011554367 9.338069752594087 0.34935211033290003
0.3684061645931084 0.1539635355989272 9.834476390364605 0.32498172321139623
0.4378794456639157 0.1519084705448726 9.608205918361415 0.32797451031142993
0.3526514161877165 0.17143683866077508 9.855233065301041 0.3571998882056001
0.37908227270578276 0.15874778372865278 9.686066297509864 0.33973621352520644
0.47889336410574723 0.154358646798917 9.614477481586693 0.31923115351897047
0.31836306017761795 0.14684364362839747 9.859727697668216 0.30901064153562907
0.290774428008185 0.1731371360751695 9.857321642539052 0.36502041991206235
0.5161198116173816 0.140240214782579 9.434010994301438 0.2929977047724615
0.46759742162566453 0.14682928246778157 9.60961200907915 0.3064929525056893
0.6381513488278515 0.1477852476161806 9.24520946621662 0.3104581866994513
0.5095929083871596 0.17670602799559018 9.523484254817596 0.37383259979900624
0.37333882433850873 0.14964959581046278 9.68679663021842 0.3203257979605941
0.60164192948325 0.14880927859474158 9.312795395228449 0.3064332880063011
0.38025883132128124 0.15286598533165027 9.761480642594343 0.3193374488951797
0.3560354853700079 0.1635619885084967 9.71939992812769 0.3391217467885537
0.574327108542406 0.1457432646777909 9.290920835576914 0.31082552039871586
0.409181177892856 0.15183367558811797 9.5880299903795 0.31625157738597875
0.5976198010673435 0.15888499094497313 9.213168319752617 0.3371497601666732
0.48868501731203673 0.15541590352062115 9.479709581428345 0.32270517803943116
0.34953169050513455 0.17133468590570072 9.809849572506796 0.35860608592075544
0.5920323377249335 0.15459065670590777 9.29960135345853 0.3227398018649838
0.3086241127132574 0.17221568545606009 9.868958868472113 0.35957961118427223
0.5377018349206344 0.1640552864530334 9.366994278853625 0.3502537917562755
0.196562025880491 0.15046677441062073 10.111067447114662 0.32241449197697436
0.4616792093767439 0.15536262152432267 9.5845481521743 0.31654349177759794
0.42135289702982026 0.15757969200405797 9.65696623038745 0.3263759843708655
0.34675965655326224 0.14085177663103604 9.798532112624677 0.2951092886900883
0.6849541356198564 0.1471723962392973 9.071573870078609 0.30826358055894554
0.5283359327790638 0.15012336211525493 9.395450935599825 0.31468804112280807
0.6700134374834683 0.14281055384861113 9.083284982604741 0.297127836152637
0.4361455123241331 0.15963293171851153 9.624408081862565 0.3297160146737563
0.3047182310595668 0.1666911398579272 9.897149743016541 0.34915760369406923
0.5014455629234409 0.1510889773722169 9.418605274488316 0.3140600578083912
0.3570916573132004 0.15301074923766142 9.752596783211231 0.32758772852217194
0.7087159123102889 0.15012469473416798 9.165034826160895 0.31043804274586945
0.43935381549910113 0.16724741773290838 9.629827239926584 0.3451142801581382
0.626017505129439 0.1513274069900521 9.200513384542692 0.3179438784241243
0.5310138857283774 0.1724347423451076 9.398323371818247 0.35540967845304566
0.4736522193689767 0.15970383623510856 9.527767282720365 0.34438160879016905
0.5192620899752318 0.1563962014651485 9.416749025273248 0.3281716232809406
0.5816404498896224 0.16239285345238494 9.3194749888033 0.34195036634823656
0.46491466471026033 0.1680268335042729 9.58576540004091 0.3573133279799075
0.38598638950297615 0.15287814278414635 9.659192892854303 0.31391318022841863
0.578539189694008 0.15929681535606724 9.276925040238766 0.33154623571597713
0.5962814927159399 0.1659762613041225 9.190738199031227 0.3493009601338715
0.4464022066344755 0.1509199865537991 9.682803253694999 0.3159144030404892
0.6053199675171517 0.15112073624171693 9.30087591215322 0.3212304521122277
0.299189235247617 0.17312293369612697 9.886548127791066 0.36542534042201563
0.560408089938563 0.153388923517194 9.345350589174863 0.31443646413978066
0.42908409001934644 0.16061395429823738 9.550827261811204 0.3298393276081554
0.4302067153765242 0.150190084835019 9.614832659866364 0.31204773819762255
0.4479026829532433 0.16617468806192168 9.606813028211008 0.3388798227349313
0.39901029910242625 0.1567340800987658 9.632997125907359 0.3332943870915485
0.3979128483677047 0.1626687940679188 9.72909343853374 0.34943067003290895
0.5119393534348935 0.15539194031037057 9.493887792672234 0.3250032028398792
0.4940395314698077 0.1555963027944919 9.484849500527872 0.32571523365407606
0.2381850953358631 0.15195758878105714 9.958767134511685 0.31508760278242687
0.5017877931818611 0.16015787073747312 9.483811915967426 0.3361583732709448
0.31955767801068985 0.15716970800826766 9.816385689392789 0.3292885364853775
0.5340289694167564 0.1629494326438062 9.486601664900913 0.3402178991588493
0.44351232860423295 0.16543947134449846 9.549790604236406 0.3414579845334584
0.4820408695868415 0.14534214922495595 9.504677355207711 0.30240096443899706
0.44784996981056746 0.15324264980902919 9.601093023177015 0.31929125670111536
0.3877680366911832 0.15189455669934676 9.712873482401442 0.3128356062679337
0.5870254042561514 0.16475165222972604 9.218296795983075 0.34478576089268725
0.35663472052451706 0.15936660184481524 9.751506540909265 0.3237968046017057
0.37230526016344356 0.17072656700817299 9.712894321241608 0.36123115851615833
0.48503547623900334 0.1652318586095941 9.536285999052646 0.3491788695998594
0.5366278456896909 0.15526001667887449 9.454273788936792 0.32591793117963386
0.35981403703347714 0.1593853321849407 9.705360525714056 0.33899908324748534
0.3862720700844778 0.15029747379433825 9.67351570761976 0.3128444532947477
0.5383485638363221 0.1590051947588014 9.469919508058338 0.3255021548815344
0.6439488748403408 0.16307553045038073 9.163853151933154 0.3418603732050994
0.4468925919915707 0.1636064112933369 9.566855329314253 0.34112868394894874
0.3797401092053573 0.14714940191943723 9.767613039552 0.3145997477130095
0.45671329222797524 0.15462916836929394 9.634851937966497 0.3205903259922729
0.3400572051751014 0.15400478588347047 9.838347162548022 0.3336338996324679
0.32621720195258797 0.16868206725564527 9.77460443787099 0.3536778512491027
0.3349353661665696 0.1636695308314768 9.87976196939578 0.34771078552265594
0.44403715163199853 0.15964564000006698 9.554209814451339 0.3441050909044132
0.43254598386558707 0.14730804269579206 9.577670313173897 0.30629147103842225
0.6210314182331973 0.1445222856984161 9.273526601110216 0.29799001559826105
0.6084386263383778 0.173582559675379 9.246179647688955 0.3607892150442517
0.3757726372780331 0.16681246414766354 9.704372851154313 0.34999568835641665
0.5691705051808289 0.14513190852256588 9.366206115635363 0.2989161246439773
0.6346754361388429 0.15146513359429356 9.143764708961402 0.3204873415185272
0.35481501933694 0.15711761293681245 9.806388047332444 0.3273863114935205
0.5101970478189299 0.1484082722751474 9.453192381540982 0.31862261324441854
0.4474565315627919 0.155299252322673 9.666688333167013 0.32647257859070583
0.3260222199525814 0.1535788889511295 9.86736992152162 0.3211349056301781
0.4262120384450379 0.15409319617685757 9.629941620321073 0.3205491935189346
0.16986063319891787 0.153950029762293 10.200218037586254 0.325358560581077
0.5052388192879804 0.15875923127585503 9.469113574037738 0.336006187823973
0.27303732394006386 0.15981389031890783 9.868471010179722 0.3264039404735891
0.5718691946470587 0.1668245593335615 9.264892124221483 0.3466815772368428
0.4209953366960629 0.1647405117536894 9.629563072166192 0.3483467046854089
0.47002365664093315 0.14772618121776432 9.493823224260526 0.30946048996873265
0.5522336523002425 0.16351560037602503 9.33853549571215 0.3412028387655934
0.4486567536653482 0.15854525086171706 9.511959336016531 0.32620419391084954
0.3394387480407023 0.15301620470011484 9.874974586621708 0.32373107715019245
0.4670700677034912 0.15779400811324293 9.461053310034828 0.32820146436582337
0.49139102434468396 0.15698258849298047 9.460547341368237 0.32665352265290654
0.4396337723347278 0.1523885304325181 9.503721497597304 0.3192345649848642
0.3832454700730351 0.1658634801102845 9.702951560183156 0.3558677267553377
0.44426556532061945 0.1559996061915557 9.561403035307855 0.3250325636239228
0.48899497673604253 0.1628775077737697 9.455590442280478 0.33742848193202984
0.334749262356513 0.16807463150782562 9.846676909316066 0.35597395036051155
0.4597753773704022 0.14974413661465277 9.607682171812204 0.31860429074760493
0.4311222246713875 0.15893241426737031 9.606293415463934 0.33592766819762776
0.46271573547301437 0.17859329297498638 9.543996437707266 0.37003379878559495
0.3825231412935127 0.15865667020488494 9.721965865306501 0.3362815382647699
0.4393210209820583 0.16077991263343822 9.597092561885397 0.33264935992825734
0.33232378979543903 0.15831506038829143 9.826351699299767 0.3279821924822877
0.45843242714776794 0.16578553842196983 9.603403045831763 0.347123010664393
0.3680511439786305 0.1443619070181699 9.730407156803386 0.30518518177720794
0.579048375569773 0.16357512044416353 9.367331922687848 0.3449889271657929
0.47221184396264515 0.16197901965818254 9.58143736922382 0.34436695962244707
0.18602270895002562 0.15132169821105862 10.119420002205183 0.31691638882637946
0.4034603675684684 0.15889222965999653 9.655793921826387 0.32811982503408155
0.4322724462129059 0.1524209663532581 9.61902349804325 0.3169123683285096
0.346973781493727 0.15802059476264668 9.725613471314993 0.3266724580559571
0.5895334051416621 0.15145994139420857 9.338137508994665 0.31981069693956504
0.32106970497289566 0.15907300190962703 9.863567168064842 0.33957422115763874
0.3970986032263414 0.1537723081437183 9.712120468761682 0.3237920819415404
0.4435184086363778 0.15214556743300744 9.604336236556893 0.3288559296442461
0.3951142360909463 0.14904309674851562 9.689447321814203 0.3095553208136862
0.5218669097485005 0.13986300727075457 9.387418270824869 0.2966117873862076
0.4932708950796473 0.14843775657209896 9.497662554808993 0.309790584912795
0.31364256282478714 0.15413587225824502 9.86199668398961 0.32186583096382837
0.5154844215476655 0.15459173420966285 9.481430918754853 0.32713577153046447
0.31378519388219356 0.17335255333402014 9.839976497870806 0.36447784583013615
0.4124640153605105 0.1606781428743774 9.683301000368555 0.3332086844582898
0.3019801892935039 0.14326356391728487 9.909259194477688 0.2995025129130547
0.7516933775593222 0.15781099157916317 8.92820913573837 0.34432822075553854
0.3521016909523491 0.1616348234758787 9.751437013498439 0.3371924130268183
0.5923607360220063 0.14839838569934896 9.294963980868605 0.3108065871630489
0.44004774310132944 0.143089385635156 9.590502318919429 0.3001957801950469
0.49031160157080306 0.14538393715079628 9.480319378931274 0.30218377940257274
0.30584721363444467 0.15391496288834017 9.815594797273043 0.3162076046644989
0.47529148891023604 0.1678610523891525 9.439062236593845 0.3507142528795436
0.3615117912117236 0.16575026795503622 9.791141398934705 0.3442177716668347
0.5425288639621468 0.15920979729182003 9.375260572915622 0.3404563429996258
0.3162285983178844 0.16095759131765963 9.846343965988524 0.34055436831676317
0.35078658575541344 0.14824491835042117 9.771472178444194 0.30701714935769414
0.40151946479154116 0.14773539149356632 9.673387557494094 0.31153253544378606
0.4498739255768922 0.15006549852748768 9.547699164616937 0.31524665015713726
0.3876111832652652 0.14974147395900764 9.698490521218542 0.3100172920578622
0.46453688930407105 0.14003695554574658 9.530609319736971 0.29701524726652584
0.4649028837155782 0.16281721440790628 9.507724493009292 0.3358401200843596
0.42420533150254214 0.16220050071287578 9.59129219067282 0.34292365241947304
0.5380434890552663 0.15469620295672987 9.487687118325951 0.32331674386433734
0.3898616220506025 0.16357396594160065 9.634865623312159 0.34215090725397385
0.5427517954938408 0.14505191624626979 9.387245763712642 0.2981357999137235
0.45436899235242095 0.1622471582693742 9.632406502781436 0.3363597205787737
0.3587008312789872 0.16031488819462147 9.829018067051921 0.3393650773646811
0.4633773493553235 0.16797960676990206 9.564552353632592 0.3576082681530222
0.29260848114176263 0.16084314951341788 9.862215886961192 0.34596524572290893
0.5324437402580134 0.1568885025866227 9.428243755982063 0.3292684235798206
0.3975240846161471 0.1731328295474438 9.715667109781108 0.3583150117870961
0.43703966702780683 0.1594303634190077 9.60561725175599 0.3348179106001057
0.30501242833650766 0.16934928594426715 9.865971579050024 0.34900054993794516
0.37977583872852955 0.16859550748043187 9.658671510163899 0.3597025617919467
0.5115626183622861 0.14704726655278721 9.355230862122625 0.3175514403679125
0.41915146474638376 0.1707542236300641 9.712037976128851 0.35793938053343854
0.41187771068313095 0.1695039188469817 9.631086091927113 0.35257907845409714
0.367804923635644 0.16838276788780435 9.660145963842018 0.3561010976761143
0.6018018659901858 0.1523324749328714 9.297540659124843 0.3172129869449853
0.43771117070436827 0.15622789860509342 9.61449663606648 0.3288464412285947
0.46918197502096215 0.1589967291129038 9.495406322198292 0.3272552272439094
0.4955266893407253 0.14390591524642068 9.390194893392744 0.3050417329789164
0.5823365286252253 0.15931344039539347 9.32168036669772 0.3285372982991232
0.39263378180381003 0.1701689283374404 9.671428237730673 0.3518201110163925
0.5512292821422695 0.14857101115001944 9.37617222906239 0.3136440493615689
0.5317748535784981 0.14791419536477818 9.415031769460098 0.30906789479034885
0.5972621873935383 0.16387557815096118 9.345630153437451 0.339962658141022
0.5460319694799167 0.15912459419479033 9.44871633519448 0.33050640807988757
0.4608702136056915 0.16621734901799032 9.591532137749489 0.35263337293228547
0.6044488645894184 0.16433907424660266 9.255230534366891 0.34940786497147136
0.5739207583011658 0.15101026987235863 9.316072154231431 0.3113671514611635
0.6099605934698968 0.15936877071673713 9.29621206341687 0.3295478075602741
0.44974583093361886 0.17318841905874371 9.594424427596568 0.36617895317918864
0.39345113652762465 0.13946007870878632 9.730310579338425 0.29160196674523686
0.4081818716855018 0.175847647287195 9.6653082790728 0.3728577775421386
0.28830462803035073 0.16719889687233558 9.934483799657414 0.34507734077329316
0.4112802902462408 0.14203120171293532 9.69801404291204 0.29996237236315654
0.3067090495006979 0.16438494579168925 9.781039567499903 0.3485068411821203
0.3685879750065505 0.1609198724581604 9.745802701581031 0.340410105568492
0.4525786752259793 0.16251199534231603 9.601955107172781 0.33941147610289835
0.5376560211264114 0.15883235840025126 9.339285754434513 0.3264653011997529
0.48420551698301423 0.1657513884637991 9.518155234709225 0.34389405897008984
0.3753327949901227 0.15191673136592976 9.736717625107264 0.32388167319991246
0.3863810914827934 0.15320799358555895 9.669223539086254 0.32123163802569304
0.49476732300955484 0.15045047914558143 9.43032688921982 0.3110472113081158
0.3542980689738806 0.14987896027384764 9.759773573435353 0.31529501350179207
0.44876376265930373 0.17261354810528265 9.576975780870155 0.35302980453372584
0.3706588309945854 0.15251312933827468 9.70586250588088 0.3110263466790247
0.3043735899676942 0.16355760549881934 9.948634722451434 0.3421966525640584
0.5776493632261428 0.16309000487101194 9.223731716511711 0.34280810272944445
0.35875048854566693 0.16631659993605993 9.840667508593008 0.3392182725917417
0.28064021910777687 0.16497197454362694 9.913357207854041 0.3544130130096755
0.47208263242198834 0.1618048656026995 9.570458542258063 0.33679275319177765
0.3898999249191071 0.1489311778746247 9.69554131204082 0.3169963972204728
0.3184982575228047 0.14304410048606309 9.840087935277774 0.2957444608023582
0.6784388451489021 0.1669283159223389 9.108423921214605 0.3606023722866464
0.5027168404307214 0.14892403626438702 9.47540311925475 0.31764120234074433
0.4151106663520011 0.16713335462109524 9.692825268948873 0.34480599040129567
0.22568944331493068 0.15708337603364 10.098354147800073 0.32061001413279816
0.4300786178808061 0.1667577483823961 9.602261422594651 0.34895732631580617
0.6206345937496149 0.15270648631963832 9.217563993016709 0.3223669209478404
0.5404740922034048 0.15595060892689958 9.363616250419081 0.310768885295705
0.505945452507122 0.15983130874578208 9.444617353414213 0.34049928003087654
0.4615534495951361 0.1577020551665891 9.514315248085005 0.33562535442553837
0.4196506789513143 0.15090532941746262 9.614355383710055 0.31054559161587675
0.5361940055939389 0.1583304132651852 9.395513309719874 0.3374445604467235
0.45795049929746223 0.137763783515012 9.569029140390777 0.2842901458119897
0.5561911233428616 0.16422806927915734 9.416880782672099 0.3450599678219282
0.4722001231818137 0.1507423786907846 9.57160071926966 0.3174989401285108
0.3996537112423607 0.16203732997249146 9.680142163033803 0.3376234019265681
0.3899388629519668 0.16772519525490082 9.628954492797234 0.35765404283193397
0.3272195751580679 0.16554478635382472 9.820189971537115 0.34482691374508784
0.48454062977946943 0.1626432319377681 9.509747858427687 0.3357079731895941
0.28531733209489596 0.16377013233209733 9.983219878011148 0.3479367219815049
0.5027816756919987 0.15310164278677946 9.453910923058015 0.32408191106538964
0.4828528511443594 0.15291682320828434 9.401043182636077 0.32560913034762573
0.3834123322175922 0.14952534225474298 9.702418085963199 0.3216220700151657
0.48839799403839157 0.156702106050678 9.464883901422658 0.3271592995338858
0.4687972095376147 0.14760291001398565 9.517003393628366 0.306561000901711
0.3780242725549753 0.16122237811576146 9.691213049883135 0.33142692586150563
0.4272885478592958 0.15364482616438555 9.679232244269755 0.31737581521214814
0.3476653000362264 0.1564711186179372 9.829366073360116 0.33331595763631944
0.3060690307922463 0.16150772528767127 9.901174016159302 0.34094112535182686
0.39508873296008373 0.1619128644911109 9.651370407394982 0.34248630035852234
0.581636766431775 0.1354967771013586 9.24028445945805 0.28700252510284596
0.3142312540195993 0.16473783220162594 9.933437936226639 0.3429551333238354
0.4072589372173222 0.15792591988213758 9.716318605453347 0.33924436809821373
0.5165707220836446 0.1570235075778952 9.572490600479881 0.32518147105397
0.43092671784668746 0.15665387624193414 9.562080423543682 0.3259440779276138
0.49300103706433834 0.15872448004201162 9.52124276893491 0.3363493073657535
0.3893178208333862 0.16383601953032279 9.793564918205895 0.3400991624856725
0.3735303746595957 0.1490973601090492 9.667376496744605 0.313411915158376
0.48155052934106696 0.16831199282357254 9.542829607235653 0.3556013912751226
0.3870009875167562 0.16769082279396338 9.739903631970217 0.3539283979228643
0.6028057249463354 0.15123914578878359 9.260860715003002 0.32190076715440297
0.6103006473176361 0.14501155993591122 9.296461265859957 0.3031646720766668
0.4199388869089594 0.17506704737176898 9.661758375909333 0.36591260180908586
0.44669092603478955 0.1624582910203877 9.535585554933142 0.33756799406205934
0.5141107608296218 0.14703066684767024 9.499510766329852 0.30842406668374583
0.34848409950142645 0.14148040427206038 9.763998415971777 0.29528619889882857
0.3736657754642964 0.15311204186902994 9.669457556307595 0.3170144031945069
0.4981201233190271 0.16155686403710373 9.487495355819096 0.3478847888525156
0.35436914532039476 0.16627886157705285 9.73272349094349 0.3428653318075427
0.5338648459168225 0.1685146389917451 9.370344332737796 0.3531211941812392
0.38116361648890307 0.14999855689922437 9.648537382618041 0.3120440871409028
0.19015061076328127 0.1594767447042732 10.139457412537666 0.33082726784628436
0.4422790397220422 0.16411377832422505 9.589688706223498 0.3406589479952315
0.43295572276944 0.15228683213187286 9.713855091068421 0.31812369067504864
0.4705649670445378 0.16504453475120137 9.595666762589342 0.34709577032691796
0.47941320111701846 0.16522782075411427 9.598416517878084 0.34655632145204784
0.48600996084736453 0.1521041303434372 9.509816812577606 0.3179955661870742
0.35252702606793074 0.1471294959421684 9.697951211027956 0.3065507591683513
0.6797841108546033 0.16311727156570763 9.117985929360874 0.34764741931072757
0.543266824070316 0.1536286986230136 9.45931277743324 0.3219560602673338
0.4807340601772331 0.14569537836387628 9.563093816546282 0.3100013330367471
0.6286910926591975 0.15959527664300416 9.127793263483875 0.33705677696925795
0.36536837501020636 0.14200275294366338 9.763075266105695 0.2995616988948247
0.24463977066774006 0.17486758758920826 10.035114137421974 0.36946645309405146
0.3837878861954282 0.1412976821778985 9.700302267333736 0.2962430006663886
0.35850069038129573 0.15269871730737025 9.801737805020753 0.32164897669290776
0.31760219047308774 0.15722688310571042 9.760825855453827 0.32522668391386517
0.3222745290888968 0.15124288857599227 9.7905474588728 0.31215882252504495
0.4772434178413846 0.15710667048030877 9.598304900675569 0.32845797480345224
0.3451170650589578 0.1665312763972646 9.828115089814895 0.35335400547456913
0.4737639609157655 0.14854193151913023 9.648455397632773 0.3159010592808638
0.390106060853573 0.1473446337751444 9.732179369278745 0.3088999726435544
0.4588659947010391 0.15332208207242154 9.627562252793457 0.32397787991591764
0.53625723277044 0.14758715219616314 9.391583750551579 0.3043395336893369
0.3976133722864558 0.15765693925353613 9.59540860562187 0.3268633822710554
0.4544169136087157 0.17533706857590825 9.48387466365427 0.3691461698919524
0.4822344823302456 0.1636596101855995 9.554170288055364 0.33904024116820325
0.5302231294803037 0.15361008099175494 9.390236851482136 0.32322748400530366
0.4441958631415204 0.15691706871074185 9.637973627117287 0.33022769967194116
0.6398233829495676 0.14455430797860305 9.180192439933908 0.30867978994581907
0.2699415654552111 0.16397307243994028 9.986466524118814 0.34617733595413713
0.412050120342173 0.14912876880243034 9.617077131895682 0.3052043957284771
0.4542990981114435 0.1695198198372477 9.464456999599822 0.34961402734296393
0.5177761285954234 0.16260350842179058 9.45779000009375 0.3348174799197334
0.5444470074975573 0.15518388833170568 9.378463580440934 0.3242946755921268
0.26278063876462776 0.17292225508529205 10.023911064679224 0.3662880222447604
0.38293562514597923 0.16028568568871165 9.666326073491973 0.3306388022827181
0.411315406094933 0.1559443842628033 9.63893733696956 0.3266027413994008
0.3783790342557702 0.1621749707291388 9.643177150314052 0.34177788547935223
0.47492581242290954 0.15101756202888877 9.589374076780537 0.30871823156392736
0.43962685027999804 0.1510424547527905 9.562007183161068 0.3145463351990565
0.4144977964207706 0.14694211529786416 9.617424859836397 0.30056382296288725
0.3791123530300514 0.15118692412148893 9.740594843605706 0.32065295078406114
0.30009243297371313 0.15595047079268695 9.831352507359512 0.3283736519085277
0.5590413145279195 0.1711916574645299 9.341902170806586 0.356347561737555
0.5000320040104458 0.147621848032475 9.43231086993119 0.3082373874826043
0.3435875272473334 0.1621376587532801 9.778540549182257 0.34246123114585647
0.505710685138459 0.1528632419985411 9.455362748900114 0.32106304354977916
0.49011775962651066 0.153059369289619 9.465283517488416 0.32293023919247654
0.40740497808442655 0.15600749929308194 9.671149636523163 0.3211749704348838
0.38647049130277344 0.15850318211644945 9.712327444418317 0.33544170383273025
0.32769856854403767 0.1592394333301944 9.897575801078581 0.33029891144655893
0.43214662576900154 0.15283669050741497 9.58851682093908 0.31871411979682374
0.4011255598228295 0.1542703273717447 9.731496553798362 0.31637789408187506
0.45183534854567053 0.14990642644790503 9.613856085619506 0.31171059789583855
0.3668299268394681 0.17027956746403666 9.802177791740947 0.3553719285816074
0.3643757572690971 0.15304191752052912 9.80287207699261 0.3174467847314645
0.4217701382903346 0.15379763319104095 9.687198759120315 0.3320446048342977
0.3590069186477731 0.1789927440077987 9.748105473273348 0.3743526722193783
0.4658218119089353 0.13383717450882907 9.609900099487628 0.27995762041924765
0.5007730693325337 0.15860377214511578 9.441802251517846 0.3353530747654663
0.458549907453885 0.15869458653768884 9.485752679618589 0.3244245618436542
0.42853787222957185 0.15239790824917843 9.598704922051953 0.3191817680809472
0.38933308878000406 0.159902626183993 9.687663244973777 0.3392699343082162
0.41152667712468916 0.1670209732464205 9.670725033101302 0.3506199597001655
0.5894897328985715 0.1574898582104935 9.181872405343267 0.3331972737391996
0.3824888723105049 0.15730587107785537 9.753348422646685 0.3340156454938612
0.30819286836191206 0.15892710187595305 9.941360609705228 0.33706748639061357
0.5365383264678194 0.16021954849502285 9.381306149634476 0.33821225271176886
0.5070178680243808 0.1757126051060945 9.4486709959988 0.3686321538254768
0.4924028317020851 0.1585274323533738 9.542939706790385 0.33360211366102127
0.46158304076808293 0.15813574458092405 9.503256846717528 0.3342637160603242
0.600742171065059 0.1619278388642621 9.203814814363813 0.3432723234642133
0.4627607221191573 0.1499042795922897 9.608591407195558 0.3202950228401616
0.4245097033801628 0.15661095055557628 9.55645624463228 0.32928971228671483
0.3894486385230692 0.14569291156533828 9.655663285037708 0.30862332752036375
0.48137387615944804 0.1612281228394975 9.58613214792544 0.3418399478355273
0.35025308024854296 0.14698838627753105 9.669701575454507 0.3015499371249205
0.3135583709091702 0.15652378100660183 9.897650603437006 0.33028865486685444
0.4090345981520311 0.1446780702832969 9.608047055715254 0.3003524586350199
0.2623916646228424 0.1550333353554254 10.036126618488655 0.3176787579168662
0.4974746098872836 0.14673472274059815 9.420309336938686 0.30114873766593153
0.41945611995604043 0.15198256923724168 9.752653471961324 0.31880744599850847
0.5405800664430271 0.16053557054500944 9.416319680296054 0.3386257945291085
0.5154824166887775 0.1698272082372762 9.443358761600738 0.3615758260528772
0.36133645948363824 0.16255452749850643 9.701200187949198 0.3419104532773213
0.39705227199284737 0.14774471336474554 9.67782018429922 0.3076099901139551
0.380272428794415 0.1506660853353361 9.72138248477434 0.3165723365286791
0.5135901471056302 0.15952069653027504 9.389206277269299 0.33249880391150066
0.41366152396308586 0.1420766236495751 9.67112808556198 0.29160208933608933
0.44312932883888806 0.17285327669397096 9.592923474708625 0.3620417114884685
0.4191542806903635 0.1539636979191201 9.594745482854838 0.32850165110596813
0.563435425426664 0.1500444743586298 9.325737017359796 0.31583851461122764
0.49318394164979595 0.16082009563107733 9.538503692644632 0.3397519630102096
0.44603388373382546 0.14633550072627133 9.58711958154051 0.3078903072175666
0.2970130022245101 0.1522981421482321 9.867440204802627 0.31611612938439976
0.4205809858934517 0.15642729767363314 9.55083875230136 0.3299132344844687
0.5294700061452278 0.15293569758377626 9.521111842421938 0.3141464354362231
0.23364816962242246 0.16177234138634536 10.023313856738536 0.33618688117537027
0.35262973189189356 0.16166288550888167 9.816567283208803 0.34450525444562485
0.5585511008742532 0.1571700970355065 9.399667156104801 0.32716366385970735
0.3963656563711657 0.1764716104935775 9.62369009861133 0.3674102934684887
0.3079350147239722 0.15602017611136088 9.921773853496312 0.33019371126771085
0.4815925288348798 0.15921837967627006 9.452614898884208 0.33996769523805453
0.3651138591415739 0.17763409793651494 9.662313360122821 0.36780419039798934
0.14687210710904555 0.16324588036863558 10.259778103924901 0.33737484996869554
0.3930964621030977 0.15476125266181134 9.675383335230908 0.3202190626966199
0.2384968907076665 0.16107558488632084 9.96629451777326 0.3358119268719463
0.33998836469868354 0.15666126611149123 9.77815937308624 0.3294251711335409
0.42995500933989456 0.16184847200695515 9.653117973514442 0.3402578934160113
0.18667299592768255 0.1597900052950068 10.05113103010733 0.33798141116780805
0.4252985762983499 0.15583377086231573 9.615329148848433 0.32863090066157297
0.5439647735147252 0.1599070968768339 9.337296826873512 0.33275478833584404
0.48683396575412585 0.15464859940951228 9.48777545050943 0.3201613943659663
0.47531477639849085 0.16737160808912233 9.643109161957145 0.3485780818055071
0.5602567860890275 0.15589063267364264 9.322605858174356 0.3246209782014099
0.4918818025107843 0.1581863632836739 9.45222448412409 0.3290100391254622
0.4445363468605694 0.14908009651107465 9.55403402371242 0.30882610370454655
0.497860842440222 0.1531576164875445 9.414827710490984 0.31894791834830244
0.514663959793376 0.15461973158276698 9.470977567887074 0.32350779946393365
0.37888053068016586 0.15211693403006732 9.738446755301966 0.3194545042663103
0.3564202401208104 0.16951532679715667 9.895873475160883 0.3523389869378977
0.5768800572264307 0.14455534783630863 9.43750553484271 0.30423954306794976
0.5176953239310584 0.1475152023884852 9.33172348265845 0.3085421695505436
0.5358788473270608 0.1620836232176168 9.382840537275861 0.3438039683419945
0.45009769980112024 0.14373844942233072 9.564158890656381 0.29937501354997126
0.5246420961252057 0.15363431203929104 9.334106002432073 0.31333598233491955
0.3190713940887294 0.1665779646989404 9.862216677285062 0.3483187486095528
0.44650261961437243 0.15980693411762736 9.563136064121245 0.3418309474817217
0.24806023097929197 0.16800841723292534 10.007166896409075 0.35147363614147276
0.3513104410631339 0.16799825419883974 9.808211935910634 0.3486114126407177
0.45746749979699597 0.16230423693601237 9.568388693189426 0.3471704472375925
0.6240185298417034 0.15078635882909183 9.189730480831933 0.31987194862329865
0.49046009672878943 0.14407852118164544 9.5429638885664 0.2949454032610741
0.3705220063961816 0.16054719021775615 9.677600716717642 0.3446919134730281
0.3587532406317825 0.14747052962082036 9.819435510052784 0.31169908625652204
0.5054358949882749 0.15199594752646395 9.494054082760048 0.31607781815357033
0.5076206433261126 0.15387156116946146 9.467542738413982 0.3200598174140116
0.4513040800461344 0.14489261543717902 9.571663445194346 0.30342331258484156
0.203438998002671 0.1824517639299032 10.16981925264297 0.38051237579710045
0.4819758820585873 0.16107928212371456 9.502753289956772 0.33614309523053
0.4717442726281866 0.15750274254342583 9.48064151251533 0.32884399833778666
0.24546651294597405 0.1777913988779434 9.992037255881689 0.36084246860415653
0.6783906067249974 0.15890684351284953 9.14164324694988 0.32237105726275295
0.46368546739406746 0.15750546230851972 9.535245070054104 0.3307113900108635
0.5520009928283143 0.15881391680623236 9.35513780781127 0.3370371210305016
0.624733619456342 0.17147265366076983 9.171721765425929 0.3632107515484882
0.35351089597764995 0.14930494760216148 9.726809289031916 0.31109086770108185
0.4283084023958845 0.15512368113977934 9.720037805255728 0.3269899960763166
0.4547731151531711 0.16190803747361407 9.57734590807037 0.33764107844711866
0.38953690166867133 0.1577342266973805 9.758690701149312 0.33180157069598515
0.5122311022594128 0.15859348624850578 9.495079018466551 0.33427267933456417
0.4291158221938459 0.13261868827212525 9.589430288373194 0.27383187688074034
0.2974784659069628 0.1578570385426323 9.96249898109398 0.33240665854567736
0.3813854228322239 0.16786039477021097 9.734300201579863 0.34820597353464944
0.32802142746742924 0.1501746263022921 9.8497901223176 0.3139883277609309
0.4454410769091224 0.16759987759636147 9.644753777013001 0.3485391570434587
0.46222463931968016 0.164779400091849 9.492620804027258 0.3496705309279824
0.3399541751989824 0.1466098054845378 9.694565733236411 0.3079045465764632
0.4530596582290407 0.1445027564653673 9.55870107335022 0.3044057852017058
0.5022372808572848 0.1530987716662709 9.442821534336097 0.32426910595075153
0.2950094442037178 0.16753252433440502 9.897314572614746 0.33903979088538005
0.23914181019645236 0.14797996108413652 10.003854702397089 0.3075794851228412
0.36065255535763807 0.14666438275860588 9.796985001471635 0.30630332334061966
0.526625838027962 0.15746663697196833 9.387184703129734 0.32813800295062207
0.2941008530512016 0.1663229550018317 9.939273202256857 0.3563107102645915
0.5989139090054385 0.17034023387914488 9.266846909421332 0.3490686840356547
0.13444182043754838 0.16602930443572353 10.252091803058978 0.3489672984457785
0.5111093848135185 0.16399642146089194 9.453929061439172 0.3428436423860173
0.5470219308725595 0.16275583223458423 9.53486427872248 0.3408656849937533
0.49105330421450044 0.1701913710179944 9.448809423727742 0.34931083256811557
0.4542803383014944 0.16451369470478108 9.633191386757378 0.3502456123372487
0.4907996711326902 0.15083196192812695 9.448381891687667 0.3213334418753857
0.5437021647031571 0.15049863090602794 9.391179709816345 0.30913436922486465
0.4944912245942769 0.14647683900060435 9.464230125394003 0.3053149142964096
0.3912051093775203 0.1602544289999131 9.67562100000199 0.33561873827868466
0.3327187414823332 0.14795646348623534 9.777824000456913 0.30894735298575393
0.558546804379394 0.15491775416497894 9.328129457066334 0.32103242896024686
0.5871027586068513 0.14319954532181872 9.335788647445263 0.29723123694295606
0.33368358795488917 0.15356654204756537 9.87467995033818 0.32404366249347993
0.3879786836273958 0.14925060943793841 9.70581862307726 0.31766844402966615
0.3137279874741056 0.1625459873550973 9.82919359657322 0.34119476284905237
0.37454788587821075 0.16909594276040257 9.727764008214944 0.3601723827033013
0.36740756544903147 0.15059217432209915 9.775955772855706 0.3117136225796466
0.308041645580559 0.15826766865695496 9.879686798169978 0.329936063728718
0.5425816152272848 0.16830644840508974 9.34194427579203 0.34935858708247713
0.5237965942602782 0.1559773182437913 9.427689783968106 0.3252447921835712
0.6235183342246704 0.15673015614115068 9.249019440724386 0.32511272592183754
0.4033582089855807 0.15394417378202918 9.617910907676743 0.3278713000302223
0.3626512008792641 0.15072214022708963 9.782045206894187 0.3250331942818731
0.5289757705547236 0.15092085711965506 9.45887019641955 0.3119190737811381
0.44108088659893074 0.16514932206839333 9.592609912278274 0.33779991682493976
0.38688932148569943 0.16125811701051357 9.740481905255773 0.3370713096105149
0.5519447347520752 0.1582258916835195 9.348545823835362 0.32790939562912635
0.2781101509641234 0.16840761902243642 10.017153012373926 0.34823810039601394
0.4456141995282984 0.1537987462970822 9.663679411972492 0.3275054735011475
0.25285487617091434 0.176842709506653 9.9799370216077 0.3707486430656288
0.34656778861001647 0.1696137553648241 9.83357572365516 0.351223084138099
0.3728757213355575 0.15947998846705874 9.791192003257393 0.34122835432418686
0.4847933219077951 0.15697019760830427 9.509411281651442 0.3287043154188773
0.5634257822658055 0.17915659252076255 9.321237469834827 0.37077811468277516
0.5533418916037911 0.15944622388477633 9.330019267305243 0.3295741508627289
0.36069650851690577 0.15801082668913505 9.732440874946759 0.3203518589729546
0.5256138761164966 0.1525905306620195 9.372372496235638 0.3192227660252119
0.2991812961384548 0.17464838025185758 9.948882237068716 0.37251264043864185
0.3487446500765843 0.14972017348759678 9.776946140978724 0.3165858282471966
0.3207433518820316 0.15782824328678138 9.824479666655062 0.33145547584019913
0.3797515859646542 0.14889852104676612 9.687758307346796 0.31802253741380904
0.38581320489564186 0.15521574747815822 9.73267296444857 0.33324357060946186
0.5440472524498968 0.16213817785410786 9.345775626438279 0.3363103035145798
0.4696050453321554 0.15955806573934064 9.595637407497112 0.32629924445729475
0.4682038463233702 0.15959788637642566 9.527560530055142 0.33410622694023745
0.30218356289102183 0.1688094222185462 9.81114083588356 0.36262577355724085
0.5547378466270474 0.1562171926329346 9.309416869811724 0.32099381625921075
0.37943498106575657 0.15859193776302122 9.746459856745204 0.3224356845781484
0.4415867267703488 0.17134810315494753 9.586947145021227 0.36272707479596844
0.35286831227734056 0.14328023996074016 9.793192992587358 0.2938774035819104
0.5192792397102646 0.1483756253708266 9.420757750393436 0.3171436569846524
0.5303057491846425 0.13396794793095218 9.408417600320725 0.275967425956687
0.5897486423652403 0.15426675216205932 9.319725932563642 0.3184862564550392
0.28032796561957424 0.16419594685342415 9.993677373884243 0.3440730542747358
0.5107556430485556 0.159724460617475 9.453587730499533 0.3310913174736132
0.339221627041693 0.16281937967343366 9.769429089744555 0.3394593242462617
0.5964670490311126 0.1523484682249724 9.350877195947527 0.3178672581595704
0.43522507938370464 0.15944253980603196 9.591117218005905 0.3405888619438077
0.4547961448094199 0.15315157176709088 9.60616730912419 0.32358230320440556
0.33637748136957135 0.1519534141615058 9.838466350774457 0.32298764859320156
0.48030442528309103 0.15624920373282788 9.55518907756419 0.32330157442758756
0.5836756996315897 0.1464294400500616 9.327087070019974 0.31240241623475995
0.3655943918510024 0.1578231104730946 9.756337712856773 0.3349299590279956
0.5252693491154137 0.15928783259163798 9.40783964233459 0.331258029893647
0.4613516912733021 0.16701988723321945 9.530543284327333 0.35103696391920164
0.41419320917090974 0.15274795251273443 9.64738542791149 0.31880399303747586
0.7857105535867954 0.1563717961676499 8.957459257411344 0.3239621072745799
0.39889990235964606 0.15330411984651918 9.73269030674932 0.3228278629029336
0.395926081168248 0.15445563447923702 9.724617244292805 0.3208642649321348
0.5725616633994381 0.144397165628079 9.315260174518503 0.30093898765984234
0.4824721843282771 0.17072766651960544 9.532179767807197 0.34792877779531695
0.22646327614906273 0.14460724907373337 10.085949166941521 0.3018849787694492
0.4265696870235861 0.14198575200189814 9.707538659384923 0.2921259671285634
0.41506638279923747 0.15388751704077672 9.693993071436708 0.32284334356012134
0.31487249919863913 0.16763103242915642 9.864552647610104 0.3485040772271375
0.5411465365066355 0.1489414349734566 9.507693533183524 0.30862737803694956
0.4829389218419024 0.15008263589671858 9.626238903126644 0.3156213812881786
0.45078622194924617 0.147450082607978 9.602452977891245 0.3106356683688628
0.5268217986295691 0.17195977752980404 9.394222827385786 0.35416143443715936
0.5088632363123058 0.15966574567573313 9.483904787070939 0.33329965707485043
0.4734759123898966 0.14210216199542067 9.512321785435521 0.29525994851636206
0.443307200516081 0.15102025761135773 9.550624187811408 0.32161824219245055
0.20404943990765864 0.15468677454583712 10.052710895179708 0.311645784630046
0.5765434806725651 0.1528325327387 9.260005326654735 0.3176892137378409
0.6658392566424313 0.1401573695689124 9.095978478634292 0.29708152432388835
0.48981083285683896 0.15842985592737607 9.448998767733375 0.3385367192667805
0.34910416417042567 0.16540583793498564 9.885944083020098 0.3469964033928342
0.5126535230799039 0.1488795291336729 9.470804438982022 0.31039019009128316
0.5388871464836154 0.1458115427648698 9.454304684464216 0.31507701378356323
0.36827725076744205 0.14738138136274267 9.810470187563897 0.3146621357559658
0.5884030202018458 0.1512988347552296 9.280848300243672 0.3158339088987681
0.5162330028256423 0.171092528035662 9.479960993215535 0.35046375977736605
0.3159087510334333 0.15629863820325235 9.907677039356 0.33141651035269176
0.4411904307138861 0.1670546030830341 9.584577169842856 0.3508387354609337
0.1966980409599844 0.15090483608182811 10.016655806743877 0.3146853851615128
0.5050548531213663 0.1690591997889728 9.478022916775661 0.3477772768244799
0.41262332102241583 0.15176165247926734 9.569648578668168 0.31535028922309016
0.4363250948504264 0.15504000113400426 9.576878727973329 0.32513493672598615
0.45998388732375034 0.1635611769787562 9.577411120163395 0.34148627422350225
0.5369810789012561 0.1393704219837341 9.380415466809449 0.28811581455942137
0.3882620229883994 0.15415273641526356 9.698336292316082 0.3176329489269626
0.47410791085646026 0.1579685058692388 9.477878616990097 0.33521383348594347
0.3729579574491 0.1381505764953245 9.779438971193233 0.2839840831117885
0.6456077967201252 0.14836541232586503 9.237506672390843 0.31506199451958145
0.5859109655380078 0.14644741823594126 9.297810198172783 0.3068312463478753
0.3133124801946692 0.15485347368626678 9.849248685272741 0.3212689637090881
0.570488509415073 0.14697162905401887 9.276716188258398 0.30620159894894267
0.5532879293071691 0.16367156662670287 9.312434155315426 0.3440507148284663
0.3840933935810376 0.15662954594525086 9.79135996838657 0.32890041798012537
0.24376824518417928 0.1629689948724243 10.032188233025366 0.34301634228834177
0.38948582552337174 0.1567797881166062 9.62084321606623 0.3257022512062564
0.34653441446935296 0.1640761276705424 9.79145433468926 0.33846621900299834
0.4016017991995103 0.16798789457958485 9.62471838892955 0.3492066875956486
0.43160356419937274 0.15865624752788646 9.615922590263681 0.33539581645380556
0.5112163284432536 0.1565801348178805 9.443314452401358 0.33678586763534707
0.5193962613554388 0.1553363242602795 9.356074843410088 0.3232382205865471
0.519223751083025 0.15039147195059083 9.408217645209202 0.3224252183655959
0.5663316801685043 0.1566334512339646 9.372739198016395 0.32785766699116164
0.46338452618421455 0.14446914261737473 9.557253083948638 0.3013920781782235
0.27969298244792196 0.14993145144683329 9.884418119973699 0.30916360024597705
0.5279831922671259 0.14838815333879538 9.39359184324232 0.3133162646674751
0.46523258849207483 0.14802286510225635 9.50727994892019 0.30580068341315436
0.4763386348471632 0.1582973070765502 9.554228592466593 0.3359898455721726
0.5117987038577562 0.15616815878662169 9.516796813159877 0.32662567260159026
0.6169944778308777 0.15135542466739274 9.198457404855155 0.3215732344538512
0.41691086092737906 0.1606632940582444 9.685934858096768 0.33692510191144137
0.4354591026298903 0.16334193105370834 9.646726999011275 0.335145610546471
0.42074443851348564 0.1546289146917136 9.580183247555736 0.31979125442589096
0.31625345496595725 0.16414664541615437 9.924166067887317 0.34785137197678573
0.4934899807665355 0.15225165778299715 9.487707167644349 0.3214499120376645
0.5020571447514846 0.15129928501118714 9.484492134327496 0.31174143505227836
0.4573746943424262 0.14514546410876383 9.59267059323799 0.30729781299787345
0.4283250022280991 0.1718518860123586 9.588282484808 0.35818783015131467
0.5876162312875546 0.15206609473567578 9.300960557378211 0.32143771701693996
0.44662058781678327 0.1559505998394712 9.674727031929027 0.33335845088061744
0.45594337481291825 0.14897893993987438 9.555586715242931 0.31310381924651026
0.33040825883681857 0.1547913818904522 9.859340338784733 0.3319138532134569
0.3675841455306653 0.14866624640467613 9.816209908208522 0.30769488728472266
0.5610316553923785 0.1437372830830603 9.370627542051672 0.2992032998590472
0.584839115789197 0.15399163225543852 9.270350285181866 0.3301843554483215
0.4719221475031661 0.15399463875539668 9.469460722346067 0.32500583236221436
0.564494306958074 0.14371712919971158 9.349224406375454 0.3003915809040437
0.2888870656729239 0.15609448567384698 9.933579802944442 0.32876495510839565
0.3872983199933888 0.15107284539730503 9.681226323400972 0.3150786832199912
0.28185881237097105 0.15359092349070813 10.057081446697596 0.32035763403773315
0.21426161528717697 0.1594314784155757 9.992756919055134 0.3309554060400285
0.46351604341334063 0.14092122970105397 9.592186668526702 0.2967798835873808
0.3335150807859491 0.16691312354524593 9.815361103483728 0.3508774704298889
0.42544867502487904 0.1782283085344629 9.644257804733444 0.3644571034358875
0.2740318262274488 0.15693743100156846 9.868564623277635 0.3289942890852787
0.46398558344757224 0.15701804304428987 9.533074557516409 0.3311917383445475
0.31951395407182764 0.15878277608177904 9.848749579748393 0.33904732760202005
0.5070480100361205 0.17085102802353144 9.412777643803755 0.3587583745820676
0.5235897220356414 0.15990339214317922 9.39405025619434 0.3306594581936045
0.2942944130112747 0.16887684000853448 9.870925064349404 0.35358642115926514
0.40292463430388525 0.16284281694848526 9.644049184000954 0.34790695701521573
0.39184270710816405 0.15527385974180405 9.68115099937145 0.3216966375980757
0.5077722511877799 0.16647298085745207 9.366235535793013 0.34678589549283284
0.3467259182064104 0.15108742492278932 9.823733450139686 0.316305119576708
0.409063087061907 0.14725425455972724 9.667539721879674 0.3171156341186787
0.481518525345349 0.1510233353080592 9.495463310896657 0.31511046626028033
0.5912969530330481 0.14271586165805353 9.367837754294758 0.300887383797245
0.47501047155962145 0.17558509254457458 9.470201447612254 0.3577466577596352
0.48383802510944707 0.1509033987996323 9.577178215012482 0.3166878813663859
0.4316125251501216 0.15822712138138564 9.578836074584714 0.3327960854858456
0.4463723055673221 0.1787288576618429 9.572272698525692 0.3790764703109463
0.4546805357682955 0.14445425089740435 9.552620407955876 0.30040393520187214
0.39299012435131986 0.15276421602869866 9.687708344385273 0.31954770426020707
0.5644680654738999 0.16581384058758608 9.255849400874423 0.3467447920707026
0.4761094235839965 0.14755086863399897 9.529047817125331 0.30094045684345044
0.43183836135848946 0.16424653927995178 9.636465826367882 0.3498993276549085
0.4828674167415971 0.15409243456051386 9.521056434901954 0.3230982915660015
0.4514078273839094 0.16894523683869914 9.626913561968845 0.3471628496844099
0.29600675167196155 0.15495735145680167 9.894622604545965 0.3230010960647203
0.46407572993874296 0.14530910242724898 9.498159467571156 0.30426467190872464
0.5824656471470363 0.14212738076417378 9.261628615619628 0.2961572589296905
0.1833109483596197 0.16050018912140002 10.283408791595262 0.34409218255378166
0.5469891893777856 0.16285053589165507 9.432466434947422 0.3390155277404704
0.2980691714231128 0.16457159017019665 9.816339730212084 0.3428438112236292
0.5741611349545068 0.15073446719243716 9.376910279668763 0.31035986568482216
0.280976313497224 0.1582658369909227 9.87002550970387 0.32857631615536775
0.6018122149964186 0.15290115034605242 9.232977757645958 0.31856920930379684
0.40165642625254616 0.15552225926365362 9.71718096469801 0.32230788473901334
0.3401015994213871 0.15649754488646497 9.876218021579799 0.32953127069549065
0.36799913141797147 0.1504420670119017 9.715800093891211 0.3134667291057635
0.7841596581444714 0.1539245299237591 8.907312992627201 0.32474266029542664
0.41768874073967743 0.16514632741721572 9.643305756838739 0.3466832380091791
0.6593268979212229 0.16217896546483884 9.206068797611131 0.34314397092463816
0.5232844652570744 0.16527987603801256 9.300990685819004 0.34977935743726285
0.3501197414604076 0.16771825454905376 9.749891487861841 0.3548001143353611
0.5146260867116277 0.1642396169528018 9.407427901522468 0.34492542413113864
0.4869457554503902 0.1475890830184457 9.481011016433069 0.31661447505203627
0.33619975041969274 0.16117133407805434 9.806741981985368 0.33204596134794945
0.46862000639568085 0.16194829939363173 9.544937097957526 0.34020239779530803
0.5384744762522924 0.15034063734519199 9.341394575962774 0.31514042028857725
0.6753212438846883 0.1681047726365337 9.156779325920098 0.3555530691270181
0.28219142290099497 0.15749954482099782 9.910270495103482 0.3288041660600069
0.655248367382331 0.14508098573220074 9.105141413273966 0.307001986703106
0.6328503870730164 0.16372215938531945 9.282767669426802 0.33769766898020537
0.3815211286270628 0.15635653012965675 9.62418948505082 0.3242580306988743
0.38523979679942333 0.15640869805371296 9.741919956576304 0.33457904895439483
0.4728745264333717 0.15112905235801877 9.454570020803402 0.3042053913624901
0.41462786102370774 0.16862306803859234 9.611443233346101 0.36419523494682693
0.4803958514854227 0.1574665166793475 9.430971049927336 0.32464249935276274
0.35226806795581256 0.15876928869406157 9.798590906254603 0.32536983935457253
0.47827228077425465 0.15731064604993492 9.522410631465334 0.33421887339574224
0.4370910197586181 0.15258547233561678 9.597726272177118 0.31368386394736325
0.5345642213367265 0.15429936251373944 9.436625198184213 0.31943992653766273
0.5388089750516251 0.15906907909001305 9.35735108551707 0.33379695264137416
0.3347307914226815 0.15703477887388245 9.796590140440431 0.32599597550311704
0.5872546309276727 0.16689979196858915 9.313375684788678 0.3434847524595321
0.2961727741669931 0.16370502515635385 9.880630907606614 0.3312073218795347
0.2978139343515776 0.1593305780598778 9.826778577701408 0.3367944691650695
0.4201211238766708 0.17678643732560573 9.697538292857763 0.36666553490869774
0.35218978120044786 0.16984111842678948 9.75070888753929 0.35334150698851435
0.41869618695653404 0.15237703846829015 9.614931263419685 0.31398811674258825
0.5515747364506536 0.16114646270941083 9.342932915941816 0.3401171041587976
0.5861136721011982 0.16598880300293234 9.389179010920035 0.35759804467668166
0.47963499853710834 0.16579116141135317 9.441705113445826 0.3489313271086072
0.40970708420579904 0.1514081104099613 9.661816433308251 0.31620829502756753
0.4105732338693626 0.15020717792322927 9.658596735514074 0.3191852390531406
0.48123646811713533 0.15804456908799097 9.512560462638046 0.3306674137362531
0.4050533384613898 0.15911158423227031 9.707113324046883 0.33616170196477824
0.5336312609252529 0.16397838431542097 9.326015977377146 0.3453726533798689
0.5200820769715002 0.15678995264309956 9.311862077108245 0.3307089718128053
0.42792589775574685 0.1590739767624166 9.651963332289291 0.32605315539637064
0.5804712154765128 0.14817254342476752 9.400668419738636 0.3103413705892563
0.539326891565411 0.15528746158160264 9.42070794145052 0.3327519787783142
0.47185492846124655 0.16059497700297184 9.517165073948046 0.3350115866342999
0.5205689905782358 0.14878088272020792 9.520164129155203 0.30498463218098665
0.5493527304185463 0.14533009966665408 9.383720195512973 0.3097838845357391
0.5389910104963767 0.16654216386195628 9.445165901257052 0.3512162548371934
0.3364505297363646 0.17117497396647643 9.832976981081691 0.3535265945955965
0.3658598819787061 0.1549280668109127 9.725426520774072 0.31900095497375075
0.42373797969017574 0.1714923481694297 9.565156331011366 0.35942057329344534
0.6032165286639053 0.15750740358218063 9.339229063246153 0.33379584493203523
0.4610574699296168 0.1568397916191595 9.592254619201547 0.3319800846281303
0.34198929774380393 0.1495544959312122 9.75271213334765 0.30701840701645317
0.6190216616735316 0.15828782184243145 9.229782250440497 0.32441428946767786
0.4442341976078726 0.1644006636735869 9.652587675533706 0.34240160718801116
0.511025438498234 0.1669838125318232 9.409247385119713 0.35180611210878215
0.2854244596740915 0.14851911639679746 9.861113468433459 0.30746250452261864
0.6171016399412472 0.15665889136127772 9.300989528429277 0.32580700180463384
0.7398636131993807 0.15658759072376457 9.01991220046374 0.32349265139891453
0.464004972957919 0.16031323757249222 9.553105243201038 0.3382469713328996
0.3784039473503744 0.15589723342956985 9.762714749910852 0.32316333241158274
0.5146349288091092 0.17295084474553696 9.448486105040917 0.3609160752509703
0.5558779443727435 0.16188961710442168 9.328288744929022 0.3311916823653787
0.5777079828269487 0.14350478287054386 9.362337827023453 0.30218050128579926
0.6370941104102488 0.16222705088459763 9.160638603124262 0.3455927111060299
0.47550004758050857 0.1579767786180387 9.49084784479735 0.3329423439841111
0.5730231659748787 0.15963251917398263 9.269826378371764 0.33832035517479087
0.4765144248680115 0.15837344999699654 9.484306401660486 0.32818037409947765
0.4977830422267462 0.1627804183499439 9.497977650951395 0.3333776135622822
0.29929688635074836 0.17539744468974802 9.769895699563648 0.360681345563572
0.4473708730658946 0.16305911713816668 9.575670038976972 0.3386546736517427
0.401242575816161 0.16273445331796646 9.648669119002442 0.33369785777547983
0.3470635281861588 0.1641810874518 9.81147779489832 0.3362671203911502
0.3784681657488615 0.16181126957629102 9.73370757278716 0.33693191885637247
0.4427249258412081 0.14719795328975013 9.702402593364823 0.3137868813687221
0.3965927034222043 0.1727837554383554 9.716232426435818 0.3525097292328577
0.4956555351172754 0.15579650843392479 9.432802924370502 0.3266328254250272
0.5966891017022384 0.1495837467341009 9.306814847988324 0.3104776516898455
0.46821282817582005 0.15148422371738543 9.515082956604834 0.32341093568618073
0.5311185937565166 0.16332651345134294 9.385305041563122 0.3459717566235089
0.33147880949463027 0.1520552373611921 9.743035597754758 0.31635738035348693
0.2891497295394454 0.16324642665499736 9.966625390507389 0.3372239616761454
0.4348989164420798 0.1575806552062696 9.624240751020887 0.3314339650023845
0.564231476639443 0.15507681684385324 9.364981342123716 0.31922140870803467
0.5064682735350279 0.15926542588606854 9.469477326830887 0.3326937744067522
0.4008854836848085 0.1685106226092905 9.692009504436536 0.3494523324539859
0.2937990198778585 0.16184825055391497 9.903273156519628 0.33898887046241716
0.342974788549886 0.16279175367476895 9.82582999093119 0.33462886231081235
0.38120937276148625 0.15496279391361825 9.690800653391829 0.32353842968884494
0.36440409781048155 0.16107316312299896 9.711936552742 0.3400520625500628
0.4624284612567341 0.16419896523208394 9.586813233152943 0.34632394335951655
0.3066106508469951 0.16332931256990146 9.831691684202681 0.3334036118706151
0.5416845151492521 0.15911051336197282 9.401302649310633 0.333424708539435
0.3422968923996519 0.16356091160849556 9.789296427873156 0.34033009992667473
0.5162001116497112 0.1572392831866071 9.456021338060694 0.3331572115356897
0.4139368982328651 0.15341800023378513 9.652411111718784 0.324679389497751
0.49508109086399243 0.15568513696930059 9.503418298497284 0.32332874987246163
0.6127054028777601 0.15004724778211626 9.230769250634857 0.30680048989699027
0.6159093294717 0.14863266958401153 9.225519858495936 0.306001635921518
0.4292057715854263 0.14917834292761575 9.692120682892067 0.3129008745583859
0.4656071476384957 0.13859623984266026 9.623844515874708 0.29185056594934405
0.32473615880945256 0.15111192746045676 9.830664167710541 0.32451625727830374
0.5475499147170724 0.15012916160945908 9.378709363238706 0.3136470816672618
0.36768626000557597 0.17307389021160227 9.741285974085105 0.3622253060481707
0.3904186742222361 0.1640601948011529 9.686549645583403 0.3357782738294829
0.40434262342527183 0.1574033799653034 9.693080069364807 0.32608682289628477
0.42457234634814467 0.14082030156426129 9.642679331700801 0.2941709548679409
0.3880406328666641 0.16068237715441208 9.578222246423834 0.3359690489272056
0.419801819126281 0.1460744515976034 9.670864975844246 0.3045957062730825
0.5234519770524719 0.16272122494892186 9.368695014045475 0.34336931243254
0.38546095149351983 0.16037083310346942 9.738303789250828 0.3405998734634611
0.5048905296407853 0.1571014014742267 9.50190131397601 0.3310285686040861
0.5804492615478944 0.13701209033037323 9.196342151817163 0.28993979905339423
0.5450023529378775 0.17738685699908244 9.356574168955063 0.3756879457419925
0.30244911413982634 0.16572806341598795 9.92355164519974 0.351873088499043
0.42298357739040926 0.16006021511642526 9.674020144630278 0.33608188516583304
0.5374466439933083 0.16128289469776688 9.339795165629136 0.33625551689379113
0.5422128018913174 0.14401472925320238 9.386099632129444 0.29494992836768014
0.3303810654291349 0.16252120909040849 9.804372227527095 0.35005555343040684
0.5566352302740267 0.1651312831301188 9.376768896274736 0.3547963279513809
0.5239859702242968 0.16750349311088933 9.423678768395295 0.3498363203776616
0.49652275348508645 0.14619517877424204 9.533404945524971 0.3040915834348843
0.5157132371896698 0.15886003216328526 9.447455540518305 0.3322008751906224
0.44893581708190405 0.1542012293150752 9.586732231423714 0.3266699493045141
0.41690959067893907 0.16144793571619231 9.66106756039089 0.33924412122358527
0.41772115003999766 0.15802331894317362 9.645066375780772 0.3359543376555822
0.5343848230655155 0.1486386015906016 9.490992628690497 0.3104219550418586
0.5269946906531471 0.15642322781438248 9.41971710369682 0.3285494826963512
0.553084292717956 0.13708785831512055 9.384475738774764 0.28477140537857565
0.34677797616176886 0.15407365266423845 9.754989444911004 0.3182637023050562
0.5700164826657027 0.16576979800993408 9.349779887816547 0.34690808019882013
0.3518415258511964 0.1537296184961595 9.839202346778011 0.3262437005801777
0.4718262842834157 0.1462730445289918 9.579439534504962 0.3088612978872619
0.3503145753516174 0.15365927841707944 9.815406669371075 0.3157335442106023
0.3787526085665396 0.1515151173128561 9.6518810379274 0.320024415606172
0.41979379369010345 0.1688357960686641 9.619784712446377 0.3543808442729211
0.6885005034212281 0.14578552795727992 9.028100456719597 0.3081668450272935
0.5068401089919583 0.15886252411557872 9.470253770512638 0.33574516647472885
0.32343319698048484 0.15306657797634016 9.840395357417442 0.3218880143194888
0.30128609322751787 0.1652171852104313 9.96324115292313 0.34140009773513075
0.47476378297215205 0.16288698816017 9.560940448249035 0.35299916982293644
0.3422575190088485 0.17559711994237195 9.82201650775739 0.36307118025946006
0.45883251090196786 0.16237736179129908 9.591947853701015 0.33983929395578805
0.3677984139269288 0.15594100951737225 9.734650035824712 0.3266862482473911
0.41232699870362954 0.15900341164487464 9.65025593582666 0.32957697848965756
0.5587001306000952 0.15082258174924248 9.369824802888555 0.3125349029794432
0.5098125641911311 0.1452906193686757 9.559774043787233 0.29810285777942314
0.4792528499152814 0.1654316954609384 9.52077715835956 0.3485217557660163
0.5678308572311236 0.16587959461241816 9.373430080606902 0.347963315995212
0.3440488202603038 0.17282076268548724 9.807480491707851 0.34718849207164487
0.5934137261915183 0.14798228294967858 9.245858525166113 0.30378122727132767
0.42805471454721983 0.16769059221569935 9.681594553980272 0.3517287243760871
0.524312254829671 0.14943792768650918 9.409866072531045 0.313406158060514
0.37889934998354935 0.14788146842669733 9.733430985731973 0.3056300499000978
0.43518884476517117 0.1573918081317824 9.605120347160092 0.3285259978274034
0.41378389769496393 0.17448221616749135 9.606438924799882 0.3594604539832387
0.5363483287383584 0.17250073125568524 9.357640374001878 0.3624879372339631
0.37332736422379686 0.16005893739052476 9.781090987895935 0.33307704828027934
0.4444719238662881 0.15232719340824424 9.591871644123085 0.32246227519052245
0.36720742475745394 0.14914309302677384 9.81791760980697 0.3121268444547368
0.5426822380497581 0.14826799090654366 9.46219568104717 0.3132714276198242
0.6256813545582225 0.1566551855201018 9.238416618660896 0.3242438765339778
0.4163717024104705 0.16019215294129474 9.61661586791357 0.33760445781737397
0.4835638369036396 0.1462580550273319 9.430151790750038 0.30618248274767135
0.37252954489000223 0.15376388210051867 9.739384634352191 0.33057197193137494
0.645110816359538 0.14314994810560283 9.113868889767293 0.3050143046224007
0.5742935742919204 0.1644248942954766 9.32587733410588 0.34498230087725607
0.46381832153797653 0.16735649974448086 9.500708119165843 0.3473643461543102
0.6229934272605983 0.1472290264484844 9.187479081131915 0.3100081397823317
0.4281414467639729 0.1446780207326213 9.658911070095364 0.30742312218413054
0.4479940108706015 0.1587116082459932 9.644762885843907 0.32815405060967684
0.39825596287931486 0.16070101656684033 9.725272107497801 0.34263350188078384
0.30559527879176274 0.16495035976681627 9.843018429506959 0.34512272256520193
0.4948072796897892 0.14612812645344045 9.540748254690307 0.3089205111564833
0.4818215115359425 0.150350038521272 9.446300488277323 0.3116437629559807
0.40618066386731677 0.15334598064040558 9.624674607912638 0.3219036929070621
0.33434261846889635 0.1599983559228667 9.753322773037176 0.32869549087907707
0.3620654597917289 0.15640571554419527 9.791028790526603 0.3201196072229198
0.7757620132751669 0.15090051521341394 8.883095160304103 0.312425870437187
0.4999715415595605 0.1578923558030834 9.440078366932152 0.3314445174430723
0.48735067488435485 0.1634464286876509 9.506090620703645 0.33515242781751187
0.3336210665088883 0.15704465845585094 9.832308195239474 0.32782846291997314
0.46534089102973636 0.15011321368299685 9.60615227963993 0.31903643677856697
0.5336807216063897 0.1506255562722456 9.303712857255217 0.31259193321764545
0.5658435003957174 0.16796360346462336 9.28147729097731 0.355740491465544
0.510986580664715 0.16565783668067924 9.43809436120219 0.3440788618211039
0.7000594900272893 0.16559095813100597 9.031922540071577 0.34482927944439207
0.24109838600125594 0.1602182302895646 9.953093904634432 0.33352158810020355
0.5071559761115312 0.16070185609152135 9.394348376273769 0.3358199348729269
0.6268045110454246 0.1603183192481792 9.183393028861751 0.3365191458812606
0.6002733589032557 0.1545169098434294 9.384734574696997 0.3226674795445232
0.2614246401480934 0.16050001612384962 9.877426745702405 0.33504707359756825
0.6145774415655518 0.1550252755640863 9.18420011148864 0.3223891744328778
0.33013573530004225 0.17645169073706338 9.889608675515934 0.3728596962805331
0.5245636020372533 0.1585462934735143 9.430917421148823 0.33143982415533546
0.46822269926158133 0.14578869600564223 9.506266915174988 0.3081698529158645
0.41010823096111926 0.1526245421775374 9.601070166632628 0.3154982270399866
0.4163777117749382 0.15696102632229317 9.659657413918707 0.32616766189051777
0.3966851934865385 0.16012206558855968 9.732137277031953 0.3395245309045458
0.45062538870513386 0.16075935672481143 9.632006007263298 0.3350211335739177
0.47978955979833676 0.1546666926373285 9.517453509081399 0.31528063053151517
0.2982944758162076 0.15447502177380024 9.854602941112127 0.32493534900396126
0.5389372855576149 0.13792446431078018 9.376355652932165 0.2869424102294053
0.5521028562516466 0.15369351524804273 9.438380442111232 0.3142909301521296
0.21024129103979905 0.17268584966451633 10.0834680504192 0.36019291910905993
0.4736245273950058 0.13928001607735974 9.462810475602073 0.28671764896480834
0.27782898992748745 0.1563971997370979 9.937626338852233 0.3237230154865835
0.3453726340232176 0.17602192747799367 9.850426315190354 0.3759165153699727
0.4525353225254055 0.1548610980382186 9.61542336827439 0.32528618465335957
0.5523101654464277 0.16241363674804768 9.41927619763937 0.3412229517728002
0.41185321150146925 0.15851315914790728 9.682831621053944 0.3286065875899371
0.2764290359267384 0.17158655312023466 9.914757244394718 0.3671667242275485
0.4069991487822362 0.15319194638243377 9.68786065287837 0.3165954825574336
0.4726933099852576 0.1585275411463347 9.508709575921909 0.3447300129526594
0.44740226814784667 0.16729325296058667 9.625623351809239 0.34551800217092604
0.5861127524352405 0.15835617153249598 9.29753428871895 0.3381802987583695
0.421661204986296 0.17445617829326987 9.726363399609454 0.36962600579265426
0.418842160838655 0.1591367475386623 9.624413297677751 0.3333309709703517
0.4238567865879194 0.16320110552701708 9.567096780440338 0.3442377011808852
0.4479432547096392 0.17004908788550285 9.576866217460674 0.35491526588067307
0.5133078619639762 0.1699419373903706 9.395780732179691 0.34987703723477614
0.5619260533163819 0.1583005272638841 9.378069472416183 0.323057203609367
0.45827411909483984 0.16084703642243559 9.597269390451743 0.3406570796971873
0.34957090606768515 0.16903611333765237 9.807835878636196 0.3484623094020272
0.4328224160495804 0.1615668541109049 9.527792745871501 0.34309940985357174
0.4610712487060459 0.17004927562903663 9.617411622786896 0.35109366900543265
0.46995028212891876 0.1566630447712924 9.501663045637727 0.3269363013966707
0.42346046580186664 0.1469146612264373 9.577204360904723 0.30016682473562983
0.4994700577879978 0.1541108128406206 9.461552269302677 0.3280041206635496
0.20678407441251484 0.16877564433249123 10.080619101575863 0.34596181495444817
0.5659882027661993 0.1440987525085054 9.348613465577031 0.3077600553975151
0.4421949391979369 0.15533969961362473 9.611644210583094 0.3320389073824581
0.4947658852640088 0.14965120121662215 9.514370980417961 0.30795662628455517
0.48979732257869874 0.1465202888529861 9.427003287428342 0.3084184806953055
0.6116891270565747 0.15923476829426325 9.176705020030404 0.3329012440951848
0.5530200454611887 0.16146950690465744 9.35403103927407 0.34677357390659386
0.4454876842510968 0.15944863271014925 9.600225307188172 0.3357731387347921
0.5755954012140356 0.1685746421981253 9.378104512428845 0.35635018216881936
0.3709700364477274 0.14646037593770947 9.77295893139354 0.29645084619419176
0.4646965457027482 0.1621917211293454 9.551586695796459 0.3417662296787096
0.4326259860099688 0.1492707102984811 9.62102670993032 0.31552381499708787
0.6821823784917391 0.14350165701865344 9.173914247816974 0.29691451113482914
0.5110441327773602 0.15866155251276953 9.438418577622452 0.3277536272645989
0.24834350223190416 0.16188638544111864 10.000801630487157 0.3383700692993846
0.4381504057624977 0.15463325045611315 9.636823283629951 0.3218899234130986
0.42618230340391516 0.15686077697287168 9.649254873738208 0.3275364083315354
0.3585762489999541 0.15550196341425587 9.744140945352882 0.3234934159460046
0.42552802470026224 0.1598257042642514 9.62835283878637 0.33890731137990904
0.4344203733955764 0.15951266954782714 9.59191268691825 0.3273443586284529
0.45972116861117196 0.16001350905779718 9.575633078613858 0.33378333152426587
0.3826035491436178 0.15247620279241328 9.698812534651026 0.32147368915763025
0.5265492996314337 0.15614909899841953 9.458967832076704 0.33562275609960573
0.47982000493013743 0.16241427611667553 9.505355073090437 0.3310772214195864
0.38987920762453476 0.16683173833347945 9.623772882420083 0.35060718050186057
0.42796361822997464 0.1550485809618308 9.638720203371474 0.31696871246588776
0.462934185262085 0.15508178871469083 9.59255079004057 0.3245197743199144
0.45319178409211486 0.15596354014405128 9.548371735063414 0.32819599672519806
0.4156910209806157 0.16027788699424536 9.697307391621294 0.32946998495514884
0.11820059310081721 0.15427036425698798 10.236326083506418 0.3143029225739618
0.2626145451563334 0.1715324982882343 9.986276257461547 0.35949518084049153
0.5706142971045076 0.1496750920382329 9.2989583880235 0.3179382257416851
0.43676929760346356 0.1501933421500061 9.625666834415604 0.3087381187776362
0.47350325582643665 0.16230181478273972 9.475783120523783 0.34087313636759187
0.38390722112639214 0.14346801615701352 9.748605236816047 0.30007907142974344
0.42806448599451785 0.1650291167199701 9.499344754854189 0.34689682854037973
0.4045517544839978 0.15820984270259703 9.69398426104618 0.3272720749551284
0.34416655707101973 0.1734238695581755 9.819152404813956 0.36748335118039627
0.36187322841130626 0.16734975051336784 9.749509704785261 0.3403795976690291
0.44893612993753174 0.15348906823778452 9.619452935651804 0.3205132950614635
0.6806920450459539 0.15185095037540267 9.104691188004724 0.32610040464246237
0.40443592292332115 0.16747208259696572 9.712992360359607 0.34219888456282566
0.4556555668544905 0.1586261929467257 9.585678123090819 0.33383836658492205
0.422278619682175 0.16536926799185678 9.602371385421215 0.3460380262926339
0.3965474379226499 0.16796983756666506 9.7388848432978 0.35181088448555103
0.703116739162233 0.1569734199107212 9.015145025996329 0.33049542718124303
0.4557815666232087 0.15493032548730265 9.611732416029737 0.3267474540559043
0.5468951252617238 0.150959659508049 9.407624024394776 0.3140230169697133
0.4785716284318839 0.1524872562074316 9.510308030560035 0.31679247820470147
0.5248925558247957 0.15271882361454578 9.349470202473162 0.31390810202052705
0.570083772279244 0.15083820910098383 9.390125060729092 0.3153198005470352
0.6125131434520352 0.16455784925646022 9.213839168082004 0.34666135418581806
0.3972738764081998 0.15553557188622263 9.756098158918697 0.32884226730105365
0.6134658459056521 0.15858299630990602 9.242781563300294 0.3225490624918799
0.45648666531494464 0.16306248261318737 9.577647958335065 0.33950715052340313
0.354613560022141 0.16738530407433677 9.790129111468847 0.35136656895625057
0.27254233424214824 0.1687445954133306 9.942484495452529 0.35417659035164345
0.5449202945320478 0.1471840419653775 9.424463124074983 0.3103873790406095
0.3283925210341812 0.16559420409260162 9.782914582952845 0.34992009035027544
0.4169266254816219 0.15086944474945166 9.626992935597677 0.3158368541934847
0.46223043062590286 0.1518798678120657 9.549418460477899 0.31893024988768526
0.5068712466497014 0.15706942404666538 9.459870953356077 0.3277867205657834
0.4819859058086099 0.16327751244755578 9.505392175318873 0.34184505323366265
0.3827386450091035 0.160685000633293 9.641192643737156 0.3410007774130497
0.45810554756853505 0.1579115495361783 9.522825957486358 0.3260580337927332
0.475895893243074 0.1532929499524471 9.501344483607902 0.3222677041024597
0.5432765132735314 0.1471242920388032 9.38831918887356 0.3094453454777483
0.34874946429293824 0.1573854761841159 9.837348688403065 0.3298771188200862
0.5873859558618354 0.1604716182658343 9.311732031872996 0.33547617395633234
0.3035293339998295 0.19068562552736265 9.838697995235325 0.4018202359685506
0.5042465880589808 0.1506616200616582 9.582882216471154 0.3171944405125921
0.319540724467657 0.1689619211279784 9.834928683394462 0.34905592907384625
0.33832091807833975 0.14144465594432745 9.763786919450585 0.29239951776698314
0.38016253515076426 0.14628458973296074 9.797714991539454 0.3114419420135251
0.45249438095414823 0.1557202952106346 9.594689570903949 0.3248673864219238
0.33284668212804547 0.13813159605112257 9.795799364943608 0.28595009307627806
0.5482399959678526 0.14962320228036247 9.391446444142336 0.3147978884976057
0.29542303891558586 0.16001232328804463 9.992654416496034 0.3285443392703021
0.36698603400646346 0.15332696833602252 9.749621577884936 0.32439667246563614
0.48054427500744146 0.14771614665578192 9.570268798942244 0.31177674348895307
0.5035816833934899 0.1564396138164799 9.460680012460138 0.33155430397574326
0.39090826992708505 0.17046794619985725 9.761041824839843 0.3616539921536938
0.34039332654612087 0.15950201334840716 9.760627177575486 0.33527205479298916
0.5162018235291144 0.1647608381520035 9.459996265598573 0.3408281860667386
0.5063975903548527 0.1572191170703314 9.466531358731277 0.3380891719515813
0.6017091878542536 0.1570887546606823 9.259984421991145 0.33282770915776766
0.48576883492992107 0.17274322518489946 9.550330099839208 0.3634597497654049
0.5124821523984501 0.15707080694250636 9.371124939718637 0.3296042415506546
0.13115637725553753 0.17301991044026982 10.161587020415826 0.35800157706920516
0.3715176218666283 0.16977497437682926 9.764091081482434 0.36002947138062874
0.42825357129336294 0.15350634993847614 9.660912575222612 0.3195085282666241
0.3687129029454814 0.1564813020196567 9.772136036388689 0.31653970951283483
0.30908377154214395 0.13911185857391306 9.928696083069973 0.2861202127151661
0.47546296286701684 0.16310015087078128 9.594694191633616 0.3422184605392569
0.30710604059298424 0.17006610805937056 9.806976216746234 0.3632602486645745
0.6250233434636577 0.1642006397438646 9.184233133033185 0.3424820302875058
0.4590845943972169 0.14619276646524193 9.501235133942194 0.30249722075476
0.46655128652658395 0.1629093837744994 9.560161327379047 0.34307434050178615
0.40698131140276966 0.15573190143472415 9.665535686794469 0.32561467255318577
0.419991910674141 0.16415205673948927 9.601819866039545 0.34515055702390246
0.3837341669265241 0.15549850980507168 9.731884908255134 0.32353654188513253
0.3755160683157157 0.158865036251356 9.729961272198953 0.3185499697677163
0.3454828514756292 0.14792064575131217 9.76920893790794 0.31271787243071664
0.314062599479814 0.17651277537647095 9.81487947201816 0.3700847928996834
0.43062217523293356 0.1526361919684904 9.691747393383718 0.3160054922717736
0.40922088512390586 0.16194276470183452 9.587700548397455 0.3384416430088581
0.39009152655198187 0.14501291968927355 9.66551574872528 0.29823848909329415
0.570818068752027 0.15413714328400416 9.31667746865757 0.325343624846858
0.501729889107738 0.1436558854676216 9.518051215280575 0.3026797694441436
0.4477901216177934 0.16727352687977168 9.657588596747614 0.35859507048384487
0.4771620969643612 0.15597619000468174 9.51031521208705 0.3192703623084579
0.4139601853585017 0.16944079670495124 9.64413455437881 0.3580890888051276
0.36269884947869335 0.15607895074703526 9.79571796636009 0.32581532683999703
0.5368075660625731 0.1472806556990407 9.388541310615079 0.3089087652372909
0.33771426303103114 0.15553740603143823 9.810561283664917 0.3320001339200935
0.3575551409751048 0.13891599766383556 9.743860041291718 0.287253294281577
0.40416924384556163 0.14176775875971467 9.643479464438421 0.29048295808401836
0.36982547103387786 0.1532641486960251 9.748224574909703 0.3204302232401646
0.5715823337005357 0.14659424276699812 9.350227345631438 0.30750988173090194
0.6722194567304469 0.16330452339829607 9.095676294816752 0.3427867031310466
0.46132815622180645 0.16735424094257748 9.54083023776736 0.349943329162655
0.37473784348666006 0.16255634806939148 9.768816890612907 0.3384830093728308
0.41634612935643245 0.15112644509849096 9.673751513668243 0.3186322602461675
0.5086738449901025 0.14824430674690567 9.414380414112333 0.30975813369384797
0.20284271113283037 0.1709387479986853 10.121564433381543 0.35660967633126867
0.3443676040330953 0.15258182654986935 9.859454883186528 0.31682472990951005
0.538029283947383 0.15908978889074438 9.4213618339347 0.34239855276467057
0.48298517619273 0.1594100465882064 9.497604710687826 0.33739128460137197
0.4273508211359417 0.15431565524770927 9.753275195084779 0.31688069584745726
0.3870495223808842 0.17347460617075086 9.653738157341799 0.36136618063662856
0.3715610248205502 0.16124038824815323 9.737172686267012 0.33570938520828386
0.6537572784300048 0.15012326422424366 9.180279933892388 0.31665635950912635
0.28006709436355387 0.16534991282198225 9.93111464523793 0.3477464301083408
0.5509755229547608 0.1522530275985943 9.41156150514059 0.31603987917177456
0.4765753597482864 0.15094861440089702 9.554339166407662 0.31429391547768376
0.3711237016605416 0.15522726417480442 9.67364336016086 0.3328651024946529
0.3029561352285878 0.1589996471731654 9.934935650855792 0.3355652849684253
0.4594400322158219 0.1513317155301045 9.574329330457333 0.32127589641126797
0.33564880688371557 0.16249071672576565 9.78294303836564 0.33548239541721664
0.43003793388142525 0.15065344471771813 9.764658459138088 0.3187094236416942
0.3765454701762018 0.1501382080059121 9.74921910615167 0.31608333919555864
0.27463466606308334 0.15818264335667825 9.922188247069652 0.3305385549347053
0.3944902528237818 0.1615350078549096 9.625631127370674 0.33861242741151304
0.6050279307858863 0.1582128527418127 9.290894454953063 0.33770237023044586
0.2799462424085417 0.1708717157266235 9.968682665642742 0.35946871562581145
0.3620114640084013 0.16255054626225746 9.72034067807978 0.351132552605865
0.32376125779867493 0.15703549110618378 9.826054756668942 0.3235633330877755
0.4141221159742859 0.14323609521424002 9.671973000907057 0.2991605256571796
0.4779721575687993 0.15938694309240495 9.57435150233778 0.33614319105621043
0.41410888154915526 0.15554819881145643 9.67376909667551 0.3235029996975649
0.5923662874429156 0.17433197507981515 9.316713897784329 0.35687703970089624
0.4535544920350856 0.1689287930776704 9.61568884120782 0.3518598406460449
0.4048667351680212 0.13998870872979946 9.632541331377347 0.2951335869214777
0.3793091810372793 0.15492195749449772 9.73669883052786 0.3264102675864714
0.5650208562367113 0.14442651829930234 9.318745956850165 0.30438170433514433
0.5174887326122123 0.16437115591931536 9.407161445119252 0.34200758320330354
0.43846583385037863 0.15767015152804692 9.711128533200974 0.33356519023199444
0.4601155957864443 0.16294796866917372 9.561611748404106 0.3376442340623654
0.558474681752539 0.15459360294000093 9.411560687608404 0.3271636517724896
0.5513424164430771 0.15214588972968568 9.265551496180356 0.3114592456688229
0.5428493590464525 0.14638003133129135 9.409745436366126 0.30219365183546093
0.6581124154766604 0.17467652510092252 9.14346001971855 0.37062251597424734
0.530538893548339 0.15935208313704702 9.471192544247597 0.33502448503593507
0.5758800237669965 0.1527262132706681 9.301780626643703 0.3205975414744876
0.3045606156178402 0.17401694522970426 9.84075482547945 0.36601022300892644
0.5171290304041234 0.15323988181837325 9.408369567802616 0.3133265479045432
0.2625836506962533 0.1584262085490244 9.908500071732721 0.3245367836483025
0.49261068324275314 0.15937395957264716 9.514058905203647 0.32939674135901803
0.44584720379553855 0.16335539903743945 9.556735569501193 0.3405341497385046
0.3505874953252039 0.15896280496790385 9.764372280534811 0.3435015663111801
0.5314154409137848 0.15936240372642746 9.505485542111824 0.33971225077784
0.5012634952988876 0.15492149735893873 9.466624838187062 0.31957332357732193
0.5238435698700875 0.14856807154154245 9.36060960052379 0.313985674569989
0.598304696153542 0.15627641020365582 9.27176527722899 0.33064582465344455
0.5118796163230259 0.1540450921869376 9.487799399240506 0.3259146177246842
0.4202792366888457 0.16174604537749898 9.60488593139122 0.33505374870538124
0.6020958698234207 0.14055045554220782 9.300987394318433 0.2920518853443053
0.434994308897315 0.15566277093878148 9.5651217203573 0.32066619903694465
0.5507193897580316 0.16902336784923594 9.34985784071943 0.35442598938562214
0.46702891364757404 0.1456905850529439 9.565894217373955 0.30568272700657917
0.5285648690279888 0.15619801542654763 9.446410217238347 0.33261620927838165
0.5498651900160115 0.15226821110144337 9.409704977859175 0.3098446529465175
0.5323191580343828 0.1625436672389518 9.492743907510839 0.33789768511133195
0.3649856516384743 0.1686407996293429 9.77118891012125 0.3518705852371786
0.4641543239758352 0.15895287323309865 9.532911272116475 0.3433071509822472
0.4268043753270726 0.1463243960764764 9.622173499989453 0.310016377663236
0.4083395837853408 0.16923673491514754 9.676559787125694 0.35638295609972254
0.5714573035194834 0.16042702574752246 9.351051188995495 0.33960778329777347
0.28592891470238035 0.1457439908720087 9.834188298416425 0.3066757716867399
0.5880199881905417 0.1404347741840974 9.307054866451258 0.29000664725846503
0.6400040151154532 0.15456835049306142 9.223552208888101 0.323869696564157
0.2843991612829022 0.1650689981502817 9.905488221006365 0.3362691450102463
0.4855827247116851 0.15143873179088524 9.53317852371385 0.318113524721676
0.319473624931686 0.15453488189581469 9.76428123285607 0.33097409942781103
0.4321511569466913 0.1627728939807189 9.71377147339961 0.3398267993198627
0.5001617277213788 0.14868363225265088 9.473715337422648 0.3049568439085947
0.402790153543993 0.16775210820267802 9.672344435285506 0.3600475395296998
0.41886133719444585 0.171566448461501 9.701315265552427 0.36147529239619
0.39672943885918965 0.1544332037420967 9.664035165140302 0.32442944837600146
0.5339712141831185 0.16396345052982514 9.329932136346107 0.3402956972022071
0.5126744576887163 0.15597847208946028 9.455063134609558 0.32909221029780894
0.4714350914979033 0.14983282585716426 9.533647438289766 0.32011767743904523
0.4993311565281696 0.17659335662165562 9.449302263134971 0.3681081781629078
0.41012012761629235 0.1528549390930389 9.598093396993836 0.3203923396873316
0.5318948625799254 0.15127871200200113 9.358513524639125 0.31908543937801
0.3726598415752679 0.14284796792451507 9.740083285908604 0.2966479177084012
0.43130411137307456 0.16157376414378705 9.658990429572881 0.3393246767020528
0.5542348054198529 0.1541361757233288 9.363456604156001 0.31661174315226737
0.34027975502970115 0.14831011948427697 9.764671850684202 0.3117847677208863
0.473841952969274 0.16587170727446146 9.467809201720865 0.34506513245432924
0.38268948763242006 0.14328114392182104 9.689701870663278 0.30165747022190487
0.4551569140353908 0.1498534715090883 9.547191387082233 0.3228376853686819
0.4433440723844975 0.16032162033220193 9.533117308779893 0.34427475990780937
0.4544352334923487 0.164267191269618 9.549782625872151 0.34920243702072307
0.24689126357368174 0.14248839216320183 10.030280661348996 0.3030122393825382
0.4997483342705098 0.15920904241398406 9.505851353627813 0.32663106598427477
0.48985532404941823 0.13767390072802643 9.535444613280877 0.28694396527095944
0.5647329978193057 0.14236060915030774 9.305230946711587 0.2930394316908451
0.3516829914640459 0.16815450863805287 9.754730947751366 0.3513639248699621
0.39208979893227935 0.1659762033558793 9.707151108063567 0.3506867787387015
0.5809745944323692 0.16187834734092932 9.274075746970507 0.3336473575117515
0.3336651117182793 0.16683285110389065 9.775960394331182 0.35228468850906386
0.24635215746968386 0.15802707544127015 9.918151505727046 0.3291747992173974
0.5072434880795835 0.15351724903456418 9.47314686545305 0.3172799369892584
0.39359855317598036 0.15376395956987557 9.706138305788226 0.3235020309184039
0.5449870735899089 0.15701801070546473 9.329435107967136 0.32268080550502976
0.45850138892172454 0.1578752445506623 9.51349832108195 0.3344076572941568
0.6135921542900749 0.1491198945358428 9.226798372349627 0.3113728256486921
0.2511812505237919 0.16327053154996413 10.04929167464665 0.3450427338191419
0.4191647748328522 0.15464504004442037 9.67060300291448 0.32142937661973375
0.6255324918618083 0.13977935550576492 9.167484319243716 0.2938657124266081
0.43596530996948246 0.15928462756618192 9.567208808295042 0.3281523813069932
0.5017650538180985 0.16453857677916622 9.46776800120176 0.34206382388809287
0.5601223585362799 0.15305627045880194 9.416439175517745 0.3186927050343399
0.3874708228624574 0.15221939460499426 9.713963145304596 0.314390883253588
0.5486856208377284 0.14588993946040418 9.410203367948807 0.31191197663104797
0.5465006454928444 0.14214252519853807 9.36184829218821 0.30229219352552417
0.36876288379797295 0.15332753663944398 9.751801729773259 0.32900107332958106
0.5169554997552442 0.15790790952608946 9.396991277571786 0.3308935227152175
0.5100134823949957 0.14391013020871854 9.483186474282148 0.29985737206260893
0.5741130294109144 0.15649518812252475 9.424644832525363 0.32890156309667024
0.4935782761717422 0.1707102336351415 9.454112641042876 0.3620878855479757
0.2907917820179492 0.1518232264060885 9.876016975745278 0.32035899453993194
0.4695295604418104 0.14705121626441986 9.58516718392275 0.3049791230530416
0.5553062108235028 0.1542063566411053 9.277773751937673 0.32435815892508146
0.5291254344349016 0.15516551000494805 9.445806043997251 0.32078161798892973
0.4183436211979803 0.15499238645114832 9.66449477653683 0.3282728680578503
0.26330707987277385 0.1515980710338077 9.955179248556101 0.31960298908823653
