3.907060450096691 0.2369179274456574 2.4926141775031354 0.4837844689434251
3.9127869528521733 0.19893708331061963 2.498973793594616 0.4001788516800358
3.738908416541864 0.2499423898318615 2.8843832599652335 0.5186618383447071
3.7302647352032965 0.18781708958874463 2.8484095722035834 0.3794024602874123
3.8224864374802743 0.21982458862956952 2.61578585938788 0.45380227277515806
4.251850708921239 0.2837687466427182 1.7913625406909994 0.5751380954389379
4.029924102740383 0.23616283532072102 2.2418817731232403 0.4899092324548403
3.9407653860005025 0.27879083499554697 2.4572701595901902 0.5671427975626813
3.867506948085823 0.2223414886442052 2.5996646810413138 0.457147044195814
3.9887263033423013 0.214256217519779 2.314041933468466 0.4429374403663119
4.034916581816731 0.2734027447220381 2.2225578868848936 0.5630222278150809
4.045160905670154 0.2680622827634165 2.2133787884594063 0.5427208457148059
4.109132797488577 0.24223919291280502 2.040855294039067 0.48354944915793485
3.6689263145265967 0.20483760359114278 2.99995007984902 0.42058771041605736
4.0243958328951415 0.27349816411524136 2.2506356135893837 0.556689652025673
4.027347441804988 0.2787884878795633 2.2406827159615457 0.5710982738050124
3.68042053042356 0.20574379116093938 2.9872761954085085 0.4192002038525893
4.000272977960793 0.2091058623144947 2.3005004836423613 0.42049591293138777
3.8879032570547682 0.2141482452232504 2.5326001625817156 0.4429026469625217
4.092408692921355 0.2819027865785271 2.0831931406656734 0.5790865677278465
3.9215221933355315 0.22234754053961353 2.4882499539113017 0.46068802371147716
4.059219648667606 0.24100556744823826 2.208112505590112 0.4927463559802198
4.007860917644784 0.24285709102449954 2.2878057800653804 0.4883087676863615
4.190047934155962 0.23396857267238777 1.9224444814965471 0.49407610678874103
4.104015511796982 0.20368008641183336 2.05115329184323 0.4282767259557735
4.380428355440395 0.3356471898187538 1.517655631477413 0.6873116713349616
3.9799348936309507 0.19875014104776276 2.3141695586329414 0.4125504625923718
3.9313349243650553 0.25401194378119557 2.452201734497472 0.5282024045517774
3.738270772153853 0.2016209317662758 2.8327936573048347 0.4052196086040586
3.9520329311880236 0.2502360897116629 2.383983626603877 0.5125906994211592
3.9750959008022244 0.20894734531387427 2.3301349006030323 0.4349709973803012
3.8839449301706677 0.1870193041682883 2.5350539170081827 0.37757380176511707
4.058731073013709 0.19233090048585852 2.193891198029628 0.3855801317706426
3.9904485933838343 0.23852588254618246 2.3221563843087507 0.497554548369718
3.982751103705058 0.27664897149908846 2.3025348318932575 0.5779406866727305
4.039148885321131 0.24029502557835444 2.1966689704832385 0.5008898827332131
4.276552255551531 0.2820899078501341 1.763029231602174 0.5706768257947993
3.8146462035256854 0.22315639930717282 2.6928114871287887 0.47066059135694394
3.923763788599895 0.23029064281718178 2.481267673870201 0.47279303935055317
3.8823088482312045 0.25383539639020314 2.4918436778055018 0.5232195366803427
4.041197250265354 0.2730627963431991 2.2292267413797875 0.5642993303945294
3.7275753096966966 0.2459179332875657 2.889196498892136 0.4997017255364503
3.994185159726415 0.24212110636206197 2.317764028776347 0.49459708407468506
4.173200140376148 0.29665704370205137 1.9051617282988325 0.6037265072948759
3.840963424189191 0.1827665191551471 2.6244711553573 0.3811040329936597
3.9014950558404617 0.27459362658881664 2.4759761533718354 0.570574386673164
3.8356843471947357 0.21189481917845648 2.670873136399077 0.43511608042387895
3.7227385637958768 0.2315397731717073 2.881331339975813 0.4766362812169084
3.8876909453924298 0.2595628378360938 2.5408378328059045 0.5271076887774905
3.8631422027557942 0.25870803747045656 2.5922485568786997 0.5323463023900316
4.193912697575666 0.29626730211161223 1.910796449615273 0.6015223420247187
4.155164532830008 0.2571203843190578 1.9912863388328055 0.5261532489348171
4.021297525340369 0.21874712329121807 2.263305014511253 0.45921825407891176
4.3063566632468415 0.304732167842061 1.6638009989537896 0.632107186900228
3.758002690562141 0.21647096323707982 2.798676575743644 0.4408514692025268
4.121035728991346 0.2582361404437494 2.0394533707379496 0.5333445482797129
3.7732122672966506 0.23007564498601674 2.7613463146797486 0.4723810102764279
4.208959490159586 0.29676550483451586 1.8709927249917433 0.6228401723499386
4.203041933230388 0.3243433055975002 1.8352061304059575 0.6799364964794162
4.010168151141778 0.259647943938924 2.2640017943249147 0.5395877411125594
3.788576497831321 0.21914203322762368 2.697559545254554 0.4517283909496206
4.0250390594391945 0.19279273873029168 2.2412584506574222 0.4058718339687574
3.8795973434870987 0.20815582539547262 2.5297217050978924 0.42851709394928483
3.7066406409320205 0.22055333279967917 2.901199298025902 0.4462930458896807
4.031250653752841 0.2067724067666909 2.232911149589129 0.43344792116805914
4.023746792812905 0.24245583178782867 2.2484701184432785 0.49992316726413744
3.9492592748924595 0.2676357707714725 2.4110946753588154 0.5542017838958496
3.7640794294025492 0.20773135522853456 2.8407130710918285 0.41689499214457376
4.058381246959961 0.26192402988430813 2.205271012461117 0.5366458398195503
4.047401064472872 0.2866550520161896 2.1687651189402644 0.5944997871093245
3.9692948173330462 0.23471688313467298 2.3741422247153343 0.4871094335575772
3.7774159476761078 0.24056395451625903 2.7636648303350713 0.4882962269902276
4.049177858388489 0.20960240276774528 2.1889598958106014 0.4348835499272857
4.075344210105787 0.20547044218089022 2.160410197616378 0.4307456980652995
4.022533764937867 0.2708490214501181 2.2150424103482473 0.5632951270177544
3.7581378787432564 0.2223639003612238 2.804097207165813 0.4461831715076784
4.202190548332881 0.3006081593991898 1.908741328770693 0.6119790011421009
4.077265414535798 0.20467603479863872 2.117483483056307 0.4245916172257643
3.949669094563001 0.2860997363946689 2.404971389322299 0.5916315919928328
3.919305533392828 0.24085821649788675 2.4330573643229387 0.48919813652954247
3.9783023466351257 0.23902484267229945 2.3343214346713514 0.4928179507955363
3.998683664326367 0.22743965460128596 2.3142797635492243 0.47083139641380933
4.0177353636056505 0.2860848073751994 2.281125485599861 0.5858199138818222
4.103690802456768 0.26671402463082355 2.0520651584883387 0.5423407766917212
3.771547864509034 0.23845013156229447 2.746355162430049 0.4940798492811662
4.012883541324917 0.24218038753215784 2.306967563115893 0.5054402345781024
3.818957814176769 0.2178844251753936 2.694209294631129 0.44913831112756614
3.8269812793463283 0.20125417846082105 2.630358456794068 0.4184169608870639
4.265907244212249 0.2450998163645876 1.7725990720010802 0.4798867787166538
4.111110938242999 0.24623958407485572 2.1083178448167965 0.49222434184815184
4.247896660513495 0.24509931409615254 1.7829333757517682 0.49115609382143466
4.04839273240213 0.22988946157822504 2.2224015684477125 0.4681837974605041
3.6986429012948263 0.2372352285410475 2.92186602128672 0.4872188411701798
4.05460921754216 0.2687588243713197 2.1890873910215345 0.545437242942924
4.130187972996331 0.2655448252745108 2.0048657406756085 0.5428197371307566
3.8273793984118836 0.2173995520558082 2.660261262816169 0.4478341109694032
3.809601465617817 0.2278639281159864 2.7163065597801976 0.45025586728100764
3.7857034505209213 0.23779705406073143 2.734524181155265 0.4890771268466169
3.892759229499168 0.2581804084559145 2.491915617505823 0.5308795887053338
4.140182351429248 0.21086651477767088 2.024698331549649 0.44308235876294333
3.971299934806339 0.3113402895941796 2.4104895672068625 0.6402803923056753
3.8834593234871533 0.23603913926231215 2.5841733400777533 0.48214975374142116
3.9057110425102275 0.21054254876752274 2.471545587665332 0.4320598453214266
3.953363729888387 0.30159312017474316 2.3867357109723417 0.6164519286479252
3.741031789988811 0.2552320510689321 2.8165829792558186 0.535505268220904
4.1104525259754325 0.27472099825537055 2.098012840259406 0.5570769909278076
3.8643967098118823 0.2362213051466892 2.557118547646867 0.4902922840877112
3.9120443574150183 0.24714984846771645 2.49869483955456 0.5078630089692641
4.158071284413801 0.2998708057979207 1.9169906200083604 0.6263259252958757
3.905230409133626 0.2550337971951596 2.493248976147382 0.5206045433011602
3.9800435546520334 0.2088541056808411 2.332557025443434 0.4360083288725829
3.9615771787807064 0.24338147768549015 2.3661164809228747 0.504590196185534
3.9690846459432287 0.3098172714942192 2.3603396534318373 0.6362517175876932
4.277063887591288 0.3660343993118514 1.7269654791257576 0.7450143113221128
4.104165355563639 0.24255244485457708 2.079747783486008 0.5094084403606114
3.9864106033603184 0.27667693261650433 2.352569039262101 0.5658675740640672
3.8681562133849825 0.2490456834328199 2.58838017039485 0.513311824969815
4.119485990650174 0.21875857373261565 2.016687700821562 0.44405157588204
3.8436762761002834 0.20508316071081234 2.5776256855388664 0.42413344819778204
3.9754289476478917 0.2687713547366808 2.333134333346413 0.5539256698289572
4.042599009944372 0.22473314043559683 2.192442766599097 0.47641188017363817
3.920665979645886 0.2702334470414859 2.4672654052532828 0.5559241440627893
4.2132503706870725 0.2755119157349521 1.8587469441001243 0.5637481581564759
4.05035972634348 0.21229856188244087 2.1756275156108202 0.43156205069649517
3.8739610765525807 0.21497453677070905 2.5808282515323295 0.43989227356773275
3.9696238887398603 0.2274370305629818 2.3552956213601774 0.4637721296413428
3.8269371605196145 0.22757596331493082 2.638526660197896 0.46076516163576725
3.7164177391790165 0.22752589019935263 2.879225053769992 0.4671667929432238
4.2341977123037715 0.2876837130018645 1.8771978740903235 0.5856001164568525
3.9205123020536856 0.2887443212660593 2.513783830683022 0.5857540831289293
3.9611034637592195 0.25847233287983257 2.3641200050356233 0.5348309745435493
4.009437385219292 0.2762609535867232 2.282917022244357 0.5731473948276368
4.33137157258067 0.3324214861183294 1.626966106768558 0.6838417656833411
3.9442294216252005 0.27437982377374376 2.4123092672309943 0.5733383467453161
4.076293255173143 0.2861611807351252 2.1318524638810272 0.591668799166791
3.9161435838955594 0.22505865500776523 2.474800398635485 0.47764508996848004
3.7632073974660063 0.20990777641303823 2.7863293903508577 0.43434370581891013
4.1012141063916925 0.30477837858089607 2.0899287353810063 0.6385212731593791
3.7161855128247105 0.2319648169161186 2.8861532606105773 0.4780100237279512
4.228952573180439 0.2914601031099443 1.8305087531125692 0.6052711752271595
3.8158714247887247 0.2285166556978935 2.7009069060019684 0.4667758732837155
3.9443448520305555 0.2247434405227489 2.4074201753389293 0.46644049833740536
4.0804911707670275 0.2701158217677991 2.159729251044055 0.5503064958825907
3.841248124554818 0.28694324392725806 2.6364642895978605 0.5926198808246161
4.1516170942704775 0.2588621919028129 1.9801874648886542 0.532924742505359
3.9813600185452733 0.2525190653276975 2.346163594703289 0.5156649474852978
3.8896205844844776 0.22567551601283087 2.5191086247373553 0.45625827210966347
4.231470737886902 0.2610914185061777 1.819500719142205 0.5379546988699709
3.945765324567901 0.2128824148826091 2.4529568462600095 0.4315100908528139
3.932373371023516 0.26862991131873415 2.4299218017693924 0.5575218885392467
3.877098579036871 0.23181832422001403 2.525116042410132 0.48470033314606753
3.876968107411539 0.2767404220646344 2.5656559339832787 0.5599713870355623
3.7715727028971386 0.21181675577212128 2.7525405613691243 0.4288996221013724
3.917789033114444 0.2578257139578552 2.468579139845561 0.5285206958584635
4.029960878384023 0.2275608517681183 2.193024664533829 0.4671784150318183
4.018650288374255 0.22319992090638122 2.2757839121841092 0.4681624749909478
3.6561617277081164 0.20033416322312775 2.9759369011509116 0.41174028895097065
3.9566140914208288 0.24345236206245907 2.404363513456526 0.4969985585450293
3.8573922147647624 0.1793474296014352 2.6010778247363477 0.3778626339935039
4.040921343466145 0.24541375810100735 2.2049219787074787 0.502186926019598
4.030797740330984 0.29225313813224557 2.199231280516152 0.5981992666130348
4.108565235535094 0.28721164392423515 2.0366102821911696 0.5968700489739333
3.711930928349723 0.17787353219514418 2.899485971800147 0.3520599094716358
3.814630431641194 0.22337826361519456 2.693369937729731 0.4626445173607155
3.8184672228271896 0.22907949535557073 2.6647668694628344 0.4663380746918924
4.228507583114384 0.28257165043967597 1.8403173668053427 0.5806439784106334
4.144555339013868 0.2842242427665234 2.010169049393995 0.5845863233854427
4.013112445038133 0.208744817109874 2.293393386662656 0.42434396635201893
4.168147209272226 0.2073200478057967 2.0012119758600715 0.4319548319440973
4.18110971941117 0.2766104367770279 1.965848565985409 0.5669548832851097
3.9721744694741528 0.29845902979936867 2.374257517975758 0.621218269579216
3.8134103810381723 0.2458806697864894 2.6881350674830715 0.5062093406335729
4.092405449497203 0.2819823961844658 2.1304040957329633 0.5797114229400167
3.9029703429566087 0.2469244539158773 2.4739645663775853 0.5061264842883932
3.996524683131505 0.3037813745490674 2.333757184556992 0.6260890725240518
3.866182966069477 0.19970608902435852 2.5577818077960943 0.41002492510393146
3.944759051231836 0.2727545653777587 2.4111923842173297 0.5527980073120258
4.220172517717046 0.29239001138829684 1.8546550967826858 0.6005438607747762
4.33774253777264 0.3225191412010342 1.6122344225172391 0.6700481460625878
4.191220680846845 0.23347020780282826 1.9270784091991624 0.4819972223688339
3.7074064979184893 0.19434636951765907 2.8898451996319428 0.3956765537444739
3.9465406494685533 0.24090494886320818 2.428080161712074 0.5067421630600283
3.9894453273589097 0.18696165901437145 2.2731869974481262 0.3862060771769557
4.240177473441319 0.271324477865603 1.795901007769879 0.5664690069307537
4.302869272069531 0.29364327706553744 1.73081912049666 0.6047736663817418
3.989090416831666 0.2511939585966711 2.313798889407764 0.5176312190366014
4.238448898581424 0.25304943554125603 1.8404196103354793 0.5119935180977717
3.988879518576896 0.285453629313072 2.306082273827352 0.5916491396588166
3.914320568778756 0.22991239231319185 2.5147170049617786 0.4688409921428928
4.075826872449996 0.27446506062413845 2.1691896691221544 0.5625386062247802
3.9243593541072856 0.16243854372772748 2.4862122132688445 0.33038256183944514
3.8878788931806016 0.2379659092840833 2.5384335608167063 0.487580711641015
4.123173286825274 0.30215120530580997 2.0618958505242366 0.6160559882782409
3.9976042696052545 0.20809134778711041 2.2601308462246004 0.42780409710616774
3.8929550293007242 0.30742466241330146 2.5443398379581446 0.6445635081347661
3.983191621275722 0.2669600176408504 2.3355571444381558 0.5483756903045041
4.427969161767836 0.2645746018176717 1.445029148078652 0.5341528943154372
3.910119244575732 0.22692309587312048 2.4725604686110603 0.46715806525121184
4.165293994122633 0.27357605348326863 1.9562254888491402 0.5592920829013664
3.8726980443872026 0.25649040971572334 2.594720195024627 0.5182949184761615
4.058470030705308 0.26402979193222603 2.195467062359298 0.5410124295750707
3.95131152614041 0.2254901414127164 2.3740168949626925 0.468633614458798
4.000004430026508 0.15164937565770545 2.272909981980326 0.31506137379614096
4.0474205765622715 0.2331660000705638 2.205070178950901 0.47099437945156675
3.9793131524352043 0.23758993275114326 2.337386586093526 0.4867341945300832
3.956418321340294 0.2676330140131013 2.373650694580543 0.5419367602345144
3.973983112369102 0.2188536457029164 2.3365023250591204 0.45077410395775713
4.055154713975991 0.33705315946773945 2.157907178876891 0.7020162922784094
3.9152454888845023 0.3078728471690145 2.4775599033088236 0.6416398930757439
4.01224101018891 0.23541633060447512 2.296503992926635 0.4863771285784156
3.749181531314463 0.23259567071782494 2.800261368009524 0.4798403837031319
3.8744506120053406 0.21087924141498007 2.5777630177799273 0.4368125851138113
4.238221713377882 0.2790700852791321 1.7724391399824488 0.5813460249990712
3.939393350301556 0.24720805095076917 2.4147865789408773 0.500151399105392
4.295264580897887 0.1781698276750698 1.6817169571482908 0.3671121017140742
3.7953997196019147 0.2220788889501617 2.687122045767432 0.45526756400712975
3.801932201496257 0.17314749322753864 2.7074861768690406 0.36819624925645694
4.03496464873738 0.23098580565398064 2.236122271183973 0.45733581602653445
3.871472596155211 0.2854382815395 2.5585916792789454 0.5915267072338332
3.906875045839308 0.1991633080252402 2.4796052403359266 0.41088748636372163
3.8121986180173826 0.26937321644989987 2.616037453226154 0.5599414602768424
3.7261827352377566 0.18596732912826933 2.862194083786682 0.3681097717276881
3.945966041851209 0.21456545009772204 2.4164765638454986 0.45275356073456247
3.989439174110938 0.27169427581631317 2.2811071545538057 0.558644561777265
3.759653918853208 0.194753068710532 2.7739417005638343 0.4032673825468022
3.817935525661534 0.20981469943457826 2.6549304072887265 0.4353034251352458
4.1088052556193375 0.2624628179594472 2.0826990825491256 0.5409869171711779
4.106342291554592 0.26313255723538054 2.084726131152266 0.5435237678862532
4.147661012924434 0.2579047868492639 1.9930983788189738 0.5157776126211391
4.058945684416772 0.30267634368770124 2.175855710543261 0.6367425767433977
3.8358513685597666 0.2312725708333274 2.6202819565046527 0.4689662609204072
4.027069430548092 0.3083541420767552 2.2541494836601794 0.634614554332593
3.9311064954848485 0.23125084584670855 2.4493988750810605 0.47634308803876896
3.7978440052083107 0.23846298710197988 2.7303822549857983 0.49584179070096657
3.753922010911867 0.1913752230898054 2.769701486693952 0.3847429834251303
4.088143741233798 0.3004733704088613 2.1104098351327973 0.6175725265667186
3.67936765575387 0.19898173096834829 2.9668149553620777 0.4157593673199395
3.8004084347665543 0.1543718420007432 2.7239092082705523 0.32441956871315386
3.698424364641032 0.22047887903532695 2.8689398148296363 0.45019404455583256
3.9113367089801567 0.24788891040027877 2.4719155886526982 0.5086408382840502
3.7041939895578055 0.2160277963514636 2.905163665485281 0.44438187764713244
3.9097427571780274 0.22107038474871554 2.4986611520186797 0.45371353720969504
3.887914279002037 0.23503387437211676 2.4964175701514373 0.4856406839742555
4.116809942316996 0.26786421975698305 2.029204126982214 0.5496783568444451
3.8956277714455148 0.1959694253370612 2.4696983524120326 0.3973704286144386
3.893968015092386 0.2034695027251356 2.5210688265458865 0.4106265315814911
4.057327689837857 0.212827682277908 2.139003957375884 0.438737085048843
4.14377764094451 0.24955412626567902 2.0166307890955766 0.52154459064305
3.8783894954842673 0.19944238803111114 2.5344334561075366 0.4130364936359934
4.136702762960527 0.21700706125497293 1.978182506504618 0.43989133196619673
3.9194627047364574 0.18118470325515568 2.480140170623942 0.374849623679259
4.032939159063152 0.1581073454729569 2.253735233936311 0.336786764193201
3.9479692226806327 0.24783218551956945 2.402407126010744 0.5156071870523143
4.139904544140023 0.22637143392975392 1.9950370524037786 0.4713845676533363
3.9101200447425923 0.251867901827486 2.4604995014698092 0.5111384699213514
3.8266419744803364 0.21161185009999836 2.657657715236623 0.42936879493242525
3.869743778138942 0.2025239248421426 2.572399346756777 0.42613669984154634
4.437468458181795 0.2775427920776335 1.3813597829559265 0.5804667854411254
4.089544091500235 0.2526216998291015 2.113659915240304 0.5208956333294849
3.851396455941667 0.2336095101502684 2.602454812909618 0.4779211665359248
3.9109103668207483 0.2671210544040948 2.5198143001721043 0.5524505022767118
3.971300377734572 0.18261659646479333 2.400291595766315 0.36932870932167505
3.8369838652537416 0.21201890572679014 2.619221887310987 0.4423074837252802
3.905952141240051 0.2701847560228558 2.5014874215395384 0.554845647941069
3.7130164268041446 0.24233499256557553 2.9155528229053207 0.4921357467396094
3.732688043632958 0.23688043403170617 2.841120507520975 0.48968488224392637
4.302693784973956 0.31263922269918937 1.690419392237911 0.6343051133891566
4.037528924124787 0.27872306257746243 2.2163497862466985 0.5676159903926723
3.8515655265233146 0.2341672086271897 2.5571968984274953 0.4814527765494297
3.805860990868332 0.24340673872420693 2.690528017191556 0.49886996797199457
3.9343555250420845 0.24377883215308044 2.4526316202195892 0.4974713594827526
3.9326634884967815 0.23474167454291667 2.4486452682869975 0.47472452585725156
3.9368805902986326 0.24679100482928615 2.426792690794997 0.5158010574227001
3.9006182928335162 0.24367647326177802 2.492391854119132 0.5035852093373614
3.6093771527628142 0.16713400406060006 3.1078818532716057 0.35054179991722695
4.119830438550448 0.20561923055172598 2.008782832960443 0.41773920859814423
3.7804387616568444 0.17854531511638358 2.774048226544835 0.36235927709794913
4.157360719697426 0.23121998106192243 1.979352354749733 0.47617155488515434
3.8203703133062614 0.2503771265975679 2.64874313396567 0.5171682423501107
3.8472195923112253 0.28411470737746264 2.6114810607153496 0.5738753293501088
4.229342319484719 0.24082757725911755 1.8413318927338247 0.4863924398390886
3.9109011854818982 0.2902295826882617 2.4754133037778523 0.606739118079383
4.06953680669852 0.3042294531349277 2.146636928418017 0.62449133865833
3.9750295839404357 0.22215958310105033 2.328138747685221 0.4660688895958032
4.213990751695654 0.2976385273434106 1.8524171696880216 0.6067465507141744
3.979158319246233 0.2149947356909539 2.3501796763537794 0.4288484537076324
4.207880507258175 0.2734414096045597 1.9005372668903056 0.5580388649131706
3.843606900280295 0.24533085399956348 2.6314766685225557 0.4923293827943883
3.7162161556683846 0.23590908806391786 2.878017449263627 0.487774811581434
3.8976734088334153 0.22063127151956616 2.48448416600483 0.4598241135552667
3.8184740903411196 0.24958619198459822 2.689802564140325 0.5045083387404335
3.8621137601007502 0.19249763654274862 2.577970129875518 0.3950793750006733
3.6069012886654894 0.19859146688086904 3.134665810635562 0.4103408250321011
3.994924138240761 0.21265051225832943 2.344679837632637 0.42628934932241164
4.369616175922239 0.28421064918327155 1.5319065575258919 0.5931886753377464
3.9810051475786166 0.2618787090859606 2.357958130433424 0.5296049779569842
4.144482546224467 0.27319424788826935 1.9833773564142652 0.5562677207629083
4.045150566476881 0.24926119754727064 2.1941574406165807 0.504313008019044
3.880673076314708 0.23044837815166758 2.561733784370123 0.4722026478800179
3.924991239052365 0.18709099138776283 2.4511910668744354 0.38424950352565634
3.764139446911112 0.19502931504713222 2.799422761061198 0.41064294129380774
3.76994531275695 0.18520854892074062 2.7933936819528453 0.37452972923568645
4.180546167073116 0.3014866151308707 1.9158584596921866 0.6269679839274538
4.092536514293094 0.2633085842804877 2.1037194330138327 0.5483792487565722
3.820118901434861 0.22203899878794311 2.676233930326291 0.4588636959541382
3.901830863454891 0.22978236007788003 2.5328014874535136 0.466785744366254
3.9614971935051653 0.26408656815649245 2.3783536882665373 0.540844187141251
4.128277876691323 0.22185408617126978 2.0579511456895148 0.4608837385597998
3.957688304030783 0.2212394221729085 2.384269081793833 0.4644875071062984
3.9217222556436537 0.25480125014380234 2.4941678948906594 0.5150572974673127
4.069452882973968 0.26532051693230696 2.1709652367158014 0.5384799493334917
3.957357784298112 0.24522709556271735 2.3804701258374905 0.5057299228502439
4.131731504725876 0.24303855063072693 2.054656721536862 0.49897195629800606
4.09907466928378 0.32058109828397363 2.0752586346018895 0.6559024694467024
4.133954959966937 0.24847625053229172 2.037742890451673 0.5119939225179202
4.132445951969515 0.24695640877779018 2.0434226627350265 0.5049207589492888
4.033523716524697 0.25120427535918194 2.2296416937876957 0.514454640501285
3.7270728761370684 0.1818236188753002 2.872016577833075 0.3669349062585773
3.9631467157885565 0.3096826453572144 2.352255351283339 0.6532628063808205
3.713998220099654 0.16918994445781718 2.8895278450492397 0.3487707204633437
4.223391170621728 0.25111744707149625 1.8357042993037365 0.5139387726805461
3.9250121758318843 0.19812134143806084 2.455857564015841 0.4118682724947397
4.032958530575609 0.26175076941727987 2.2339813886716087 0.5341990599564478
4.158808830155843 0.3010751654093174 2.0126921128824025 0.609857925849443
3.873066448463343 0.2522323414115983 2.5367046996979408 0.517672977800985
3.990423639864741 0.2229246875294212 2.319829075905025 0.45802774072618
4.062761224976283 0.24491203283619817 2.156792610900081 0.5071586470608804
4.057813431677612 0.27239067357504565 2.1655929798495106 0.5503086859839429
3.9622268556313704 0.2442813135493355 2.3540182543559203 0.501238974127896
3.728041074047459 0.21347955072309638 2.831717997123887 0.44205940112649095
4.08446666609156 0.2653875339021665 2.1151941446266105 0.5393652064512797
4.033819118908305 0.2311727124314121 2.260468324559196 0.48131754229456153
3.897029685626345 0.25562168258195617 2.5145834938680673 0.5245419374752862
4.027386958698513 0.2358216447676082 2.26380600624588 0.47870427619772665
3.9887310410801 0.20107928861400046 2.294582816871297 0.41090678371286105
3.959860579841282 0.2224485822090528 2.409513001996771 0.4627631028091844
3.992710196768847 0.24438385517255873 2.322440853319403 0.506481421477748
3.8446900259444234 0.2473149400838631 2.599991369796841 0.5183107421892204
3.788060126865193 0.2539485450653466 2.7473539796282322 0.5167950659813316
3.955165623879299 0.24899270801140275 2.405801727960622 0.5152171934696819
3.8727104002073776 0.24972733170668024 2.5652667966112936 0.49863168093594795
3.8510559259878487 0.25052117877630325 2.58165968740357 0.5039686113207432
4.110197065938599 0.2416805329768249 2.054406393239259 0.49873147998265577
4.217818639057313 0.26271159630568763 1.8442157448372227 0.5415864658694095
3.9127421233574644 0.284456876450215 2.498360027918112 0.5825466354247953
4.186815884682468 0.24301208790676723 1.911651680467044 0.4939802693547301
4.020295690182193 0.2669389606448242 2.2192915758661504 0.5517919204194273
3.7802868801130995 0.22949459809748815 2.7400167838864813 0.47734755126154704
3.921828293661279 0.2413328798238954 2.490725389012538 0.48942990184503177
3.9223518920819376 0.25082388523173754 2.4556566259495787 0.5092740593271587
4.184852964892455 0.2897673278288612 1.9264919036205401 0.5990047791172896
4.180830616710715 0.25860408226052983 1.9593903368713694 0.5495738268397058
3.943280541735761 0.2372617422986916 2.431985123677367 0.4895797402428037
3.9409426692288694 0.3177693054836503 2.4215474812063227 0.6490587658757092
3.874915373503664 0.24871686331733378 2.5900165360002037 0.5237905284175001
4.126124498370084 0.2472306958031112 2.0290740685563247 0.5036545446414711
3.7839418786100394 0.23296445651190933 2.746832406478027 0.4908998218278937
4.015125896943292 0.2535016516538364 2.3137177882556816 0.5182198792802704
4.019618332951429 0.30625148145609005 2.2839081712086937 0.6182775602190937
4.0301004392205275 0.2249153979331411 2.212419609231907 0.4576535554068341
3.731241393913942 0.21807665373441135 2.8764213777302583 0.44080643045634027
3.9251033549205245 0.2039841388653544 2.449235263409878 0.4275134099751185
4.225477933491961 0.2728694705255337 1.7972464193109312 0.5694319877753204
4.090737380569486 0.2244039244327207 2.1034994437355725 0.4605327533857385
3.774912963844608 0.2390788636613648 2.7754628256304827 0.4868397475356222
4.089998898245158 0.2879349978623574 2.1070564190274172 0.5929226765965779
3.896168677606193 0.2389776453764184 2.483341781571056 0.48775317637692195
3.852552322351177 0.21538046981294393 2.5896504522292503 0.44493847685690346
4.117121664290474 0.2187116603358004 2.0859560941783295 0.46047989086286917
3.8986519105319855 0.22984205230925545 2.4774316349833363 0.46327573188846843
3.7995757616491543 0.2567683097048836 2.7411193231730193 0.5309391537266007
4.115802352435041 0.2527179891580057 2.0601702889594007 0.5236029040803971
4.150489734387087 0.25009155435221375 1.9633977231433 0.5244777890957059
4.070308879967559 0.293838006561688 2.1447463670700477 0.603339901715958
4.227119081629647 0.30679183409305416 1.8325582277233563 0.6313791786483381
3.8695641523128996 0.19238726422049435 2.6051277861767317 0.38837677221483413
3.925956469525758 0.22142338628959857 2.463802989030466 0.45629970116245444
3.901838999779414 0.23717913568694057 2.4798512528345302 0.4868695803426631
3.913457575609109 0.2208798668829441 2.451061556155649 0.4562178930829424
4.11911269034019 0.31588007853719013 2.040820999618134 0.6585126112129687
3.881602380016606 0.18997247657836264 2.563263397335583 0.39050451047444024
4.011282552858603 0.2335511017980375 2.2637856167309334 0.4756144386983287
3.894263493575198 0.2434876538390811 2.4802206511878975 0.504065862350972
3.9094222954461717 0.22804580258147308 2.496781797226956 0.45683543735405935
3.9524809529756815 0.26194676502717584 2.3975180976058974 0.543410738023957
4.00783722852181 0.2297067012237475 2.3108392728040976 0.47728846657104684
3.6688453463717496 0.18352719583748406 2.9917790982676546 0.3774482177796198
3.8360414878644633 0.22768245575312468 2.6509143306336593 0.4568379920512004
3.594662035874279 0.17655332981523078 3.1203574224081807 0.3625958155555643
4.279109791021529 0.23138820080331662 1.682226780061205 0.47154254258640677
3.8263218290502046 0.23334584303165246 2.698787591629191 0.4754086251731385
4.170810016036914 0.2553944584773908 1.9255518518000025 0.5323387808202297
4.037137673526399 0.2269512007657074 2.24538804406747 0.4588241284678234
3.9826013328634327 0.2695179066656232 2.368226258026829 0.5441055214827571
3.8793152226739 0.20407318633137614 2.5553151731609605 0.41508171044036263
3.76564705336565 0.23273857695466685 2.7836294860260358 0.4855045385298832
3.917039612580495 0.2550514713875853 2.455640265192242 0.5316534503515925
3.861005674751228 0.2315054588583956 2.6373896484757093 0.47619304859356143
3.8408362695931224 0.19734168773403216 2.648086498046606 0.40574334122763916
3.9518864692788664 0.26223939924901424 2.4348834587728847 0.5349531898729507
3.7198058875473343 0.19608439205488762 2.846479009282707 0.409194249405584
4.235996610741795 0.2418248171378638 1.7928810662825558 0.49258314815839926
3.9315324237156815 0.21965384127685403 2.3993994777854137 0.4524492771693138
4.469671915933807 0.28439142367789544 1.3234263370423167 0.5876839512958656
4.078990572893133 0.24548940865391256 2.136683145239582 0.4983621366198824
3.8465973702024874 0.24696580400928123 2.6051088111729235 0.49771993103814555
4.164128151295317 0.30057821428267456 1.93374154479302 0.6252296027694532
3.9230344788773586 0.29900932906104666 2.4434115514501267 0.621830903453653
3.771001835927562 0.22829869322256402 2.758516350506361 0.467779002540547
3.979121474160519 0.21587483512356395 2.3565286721658 0.4431017258393682
3.693775194693632 0.2045817756362988 2.9595651331726285 0.41770918699815857
3.8263178314813877 0.2271193568109726 2.6667963419540177 0.4705714161796741
3.937705783148688 0.2963311552090876 2.406822292184256 0.6086472198883168
4.074027310214288 0.22848455238629625 2.1572403018650776 0.4736528960625816
3.7344782841400406 0.26178372707498354 2.8180821232115734 0.5415181739262614
3.9573410787041334 0.22466940218917908 2.3766781936722916 0.4535969843809983
3.8450188525351843 0.25577866419038947 2.6461047841924916 0.528690933962241
4.124946331851858 0.3222740294457652 2.0443230384953814 0.6583021422385195
3.8831164849957007 0.25700984730073134 2.5292223618154965 0.5220376973972747
3.7957434764068707 0.2280108597429822 2.694898960483199 0.4674670094230656
3.7790967370516633 0.20352627610960328 2.7722304666116453 0.42212603982971386
4.228488484485329 0.28959931889784707 1.8229579518502383 0.6089499898640973
3.842791834311222 0.19072218937224758 2.600628016560846 0.40447444469883337
4.188972225683703 0.3067131016256477 1.9107710919708512 0.6321915755789073
3.874775166710984 0.2193702645179203 2.5799750157669004 0.4561719966998163
3.8947094904604196 0.19901012535481205 2.509121851295914 0.40745416641888105
3.830519673906246 0.1965936041495061 2.625145301375731 0.4057154333644447
3.975272954354835 0.17351265069127067 2.3691980772533565 0.3590839342260322
4.013823371864815 0.2601889379008883 2.2584860682224592 0.5373051800909967
4.055427775715332 0.2499814903875061 2.1863722129848235 0.5124356754479132
3.793705617246046 0.22433091780273026 2.7269388700234263 0.4605219918889001
4.019782292019858 0.23529731226070877 2.234632901530762 0.48866970552977596
3.8409668751519757 0.20307671833360288 2.617687984935499 0.42217039366816067
3.6032836905136714 0.1603553517076488 3.0907078318446644 0.32757935042380276
4.0373071277533175 0.2531524604472123 2.232240928238821 0.5216938050042761
3.9015142969855496 0.25774143556873713 2.5242646049138973 0.5252979349539325
3.952825921718533 0.2283454054277477 2.361998885985107 0.47968219069063367
4.1576412426300084 0.22877253456497776 1.9579396376758709 0.47707293180660626
3.996048119003267 0.20446318830747376 2.3099831814373717 0.4227260880337091
4.213510280942998 0.29468149994032306 1.859906915668359 0.6036902892867666
3.86007851932132 0.23559408783470517 2.6014915736039095 0.49402159791284717
3.9883737494806435 0.2531538787995129 2.307997786858083 0.5169145392166928
3.87948443458981 0.25298317254423375 2.553588461755733 0.5280212720019808
4.074622082936085 0.23794835171511278 2.1688298930515373 0.4915869482355476
4.146129975090979 0.3227434241509405 1.9989581984802471 0.6777941557266443
4.202232020903679 0.23780593744364598 1.8559829987977685 0.4774889836132433
3.879987440315382 0.20169333330008699 2.517193402275808 0.4228935879893358
3.976587551532442 0.25565697349035416 2.372589821084972 0.5289041746620149
4.109479543026976 0.2554389338897336 2.078049876538274 0.5271916397943841
3.916125547069649 0.22650129602420835 2.4385310439940984 0.4657000858507563
4.076901671025059 0.27919252845246206 2.1241656333477983 0.5669707035748331
3.935065500695348 0.2289661185006106 2.4336599065292575 0.45750693972787065
3.8981023909091985 0.27081888139291727 2.549473306584334 0.5554958564772517
4.2482501830138695 0.31411466110617636 1.8052992627968565 0.6452848576083928
3.9955706117905354 0.2386656165771593 2.307619645961144 0.4873856140393647
3.886560828996 0.19389869465807683 2.51601146186327 0.40359822072460677
3.8658030336258444 0.1796414883962669 2.580350692843876 0.355299599063664
3.8982653400414904 0.20793815655900783 2.4936260733380524 0.430668871439259
4.13934871333902 0.31296818964170436 2.0470203728605236 0.6455605049338905
4.187132799584159 0.3439281373234314 1.9197931125129213 0.7094365780270778
3.993679973287734 0.22841448555697827 2.311678098491027 0.479836929444136
4.382116802314416 0.337117443582675 1.55863252227855 0.7037991526975421
4.228505173347042 0.2902234866007197 1.7921881858933202 0.5975422498098507
3.852376944767694 0.1992724144567059 2.5941573040226578 0.4038080569423993
3.9343784576958596 0.18958310708108392 2.4510285614628318 0.3787065302620199
4.087399233860374 0.29192346952604425 2.0992672676401285 0.5974970102173462
4.02902982501297 0.21750826797232767 2.2774845624508426 0.4494595102456024
4.061079038159479 0.260679640192623 2.1829902366238603 0.5223971726981618
3.867565690234314 0.24971967463552006 2.5659384312209492 0.5251534150676889
4.021641815049179 0.2326851277586293 2.2844769367730366 0.4738119180458121
4.444587496109211 0.3075356830261815 1.4191991066353127 0.6297965031079268
4.073322054554455 0.30219756694439565 2.1418547833037582 0.6299082387817495
3.865385395027339 0.2408293877795299 2.534802862959025 0.498994804851443
3.914752283055936 0.23597997180725366 2.4651241162155832 0.4856254092209236
4.078977888384047 0.2973262586685034 2.094239057009527 0.6296907582102859
3.755245046150983 0.23089011703111464 2.7979243821508617 0.4785731000489771
4.010843870084097 0.2913034265396535 2.2797135581688437 0.6000664607433011
4.12775371551294 0.17360460241081296 2.054568264725698 0.3491003361831687
4.068963522398493 0.2995764887341577 2.149300747634663 0.6186736500280982
3.8259319911711 0.24273489604317233 2.660540355830788 0.4912693019131827
3.787478724087762 0.20790915355206965 2.740869800735738 0.4288155416282449
4.138368576637357 0.22732802104063768 2.0217799599037365 0.4617571176299947
3.7610402153489098 0.19172322074970322 2.7657405375199753 0.39802682641837167
3.9982903683810864 0.2232496559306835 2.299564658795083 0.45465040942670487
4.0882776594669 0.2649691713502926 2.100657660435175 0.5553786810972492
3.8603327513980004 0.269038571473449 2.6212665130275807 0.5501443000686292
3.983554404065168 0.2750441787190428 2.34007306293501 0.555839199712501
4.234991140408756 0.2647221900666241 1.8011721552062137 0.5513790096029668
4.146901648098526 0.2938626546474358 1.964472494275216 0.6118565431681259
4.075212357503726 0.2806807800051727 2.161765621930159 0.5885568550517163
4.004006308787168 0.29539170834714923 2.301847744784271 0.601084088961132
4.096834901300156 0.31007829211653015 2.0854909844832443 0.6467206064444095
4.204214693269581 0.2576684289354649 1.9066419792661105 0.517673527754009
4.140559668938982 0.28249158752722203 1.9762336607293132 0.5739119271310087
3.9878158749557278 0.18488966081818026 2.3488041116268246 0.3739050185880987
3.9015504820908933 0.25136306344675025 2.494106515901672 0.5192453230544534
4.2153594076440735 0.25874979039496854 1.8667969530230486 0.5344363620277683
3.887806776412357 0.2695583267379458 2.5427045309955574 0.5613272201703832
3.7583093537559007 0.26754734374688066 2.768117393992999 0.5529077093077491
3.932953333730298 0.22769424289690082 2.4307009644624094 0.4791549173843932
4.096875655545915 0.20517708130554718 2.0617461486765594 0.42619589324855744
3.8715045596943196 0.22649357615562843 2.5758786792734965 0.46944519469675067
4.115476094320755 0.30106483675513057 2.0842555644235254 0.6168299753293363
3.9592802679774417 0.24073597429077784 2.3752627492015606 0.49512104501820847
4.096590065275429 0.23190063228936172 2.0944118448627362 0.48297933504994023
3.7506724234227353 0.21090786014204954 2.837008402473385 0.4269129423216446
3.7233209926410265 0.2714160685570864 2.8562798744637026 0.560075967892034
4.00553400530638 0.19154728548442831 2.30260411674446 0.39542836191546166
4.005489512699536 0.2540538006181453 2.288814852453331 0.5183911442433946
4.158827205136555 0.2174969530049013 1.9324432751270124 0.445300948807776
4.05352880237726 0.25740236121190074 2.221290487965221 0.5242653120861527
4.148959806969929 0.34121799876692815 2.0321845275135457 0.7172807664342603
4.215690568283664 0.236448131360509 1.8702330270908603 0.4960775990585885
3.931185710698923 0.23528924607071755 2.4459413693136147 0.488988733398754
4.113867701152379 0.24388053089931064 2.0768467366281143 0.5083595427165747
4.1610237078797265 0.271366384379576 1.9561842250308796 0.5587489061745663
3.935863627681946 0.24468301006138607 2.4446661301445105 0.5096723808670058
3.7910814572766665 0.24298406796956065 2.7694541226758247 0.4935395065135225
4.150455543920742 0.22481072742727723 1.9824705765926527 0.4524594270369541
4.064456492377085 0.27671332347814925 2.182094820716809 0.567436629857858
3.8470098430950954 0.1769499208260533 2.6069283091826376 0.36496282180282197
3.8217962349217185 0.2429188349952566 2.6764293353696322 0.511089180213961
4.030091664657707 0.23566407254317365 2.190371924131325 0.5010449497607572
3.952043039095823 0.24754015726692627 2.4027495770677536 0.5062806963205081
4.133804878557683 0.2904432101194116 2.0067540000758117 0.5929442591826138
3.9348879221735995 0.18764939445608292 2.4389785133104147 0.3919951440471372
3.8925111973035986 0.2410563782699146 2.5149677019332355 0.49996014191602084
3.784980950220563 0.220903286517284 2.753166942119055 0.4502991485457799
3.9624479446187095 0.25314810903893736 2.3469901004847626 0.5118027901070683
3.8336354610722103 0.22307481968416398 2.6718188834072594 0.46370289123993397
3.9669830920306834 0.3024743467893931 2.3728946950551064 0.6139307731896553
3.8734046662669126 0.231954735468855 2.553314056330726 0.4718875441948531
4.274068346804537 0.27736307996425597 1.7293038862278427 0.568747212659884
4.035905334780374 0.2929772961685682 2.202507338343412 0.5938258321738599
4.045067798176701 0.2702104738552392 2.205654924479637 0.5530716212302802
4.17011857137567 0.2588042909989128 1.9432292095273576 0.5411785990086962
4.030143903291888 0.3102575311701211 2.259212132438439 0.6432056029452647
4.0039024058343236 0.21640121576608318 2.272225333323186 0.4391795415672924
3.752683410394091 0.21124614044043036 2.824262260370471 0.4376519216021104
4.099812938536897 0.31489086819970874 2.10048937053436 0.6411639243774128
3.9371324010811497 0.2728224849645902 2.423970675207798 0.5612979912388674
4.096125533829497 0.2928534712497685 2.0897327382898343 0.5885469614257618
3.9428997276007562 0.19687262073789022 2.3757563542934377 0.40883179484789245
3.928755911082744 0.26712039996250503 2.42285783902764 0.5546513885869265
4.296018276674168 0.29359124276754317 1.721940964313172 0.5905615956653931
4.02220043186191 0.2910783355501456 2.2716809520986514 0.5970704833024587
4.217820386123037 0.2366067260376422 1.839367072964689 0.4687390293477
4.175303020715289 0.2912506480968394 1.959602341762364 0.5929752008490307
3.853646110490377 0.2258336347659944 2.609951917734226 0.4570714419584584
4.028408523514622 0.24866195177866138 2.2683748722553827 0.5176166621785421
4.011866832116803 0.22060638276317485 2.248035040069859 0.4595326773885201
4.098004230356263 0.22704495419101717 2.15277802666786 0.46671872134133396
4.001458833935411 0.23522890232577856 2.319557203046702 0.4900606538524261
3.8664695446006307 0.21303783912121982 2.5931805572851747 0.4355806873534094
4.043523307258287 0.2346225763666096 2.1865765412365503 0.48432308726632506
3.916963696760412 0.2811689939193848 2.457846482846734 0.5693060777237606
3.8844513765009707 0.22208161357539516 2.5181349979645593 0.45995776004146044
3.7356461660279026 0.2628347177213916 2.84286634740746 0.5305266835509291
4.013171136644775 0.2340429136382768 2.281146968128395 0.4861486080537372
4.343992537721952 0.29161019293333146 1.649627283157486 0.5874141791330109
4.238034939178928 0.2442266056340966 1.793184021061592 0.5103826866273647
4.044490301937143 0.24974350389151034 2.176736022141478 0.4991848218392747
3.955277646597066 0.15456268275701066 2.3937301906738027 0.31199618367259047
3.896354816251212 0.16003055609534997 2.524306690074847 0.3378941610251955
3.994820235373883 0.3217851964516235 2.3242568302277684 0.6574589185773535
4.060504340693305 0.23480480260742462 2.1847108332990635 0.4779783017128591
3.751384512232275 0.2591854481852187 2.793524238939768 0.5226724806028493
4.109377394628769 0.2883008591088559 2.0512148560918257 0.5846789230776305
4.193376361278102 0.3038730529467231 1.9045293917607136 0.6107920575555024
3.9179914853431383 0.26878390379722866 2.4225557704445846 0.5516375872501776
3.848415755412159 0.21296153934509798 2.579634132617048 0.43226987842015846
3.9753040857465525 0.29938039364001306 2.400298198408052 0.6160691770491055
4.025182226216161 0.17432726818817545 2.312989963628863 0.35996165544319875
3.8987266039458666 0.2270152925498112 2.5605029084838713 0.46806453455937147
4.122571596840075 0.23019219917178713 2.0768727306986183 0.4831502914061188
4.020654108064598 0.24923548363349005 2.2409819443156627 0.5134595697002151
3.7224463078251557 0.22471873971133624 2.8894958643301196 0.45754687491374285
4.105652883863371 0.27389455846632405 2.1026031770875697 0.5634443253307149
4.193377802199098 0.29960842767208445 1.892559212768053 0.6088998941779209
4.027500133123936 0.2128496152904582 2.251794993516075 0.4410668051983504
4.21225508967578 0.23845444173453975 1.870277002213287 0.4786509258739943
4.082458897142432 0.2574356654416352 2.1224469673851463 0.5336199064400746
4.114363630745558 0.28898755030459183 2.102775953991322 0.5879435832244116
4.107369197896107 0.22923498301039968 2.085294339277083 0.47611943668312395
3.771304643648213 0.22163298829001293 2.7570671471116874 0.4571290737604952
3.948416242883378 0.2532611581520463 2.4269515009897304 0.5165615405855235
4.003445655504004 0.24382956621337204 2.311243171895584 0.4958792153204798
3.637127164847818 0.2427932620799641 3.010019091044203 0.5032537874659366
4.150598727476732 0.30444615924357676 1.9849054469346377 0.6293359411639743
3.9495226661862635 0.2658782906449452 2.3773699786129265 0.5496617872004542
4.185958947540797 0.2627911483019984 1.9043437928059523 0.5547219097799629
3.834806367194804 0.25230683257523673 2.6673215669675914 0.5128389589821352
3.915039314769589 0.20956598399129167 2.3986066073224723 0.4314292903095618
4.101644929781346 0.3404035520115399 2.0713581248480106 0.7151586889487138
4.31330353723718 0.30057725628361603 1.650031208833695 0.6160685940426586
3.8558948297248987 0.22320972646619058 2.6114286346757485 0.45500645769108855
3.8324428679034552 0.22922480350318208 2.634928859418854 0.47318409313575754
3.8361504549115653 0.23690985035046927 2.630386939883885 0.4978944105059499
4.033768699469462 0.25836022356253585 2.2356317288719385 0.5315257560415159
4.156153617124918 0.27464398934428763 1.9413721792349758 0.5768346594600161
3.9313787380648 0.25399498921166536 2.4379333437670248 0.5114153648803517
3.9903868794201265 0.24979686618040509 2.350614628268348 0.5080937647091358
4.080171585697331 0.24477444735311754 2.1269943379098675 0.502198978235374
3.899469984245249 0.26978213631950615 2.494563611688525 0.5486118541582682
3.80748378826907 0.2312241233783546 2.713308157114424 0.46939012322028184
3.9785419159817232 0.21512907036014867 2.36269752563138 0.4314143770118339
3.804179772645604 0.19520298414106463 2.713580848166292 0.3937030066976626
3.8103474459792133 0.192158982222976 2.719572471903089 0.40013881397065265
4.047953150825645 0.23315378943099752 2.2094916705386036 0.48435726379571015
4.075608139416234 0.24818419684066112 2.1355401316463496 0.5138214742554685
3.8611221405281277 0.22313685673739703 2.5794737737951583 0.4684084876062583
3.8625626351339077 0.23427543777056528 2.5532490934815257 0.49081244837847854
3.862073006361628 0.19693125245826798 2.601392269077326 0.39622070588752695
4.077678053166663 0.19097259715417553 2.107630658321355 0.39984577474752053
4.288698537372811 0.29293316505265005 1.7101154482448195 0.5929050980943719
3.8927794374487936 0.20600471499526263 2.4632265145768426 0.43572271669573337
4.215339881208106 0.2755838432808846 1.8910252481238299 0.5648976281940883
4.030155799557909 0.21550615589101652 2.259923531768394 0.44914746441596815
4.364478115414362 0.31528242756918806 1.5347194827108863 0.6565986259958438
3.970791889566696 0.23409649596378632 2.342219737972698 0.4866962598211754
3.880392041726213 0.26687058105292255 2.5792303859376497 0.5440255914512803
4.054662172756132 0.2375958141222782 2.1776986312611584 0.48577628468820755
3.936712265423222 0.2563730530312739 2.4730082117155616 0.5145136408666481
3.825769576182786 0.287584064483696 2.664770782182548 0.5819317552722472
4.220391949005684 0.2325761039008441 1.8555515982267703 0.4927534419227142
3.8360680056510743 0.21584016701872408 2.6503272634292676 0.4483101002031493
4.056576590012238 0.2594967295552171 2.170296024018674 0.5340301891718459
4.1502647355382845 0.2595425792441244 1.9820958702493783 0.5282455458325817
3.9780833030082303 0.3077340082238001 2.3654782081527883 0.6282901164676439
3.8338763793984336 0.22443496275404295 2.6514475606094994 0.45961220049931856
4.047494785715313 0.341511075584905 2.2156323101741737 0.6952723474987728
4.074276827600844 0.28415301963767836 2.1497497783068646 0.5916473141212416
4.192381482223 0.2704054647626209 1.8870511229350584 0.5573193637488855
3.8178775819726676 0.2289329980973014 2.6494639165798697 0.470412007734458
3.7907112838312313 0.22893052444726353 2.758397376804142 0.47322764435661807
4.125067384214502 0.26617547829721216 2.033997196715199 0.5546600861858894
4.041528464826193 0.25150476853947334 2.233501449495469 0.5132466745673729
4.02637123387324 0.233108753658042 2.2373646342213087 0.4689771600990034
3.8045302334641757 0.1746039986867125 2.696090832202745 0.36457168590995825
4.1004220933696605 0.3159582840387229 2.0718699466976194 0.6514923741218517
4.0506122663137205 0.22723505644358225 2.165684400312747 0.46734664225077877
4.181911399442617 0.28813395685850035 1.9238665970846767 0.5872235978766731
3.807020002474098 0.24500394668085637 2.6793457477768445 0.4979118841523119
3.9428477749945947 0.22112297219448582 2.4343195749570556 0.45105003453226583
3.7926042494460246 0.2473928237565709 2.709537867185465 0.513311006516573
3.864284710867407 0.2237345814033859 2.5498945233239283 0.46404346188916956
4.207528384916609 0.3306133524875212 1.8592551116244513 0.6822882840053462
4.009104079470277 0.25725111433324416 2.2823384155895554 0.5183004128408476
3.819002953131295 0.24599001884912453 2.650508932653639 0.49889510878920007
4.102059984216721 0.2476248453312167 2.096180544902856 0.5088784761985334
3.775941693943839 0.22828215954920025 2.7452040010385943 0.4786381373279363
4.176856150262424 0.26716233232714853 1.96945391210603 0.5493786718931415
4.114913660134369 0.28956052031400953 2.081795993878138 0.5920468739416348
4.078833236421335 0.17139865338510385 2.181238899859912 0.36471355299092806
4.255088859370661 0.2731998679869296 1.7899278428094099 0.565798265989197
4.064932314622796 0.24834300783477198 2.1488391220782797 0.5114982083933257
3.7895453296674786 0.2159386389927479 2.7269536758425095 0.4424282760070512
4.091088542627952 0.2889086052430007 2.0956605038623146 0.5900142489118593
3.723233663704423 0.20990043343752104 2.8928783238917752 0.42126353057488536
4.177398426468152 0.2558110621042252 1.9178458321816967 0.5293296003176912
4.082545335680354 0.2438094088790178 2.1196036281255335 0.5036190774668069
3.9535282677004107 0.2780687380265699 2.380850700461888 0.583320083681111
4.024557962514596 0.3425488335419676 2.2649532403924466 0.7041132287381592
4.478427395852243 0.2943372006844738 1.3589575742087714 0.5949613536562237
4.025511426573786 0.2985191374028091 2.297465098864008 0.6016541645249862
4.279492709628784 0.2675090539144396 1.7536077914109778 0.5598347305956256
4.0778669318766205 0.2363274834970674 2.1381095764251237 0.49196092546612924
3.8603451600568213 0.20345060069292334 2.5724915285266645 0.41522109059792245
3.9094214591646708 0.24270559333934946 2.5106990758207597 0.4991882026116874
4.127419029091275 0.2351343437213065 2.064582622635721 0.4833038710235589
3.9229466508585302 0.2455969757144552 2.4955206267269903 0.5005221152986798
4.015579636659729 0.26852730022593374 2.2687964478036644 0.5457584546172097
3.5480239734688865 0.1859436318079889 3.216447853037475 0.38944737591239625
4.01962662384938 0.23384720507792892 2.232998283714653 0.48537931283663843
3.9696949384370335 0.25219357144942567 2.358059689063717 0.5104156359128996
3.828040881496875 0.23582219850448155 2.6477671304950903 0.48390588145890684
3.9103303752779954 0.19560208125337647 2.4820600792353327 0.41176674108340666
3.868261415939682 0.2975260023412727 2.543806670405456 0.6284847210815158
4.11572353417494 0.2564530018414332 2.040621156628294 0.5280544170234442
3.996172268625341 0.21007616985235267 2.315570683170237 0.4207361377228886
3.777818421297381 0.19719011947406626 2.793038586971678 0.3970393959158261
3.9512101609424626 0.27053243562558427 2.411651257182088 0.5546806185705007
3.783835175821425 0.19918258600727884 2.7587398524282305 0.4118016079812933
3.9395280202397194 0.30451813384175397 2.4127486555630036 0.631949518626799
4.003667817477082 0.2646065305272766 2.336878876874027 0.5367144340911175
4.176467948794999 0.27998567877941166 1.941918764396506 0.5722421532060669
3.8816292963703116 0.229081032745003 2.548265441210248 0.4684179565670063
3.87766389976369 0.24710933364923837 2.5184958141643667 0.506783921793918
3.9001566937632415 0.20222944865931228 2.4837154091820843 0.41322315538316895
4.131181997181253 0.26637624317887865 2.028046754506922 0.5553608961932797
4.173832788387877 0.26814065214330013 1.9123737078470902 0.5652372711033818
4.080614277190026 0.3482396370309186 2.128123577625767 0.70322207105508
4.022073919508742 0.22665725815008914 2.2490534945057616 0.4643958382764068
4.04981820299084 0.22823412251959446 2.1917139553188028 0.480448383274562
3.895515954484692 0.23526256371183207 2.521475962270125 0.48345114638512815
4.449642980828166 0.36922923087685483 1.3827558837656522 0.7525291797726404
4.208120679932803 0.2580297770068735 1.849198419773371 0.524727313058752
3.832444584586085 0.20280062558581688 2.629733178307652 0.4115051305301707
4.148821512183251 0.2805274066997762 1.9765832697185926 0.5769746775431103
3.9375524769555246 0.27978618880136674 2.435101662611932 0.5639491207692131
4.305282149951437 0.2443642766859387 1.6774132915289182 0.5084294479481446
4.098100358459437 0.23733641055647828 2.109989221665388 0.4832828399933565
3.952275706725344 0.22344278292373174 2.3667322317592463 0.4507844281646392
4.033367441836369 0.24355743350790032 2.258748716227215 0.504806493376855
3.926202523286331 0.19846467199109585 2.377510377698986 0.40841173984879586
4.106652722504469 0.3003757111868585 2.0894979713496546 0.6107737235862682
4.03784213350651 0.2599739206062633 2.2346776186456854 0.5299081999888052
4.00922944145494 0.25670519496822797 2.3056932457690253 0.5324122477990502
3.9428232386892716 0.24589023678098731 2.3824215966925584 0.5080679391340557
3.8378280636650093 0.21129301443859622 2.6139699863006562 0.42881795136673023
3.9644916934351864 0.1879195193163829 2.3945910987931662 0.3926541476289766
4.147104080119888 0.32804537809194595 2.016533500138094 0.6706517582580495
3.9573937348844686 0.3065153004807036 2.360904240902193 0.634822369419312
4.025632204468182 0.29820261489287136 2.2371963539489688 0.6162476927866246
3.9798799424300837 0.23247988591896251 2.344963572487213 0.48011333314200194
3.9154927437462526 0.2573339394267059 2.4762361705739955 0.5248587387824295
4.14605483119472 0.2488230540213681 2.0110203176590273 0.5193843272221643
4.178804927970192 0.298905277619129 1.9800598101409395 0.614463437881884
3.9633062621869617 0.3095802569784872 2.4006093263963546 0.6319356655204472
3.7292820492955747 0.20244795169408225 2.86044133613688 0.40353195631155636
4.096912440500111 0.32127754089785115 2.087853022951057 0.6474801892558923
3.67754507257205 0.23741658095570486 2.9191342934302753 0.48250551813788484
4.095449808275625 0.26594192135395217 2.100339651972366 0.5467708513759556
4.237842600396484 0.2489883419752679 1.7669880882826225 0.5222287164297312
4.011959507355088 0.26790331804364825 2.272180132332164 0.5514507766729534
4.028918896620987 0.26880262533213006 2.2549832662459615 0.5575716854339462
3.940884497069659 0.23785911372727833 2.4262103359762346 0.4942717308828102
3.6896319108208195 0.21274031923471587 2.923820765695999 0.4256357909406977
3.971874468649851 0.29199923959526014 2.351226128997202 0.6030730710018052
3.934860549300743 0.22248061182213577 2.4399934319004375 0.4573386224596704
3.7762566464475382 0.1994380717083793 2.7630289864488637 0.40671240101927014
4.060815339539508 0.23365162796661235 2.1551005048065863 0.4822262769169161
3.9760658601976124 0.2347169114264497 2.3308550249453397 0.4811906919848196
3.8066541768772595 0.24111980460665164 2.716346103819287 0.49948370718090906
3.525036714861169 0.21119107167637946 3.265110229904385 0.43882655328261677
3.991942695983541 0.23126551326714748 2.3276015697649717 0.47949045631210596
4.293821950644001 0.3203492742875206 1.6866073412175475 0.6577600763147434
3.9928806011853992 0.2052309284088286 2.296013895490806 0.41924562215441397
3.9894799312139844 0.24916300763175495 2.325547539347413 0.5146332602533984
3.815300912062084 0.20574950866642366 2.6785292843413804 0.42773554373540845
3.9825047697113414 0.27968442973688945 2.3546683150470304 0.5793911027520658
3.9111220452026196 0.1971509928425639 2.4834866237053905 0.4086393168257538
4.087704986502663 0.29172443038437623 2.1405594553176854 0.5852307050161178
4.136954372871011 0.27142221432280317 2.0003065529614994 0.5559355785739318
4.249296272823763 0.2118618474089548 1.790113695242759 0.42975723848829406
3.8898073890051923 0.22472351865097887 2.532705930703374 0.46773810152521406
4.089010961043545 0.25550365612291137 2.1417043194653065 0.5260561473950197
3.9169678719924192 0.2727860610390247 2.5179178454671174 0.5608497737414166
3.903032124790664 0.19816476419720314 2.487376031035226 0.39853052989093873
3.7229280664146924 0.21437175202599942 2.8740891941821234 0.4466451228546694
4.359173425021297 0.2572444276491023 1.555022838869633 0.5273439368456188
4.012730275587812 0.2778442653447795 2.2796452830352782 0.5645205711541117
3.9083858298222314 0.19027318766897078 2.4327901883039798 0.37857332888856937
4.207102407553139 0.30008287828629676 1.8709917376976732 0.6180805233149788
3.769391721433712 0.20729174982556534 2.7724899919872374 0.4238062376245331
3.9738610963678163 0.2752136623487146 2.3378883724295116 0.5587526524712841
3.938588379908977 0.23790317260872398 2.4202640510589903 0.48321428167498376
3.773966539152917 0.2073583925951328 2.7222347608603945 0.426975664179973
3.913162305313305 0.24105185674864807 2.5023078059100796 0.48724400080687424
4.046017725052954 0.23308479603574508 2.224140756063653 0.47827443855964874
4.340996772855304 0.2529617607767876 1.6110905544029572 0.5239128083993629
4.050642107341919 0.27289848103011044 2.164344436549025 0.566595437120461
3.7909497186025787 0.23017606439742136 2.732790729307906 0.46956827030569526
4.166211929239701 0.29784400913455406 1.9757447255492446 0.6038899657749748
3.7876515428279185 0.22378411029210304 2.7204765404699973 0.46654100840963514
3.7465981463693883 0.222580858909321 2.8023346313962474 0.45995860377727765
3.8264298665142817 0.254412875238248 2.6181306143213177 0.524214587031033
3.927349545705249 0.22765834624239115 2.4280539038655604 0.46852019959553587
4.001318217365818 0.22547740768145977 2.2879273196474927 0.4643475355541166
3.8863912039052346 0.2754335817262336 2.534305768802467 0.5538128175033393
4.044037876656261 0.2549512664441597 2.209553074432832 0.5331742575646471
4.051867566241411 0.2352448113342416 2.2004982624048055 0.47661923488132574
4.196247448020535 0.253647356845975 1.887870798298402 0.5233831110356717
4.5414566995376635 0.31514835161250554 1.2016193781011988 0.6369218535287322
3.86228896439155 0.23726800464655057 2.594386591261212 0.48279825908191404
4.0059646901019645 0.24183004515767098 2.283692783929997 0.4961743336914967
3.9635388765184008 0.19066045326933034 2.3703809807341916 0.3988255089602369
3.9082577568925054 0.19247166965296378 2.4933580984929247 0.3944503126589348
4.222141343562949 0.25739944568155804 1.860471528507027 0.5311923939226586
4.068654263758963 0.24614187392814335 2.146939430910125 0.5037468622879512
3.9223699367014113 0.23647300752083353 2.4842151224982505 0.4883190946971733
3.81618911350622 0.25484951153767393 2.678530323255445 0.5221277549273082
3.830470249148976 0.22666307405677777 2.6251470986135303 0.45832281012690324
3.9512375049545474 0.29068578962412844 2.4217009842980213 0.60264192230085
3.9144304765434583 0.2735361129893156 2.481100120420785 0.565870898197392
4.267488557867354 0.30785898445355925 1.753165067930556 0.6279193640411296
3.821820795768975 0.23533604002133146 2.6764770225445904 0.4812245795661556
4.117912596550761 0.3256598707468692 2.0912435793068385 0.6628768431714349
3.721458614918439 0.21110242126560091 2.868498742610268 0.4305613544564605
3.6795092171135693 0.2418334756720635 2.9971752077376976 0.5018259450057391
4.119497778262224 0.3080586247324093 2.043835770210344 0.6361933172072262
4.041141925421943 0.24594372519680288 2.2245995819665927 0.4983794031776008
4.029273196573044 0.2252676715845443 2.273176735239288 0.44775938167210894
4.037744597674067 0.2556260393718855 2.2357821189654326 0.5147973807972094
3.9935657980355472 0.24987719886863352 2.3124376349808573 0.5157672400412143
3.893524411239086 0.20276711965153277 2.5242965643850543 0.4149430249243724
3.9740353744797927 0.28316523555182804 2.3804074616796855 0.5845898599583566
4.24983198991975 0.2740628685850126 1.8064110466457408 0.5604859889435483
4.125283096254016 0.29208373198808274 2.0395908267657945 0.5938101203785334
3.851571659202672 0.16650361383369122 2.6502590885947037 0.3440173892718114
4.054850594886639 0.21284667385781716 2.1688923948038457 0.4393406063953948
3.9288147835138947 0.25193833206715593 2.436652375635507 0.522542931381326
4.252576553186723 0.23797253490514705 1.7991026250510895 0.47620644967802783
4.064200618548982 0.2975957717683046 2.1623046195191886 0.6199668614707725
4.005724571811749 0.2346841932701913 2.255997455654379 0.47859741838390046
4.017910515298395 0.20189129252640137 2.27468318885561 0.4126790479336252
4.115293460145269 0.25738240204289264 2.090715963167817 0.5234994474430962
4.142436537659651 0.23628803180182273 2.050667348533591 0.47777627988587024
4.186146587603776 0.2273954546317289 1.9589015771578175 0.4629677836548813
3.659834354137452 0.15376049260513897 2.992104537613896 0.31411991264152767
3.808730597514738 0.17961832988512316 2.7076405175786573 0.36723427857932645
3.699812418781448 0.23337857643826257 2.9148124135488676 0.4897402368297775
3.9174066430112138 0.26475249642259574 2.483135512810745 0.5317576847833068
4.15264858257039 0.3141166040437592 1.9786994233912791 0.6424124327122581
4.153353252849477 0.2561239262387029 2.0175678209881056 0.5267419392120262
3.8498663259371937 0.20555179844155563 2.58778214969926 0.41610987285720036
4.112390884716438 0.2489813182201047 2.0471976020696596 0.5165163668769925
4.116222905223015 0.2872423977144467 2.019642704996384 0.6032339763488559
4.228975284998593 0.2699965693573785 1.8543363081340616 0.5500500443964018
4.00115912103043 0.2577713434048514 2.295505724855715 0.5344231942543697
4.1039202631360165 0.29419790176225835 2.1290093606132805 0.6015938373471018
3.863131219888043 0.27006156632764305 2.5811085158721174 0.5504700847968296
3.6464263701070787 0.18714278013646912 2.9938945430206245 0.3837819280370425
3.866301231160195 0.22884482940016335 2.5801965057997327 0.459017392826941
3.8812316369630304 0.2718330442346313 2.5845315109707507 0.5590330745591048
4.091657128220468 0.2561459674715421 2.1599460544915647 0.528491230409096
3.8632647225371475 0.24049820112700582 2.594234178955322 0.488967028572433
3.7940377886271284 0.21806562973404528 2.7457901526086124 0.44261508999786864
3.95235193401257 0.26100130253241494 2.3637567207345143 0.5361871490731507
3.8820211417372796 0.25202765850417264 2.5514146337666745 0.5199741938036841
3.9087071287655686 0.17678871071888955 2.481997133423548 0.3678148477099757
4.030809638751698 0.20336625012844642 2.2259060965571016 0.4198720486812019
4.090507856239506 0.2688856243010873 2.069284283325765 0.5470033914852147
3.9125389903204555 0.2174505821893246 2.4183025052929366 0.4603075039434882
4.082709646916671 0.3181361203282008 2.138662561702068 0.6504187175901323
3.9759008057955953 0.2697909686670272 2.2973756062071895 0.5604965886262087
4.233669103873728 0.3095573536190364 1.832014156594267 0.6323426904400927
4.054402332219655 0.2864180757811037 2.194391470181504 0.5902130586889224
4.00559960209719 0.272901683438235 2.2923752894502822 0.5642863402656607
4.336219380549316 0.20077162372465607 1.5748876749625942 0.41832469068250483
4.044654875636262 0.1811261105678009 2.217728523207998 0.36759377210479777
3.982890920281468 0.20915816396532133 2.309577729829373 0.4535420683780935
3.8964306176869243 0.2585411923613005 2.4830445944100394 0.5216962981616196
3.94292721869639 0.23506084929519044 2.4103726723006043 0.4809370256989571
3.995167613555907 0.16360148902507535 2.344634399516681 0.3311818608922577
3.952809541860768 0.20943384689028932 2.3395025912967284 0.44032886607595145
4.144792327575155 0.23866140647988562 1.9951778784296834 0.48916339794292385
3.91819365238325 0.24362630705622468 2.490393275780103 0.49433796684023795
4.135843101965779 0.20787831867138085 2.0421688862133136 0.4230017518741854
3.7509376528931924 0.21783801081183202 2.775334984082239 0.4556132262499026
4.05366356331128 0.20636880173282476 2.193843727177398 0.42779972480828543
3.7630238630374238 0.24000723487740022 2.7949480564427005 0.49195206216770293
4.10900711371746 0.2620074189682718 2.1087231798528796 0.53455810238093
3.935295121993809 0.24724851232597864 2.4361384240967547 0.5152188056503036
3.9874519042929624 0.2842701761969075 2.3499318098214173 0.5834477568884338
4.167647437428206 0.27877964741951405 1.9102884893677068 0.5763327179225702
3.887435421402512 0.2428755701464317 2.518594063844943 0.49830063800300106
3.9646949197513948 0.2091738460846033 2.373730685398977 0.4233079005395131
3.9375000412021697 0.2487703371775905 2.4380869732251567 0.5159928681288876
3.926689887767025 0.1733728533774142 2.4655519845947396 0.35925929792923716
4.171991239055069 0.2193218722702794 1.9893111994742023 0.45365418753091374
4.0290605128036105 0.29078009641085734 2.2443212770713235 0.5954575172492758
4.144032764426857 0.27329695518485564 1.99343947177995 0.562809604034662
4.085934170312561 0.23338883756021747 2.085232434174217 0.48273007620715863
4.004757596243289 0.2540671445195258 2.2812209645532997 0.523691784470956
4.3697476953796635 0.36439250109144744 1.49593896307588 0.7412360727744522
4.132662552806365 0.25694078119745617 1.947413439706702 0.533473920484613
3.796627164844173 0.2253543233441205 2.70428178855454 0.47056429713779846
3.896695160856846 0.2566360094624732 2.4655510095564157 0.5267665568279636
3.9918792135243972 0.2177790702356514 2.337130459140259 0.44709457626075827
3.9675218009131363 0.25499628349546144 2.376556240888275 0.5180449650842179
4.101353351941609 0.2450771093617153 2.106289458591536 0.5013758277284603
3.88134797522303 0.2736274040745871 2.5326651284697212 0.5544665195123201
4.273045112407299 0.26576064643372843 1.7124381235743424 0.5503863146127026
3.5565509064716396 0.1586192370418729 3.213357739123133 0.3232803500243359
3.991897803026194 0.19845206765784595 2.323250993809898 0.4035108950853014
3.99944755024629 0.3050836379188955 2.2838560448333123 0.6276785972961798
3.9355899203759046 0.32154934749845454 2.4251715291233005 0.663425346529198
4.032234669736555 0.23747829150203015 2.2408072114090105 0.47956224246389895
3.9762084805499924 0.23746794705870425 2.3582027185490526 0.48713056780197767
3.9124398407132897 0.1878412117471367 2.440275529145964 0.40335871967086345
3.9943156244044875 0.25071273144228523 2.3304074402326496 0.5191781456968382
3.832375466259106 0.21232136982139102 2.619481375463637 0.43239095656729326
4.309514722452111 0.3334127854632529 1.6471099479725002 0.679404946013432
3.9308193579418362 0.2230304537633768 2.4637102091368135 0.45071283669136714
3.7462486151668255 0.18186389954412338 2.7992272618342295 0.3617664128549207
3.9739106844605585 0.20122968245496983 2.350535366761883 0.41226642409148895
3.9770436449576496 0.24657013666374683 2.3368532851333126 0.5085710348888126
4.107412415433641 0.28682650168011775 2.105503952455095 0.5801242251169272
4.055203175478296 0.2624797061158642 2.1840792868928807 0.5315535818058589
4.09337497385503 0.2895309654341693 2.133315931204222 0.5858041666483633
4.091169881348764 0.2529094408430378 2.143696715689087 0.5166061479312838
4.155838273289529 0.3193559318452293 2.0098030141759415 0.6585463936070026
4.089289721072427 0.2690236931918332 2.1224191810436492 0.5473407718923441
3.8383485465655682 0.2431858898631509 2.596725470080079 0.4888804531630568
3.832405370180946 0.23870501075525705 2.6307403841071255 0.4889239503267449
4.043145286199013 0.2399271710604479 2.1938480056282956 0.4941488610498575
3.6837622519474102 0.19434778435583286 2.9233967753482135 0.39196023827432813
4.145934075007281 0.2664994105237562 1.993886214769052 0.5468539567622723
3.85398910778229 0.21311209944544654 2.5769694633561038 0.44042928197854747
4.1897561241663475 0.2561950646079343 1.9426848309433713 0.5143368939099059
3.796899875350329 0.18320374677248152 2.7269522180857564 0.36288739546422266
4.093458242549271 0.2865572952822083 2.1409591781552226 0.5926938454271621
3.8289547196217786 0.21695001492167368 2.6421132809286987 0.44513201661269236
4.160414179827802 0.23238276046745177 2.000566785607887 0.477511225292075
3.975221137867606 0.2788963033507918 2.330770625243904 0.5703055345815888
3.627626800023497 0.17533967877198886 3.062619117919791 0.3545640835123609
3.847901874738649 0.27566433527142176 2.5761330839751047 0.5628771503192161
3.9654609348278056 0.1802280529677913 2.409847260361076 0.36365088685259267
4.046962120127752 0.2581974175128235 2.1605093040304446 0.5331033611214195
4.065705046107629 0.23978242053923174 2.1334256612891798 0.5030250437973431
4.119295028741678 0.3022948152235204 2.068565959612191 0.6354216696141998
4.0277755695763675 0.22733366289958948 2.213746236340779 0.47115540958252994
3.963131221850136 0.22435497238571986 2.385525034232087 0.47648721414397754
4.077276034618266 0.2891240096534729 2.139698829937525 0.586362913129454
4.080773289799643 0.19553024347758965 2.1628413080165987 0.4031907053592552
3.742030225987956 0.23367858718514542 2.8414382493626977 0.48018512403612607
3.854025907918386 0.25119456210477425 2.6046592196005847 0.5141542133142315
3.8363083531053004 0.20549292468678274 2.6363388793365043 0.41344426925424144
3.569739600006682 0.20586513427442663 3.1986859020153453 0.4255361500986792
3.8739860124987975 0.19238961476070668 2.559276040352303 0.39384065369821863
3.9232783842305987 0.27172985791778853 2.4586679079011953 0.5571554352136999
3.933101732162307 0.2090477620954076 2.4634195988285383 0.42805585076728914
3.929245846755195 0.16410880542708117 2.4222797087927517 0.35718833286449986
3.7837848459454566 0.22100843491893252 2.7320088030994416 0.4569673585673229
4.110258592609223 0.26252436879961555 2.037729763871952 0.5418051396796385
3.8492217628799272 0.24373991839561793 2.6229494437323693 0.5004184799400654
3.9774524472423973 0.2513461892705735 2.362920345394172 0.5308931938219686
4.19347083957903 0.2916548326638219 1.8858018096997027 0.6046297531921203
4.127964475446591 0.2556689859569292 2.0267054220099316 0.5208201352160817
4.215201139590215 0.272481621705383 1.8496694475154531 0.5680573376457803
4.034009546728139 0.19075495736389067 2.253595545301316 0.3838319424453201
3.8803934199520267 0.18882612602514812 2.5282295476190564 0.3852979418335974
3.7752625720082973 0.31087303608838635 2.7460217782393457 0.6323924393679708
4.041671469981585 0.2522935047909817 2.1706630319072584 0.5174715367472411
4.017560588194987 0.23897125093986027 2.272001799680626 0.47691240957839376
4.047768309756098 0.2841432981840221 2.2009265657181096 0.5988034555494873
3.8735754321591926 0.21628830233111107 2.5397471476428715 0.44444166557220566
3.9332261148905725 0.20807899831268556 2.4248300436926105 0.43614950867353414
3.7437732803083152 0.240582799170149 2.8126260366884237 0.49517717733764155
3.984764967394064 0.27674956358558084 2.3636300584371144 0.5621709996275425
4.206874317584825 0.18709653968177323 1.8379036616889057 0.3793925331135718
3.760331530045627 0.20324420383200972 2.7819333797392485 0.4083597291007747
3.9419219053729186 0.23193262631983447 2.412654651628471 0.48211750793565045
3.8993206805752196 0.24049987092062 2.5225398975772255 0.48456353982436473
4.055728310237711 0.26547977637012493 2.1838214752918046 0.5476385181976434
3.862875932975642 0.22663037960336055 2.6042674949616256 0.4601295250824227
3.974925996818718 0.26455368091812204 2.3753062446151456 0.5392271476570134
4.330830724782982 0.2942784684504014 1.6308273671965194 0.6071311786570835
4.185882150006369 0.3254954938855533 1.9129330012083057 0.6637357012346001
3.854327720803558 0.2589155300685165 2.6055497853821126 0.5263037834787748
3.9309587054807817 0.22976969462678296 2.4067267717701863 0.45875597507551696
4.2110925316691485 0.2965076787488267 1.8736158682010415 0.6109769159936299
3.906890261450468 0.21777620004784526 2.514889801961602 0.45367302093231715
3.684247576532557 0.19908440436517885 2.932522780077953 0.40170015900006506
3.849348531270441 0.23482156005278612 2.633484810723215 0.47476735545686627
3.9332281571003733 0.21188534980171114 2.398536575991015 0.44978306048328465
3.8058850201869214 0.2671312490532225 2.6933256660870146 0.5533228675871664
3.920532919612433 0.26785632337322685 2.443070953785817 0.5564618728962873
3.7745489818735365 0.21185236536176996 2.774501502469583 0.43860650867625744
3.8128698706589295 0.21208344054184067 2.694285397241598 0.44039685700528153
3.671075131707913 0.20965921486731037 2.949788969078732 0.43148721230269793
3.9263533606848213 0.2599746798069906 2.4743602500715225 0.5281209800790581
4.041145345359805 0.249023389814055 2.2255700616679883 0.5098910493030131
4.06296155532369 0.2599891392666396 2.180794185584442 0.5234453895149022
4.065002558936211 0.2692812765188321 2.1640619175670834 0.5515486716980241
3.9890463050959717 0.212951011103246 2.3129235261229892 0.43363906277709996
4.067015642980361 0.29217487913105117 2.1574070838559702 0.6061645281160335
4.140504505971583 0.28537345716870993 2.063050696470082 0.5763633685740678
3.616640892118386 0.20780607181195698 3.072389130227677 0.4231355479462624
3.933136663281594 0.17425864573229943 2.4704083828557355 0.3463342682733573
3.9665184654843335 0.25362563418337175 2.395686863556521 0.52701648098759
3.87685943636102 0.23542320156704746 2.549238299195204 0.47994236764779696
3.938846235800109 0.216259458160064 2.429279898337619 0.44407606453615056
3.7229797085898424 0.21256906748171056 2.8549102736759377 0.4344481994264248
4.229117727772617 0.29971488579568634 1.8294837689013481 0.6196172522669515
3.813124354004561 0.20691823712399357 2.6843574805857386 0.421645938860443
4.066705150663935 0.25908792749929943 2.2058320365729385 0.5277065331780013
3.8318578222194883 0.22388584549069912 2.6081226994413202 0.4620806006084026
4.011362426037985 0.21076447845908533 2.2914054047450265 0.4201856715659865
3.839797851543663 0.19140604328218475 2.620400905745158 0.38778798877385184
4.2532174277143175 0.29380019383062755 1.7590838969299245 0.6088842643575
4.0161516782977955 0.23567552677401193 2.2524482544032596 0.4932249467712426
3.9630265607092 0.25976171260039665 2.3439208611440527 0.5299658420553439
3.8552245697818712 0.24102392782574483 2.596749097640786 0.48983096799180714
4.145151849053839 0.24567794059203993 1.9759096004939287 0.5130631444872679
4.203156724964026 0.26388098139814437 1.8397923956113325 0.5419584471498432
3.7772854745334743 0.20032649865456803 2.775767463952679 0.4177586615103177
3.9565571665161294 0.25650974126499665 2.4008249899307015 0.5239015924213507
4.003057161907069 0.2436819549404858 2.2720437662054005 0.4896514632595027
3.9547659954077927 0.28188397959048367 2.440530016289626 0.5682259314183415
4.072901388328489 0.24064240428432576 2.1308728905789374 0.495922996200411
4.089767710000316 0.2909289375304062 2.119903147473917 0.6029877265456693
4.293791178548645 0.25469026580781556 1.7325534312996833 0.5223737068905189
4.03850997011704 0.2471229883255204 2.259856180898816 0.5154228458686749
3.748890152819105 0.2944286075450943 2.779076332216036 0.6085170070817078
3.8957509129351604 0.235319285244888 2.508658726083617 0.48292305100923816
4.405599456943698 0.26055251381700123 1.5034165007927 0.5422160749513474
3.9003085172256586 0.2358913984524164 2.490666740621598 0.4931837744410353
4.070430308203341 0.24928731503061355 2.173409644914311 0.5117195452096739
4.096829356645152 0.24833345718379435 2.0886734001692995 0.5026689938591291
3.963296559405845 0.22593004523971755 2.393083309069545 0.4624360568866693
3.7724313756342527 0.19274713134575544 2.7566514696229465 0.39870657662973685
3.5893085799731765 0.23007159906050437 3.1218696338901495 0.4639095893519801
4.175837625163085 0.23726133028320223 1.959510820912561 0.4794280523277447
4.46727073105647 0.2441679056651383 1.3553693623419991 0.508850095687012
3.7583221177422845 0.19231820597693713 2.790169385558613 0.3914956818812079
4.199262981496566 0.30566091687975067 1.9126501262715145 0.6161154055057142
3.694582060881152 0.17957676094684483 2.9577535315248937 0.36059208082908356
3.863888067001519 0.24227888158850455 2.5885839371850348 0.49891282499002454
4.054384268036249 0.3100593370449386 2.1900518848695114 0.6302541313046492
3.80218425694032 0.2854095231089735 2.6960014105237455 0.5940999734423538
3.942424782695812 0.23429118784900435 2.4069541456692463 0.48833658804662183
3.924888320898816 0.1930101825494336 2.4325545829861297 0.4004706402088966
3.9289484427654857 0.21968852488428667 2.4508829695184997 0.4523093856364317
3.9247442794400174 0.16631804859126142 2.4899932657869 0.34220505593683453
4.169495432773587 0.3288291363468653 1.9421319870894367 0.674857653782242
3.8018136764052723 0.1823743789277198 2.6584599295986306 0.39045072954212817
3.8502517037220376 0.25760470843940486 2.6079420186998394 0.5154635871712662
3.8017061842617808 0.21324327332815765 2.7183636159103304 0.4444877368671382
3.7651597088274906 0.20139437900191298 2.7704293796046597 0.415263493205987
3.7859201484504768 0.19055659579453288 2.754089132650172 0.3965888375333481
4.023717389827658 0.23793740587077594 2.2167433398138208 0.4929722328208482
4.074538974577614 0.17279131809776735 2.18310139226611 0.3480234977844296
3.663569980410442 0.2347730081739419 2.968581628979167 0.4794794642067481
4.104856602501459 0.2647158818803017 2.0636253728679765 0.5481637936827308
3.7912913598029636 0.2008162659688756 2.7409982481806616 0.4092371596824879
3.733128936640475 0.24599255167032086 2.815760421983044 0.5055986828264497
4.070097433690583 0.20437648651410978 2.158879300865828 0.42931581794088103
3.8414831364347517 0.30363510004173433 2.660020522405698 0.6195375575448063
3.8983216733710573 0.2350306782055718 2.508155083410276 0.4875030554535789
4.233594228689125 0.3580175862247745 1.8248996078514437 0.725852147121968
3.5939276241464997 0.28400902017547286 3.1054818998338174 0.588665207874788
4.131460876524196 0.22842104980346925 2.057143311120783 0.47131292167617933
4.014150958085187 0.21631845049171178 2.333805849016489 0.44350325615914826
3.9829088700041586 0.23258735955495044 2.3389196461191397 0.4890017243296438
3.9682648390707396 0.2501564176056527 2.329834294556864 0.5034731482549649
3.7958179254256916 0.2286795631817051 2.6811043695614627 0.48316583996524026
3.803606123438736 0.25495743527227777 2.667868654766471 0.5200798329024902
3.88905712113917 0.22966582156337434 2.4861541652102384 0.47951428317926703
3.7462947266060986 0.20541512747154134 2.8114984716595384 0.41668078359598704
3.976601849748274 0.23206579156258697 2.3274513222033466 0.4870369281615533
3.919661960365392 0.25817009167059335 2.4676751389180827 0.531316394462465
3.9718615146666627 0.258523919729913 2.389136689462391 0.5250047821035656
4.262266246612401 0.30653067234807546 1.7398896032871565 0.6319575427000826
4.1088236491097 0.23682407849650497 2.062987237353709 0.4839614885163279
3.781757724496353 0.21445817476353649 2.726446192047905 0.43908739599199276
3.8859678411866687 0.23658015470420887 2.5195545236326 0.4911226589415062
3.822782021684845 0.22269210517649665 2.684741674050093 0.44965546916095833
4.001871243457919 0.28057721000149827 2.304577877583836 0.5706235609388541
4.251396254303896 0.2604623317590767 1.7767220617315709 0.5392736808975098
4.153283635171341 0.21942164411293455 1.9825503189693772 0.450808932199834
3.7478241651255737 0.18854137275004573 2.8585946850012065 0.388277162823341
3.6438627245833906 0.20456424036198573 3.0598302405946 0.4210320584913632
3.9440848082007425 0.21105813507873222 2.4193745079111864 0.4410671009726563
3.9692492559818575 0.24283785172968594 2.3899599822355286 0.5002539854634376
3.9277943765469905 0.22117262087547632 2.411765776768352 0.44678344922386126
3.900662614899898 0.2719549915118077 2.504920421421632 0.554857295161566
4.151957144463744 0.323326078504358 1.9632702735917604 0.6605884252885648
3.8506782273185687 0.26773637548701296 2.5651940619505025 0.5510792548252773
3.7402123022484375 0.16932172628190542 2.826712305530024 0.35534472073183676
4.077707718013202 0.21321733273993496 2.1018937072482675 0.435927152223044
3.74164864953273 0.21038006395340733 2.8674072413426277 0.43061602187250647
3.7122812257382174 0.19912124732200476 2.8895192647922734 0.4006908728133962
4.231269561732167 0.3001125374947462 1.8019624070884752 0.617281722722472
4.1487860603014965 0.34896393851841656 2.0023355392584437 0.7182109021095425
3.979729828075887 0.27419413451649893 2.353867737920174 0.5562491424921819
3.6086174190092297 0.22224626600650324 3.108556743344356 0.4595426943257671
4.204560671389164 0.28271112503343887 1.9169350632559783 0.5763793379352519
3.9845731875056525 0.24273552985989286 2.333666980554919 0.4955062312108848
3.769817378995315 0.29659322428495594 2.787922896152539 0.5945566088379849
3.8168259324415708 0.2166393150315796 2.638649623273392 0.44334142706428603
4.0099073572698956 0.1917100132387634 2.3069029826777356 0.3923128982200587
3.727296371402307 0.20876718689723175 2.8667438026409884 0.4292245245610113
3.8278581516108168 0.2870078244953533 2.6609769530183742 0.5833258882441908
3.93994868030863 0.22039297071115355 2.437012020957496 0.4503897989308862
3.9699784075617273 0.22392047875431004 2.3035076879233634 0.4686182391572228
3.811014049637802 0.21190936662133295 2.7175959535455005 0.44076680880193747
4.016074306027158 0.22966011293875035 2.251141354146907 0.4775780352582972
4.013184234515344 0.27535831521937526 2.2854254137786985 0.5738037779981714
3.939847067699351 0.2300294326560178 2.4256931284581675 0.4623977226716239
4.069461142672322 0.3013880327563315 2.200828810187394 0.6111174025596363
3.997014425224186 0.27095667452769273 2.303070042050082 0.5511570546488692
3.9460026920269415 0.27566786140935234 2.392997419729885 0.564005293701591
4.054481793201294 0.24814004161390057 2.192900291182635 0.52032388601095
3.8905710513657557 0.1902963006076972 2.585295743010873 0.39366503563211286
3.673115067382268 0.23828893875713214 2.9573021412619287 0.49176799535405824
4.201661250011586 0.2502786807003084 1.9097858232077696 0.5245503710926007
4.074002152657368 0.31296149995154476 2.2031182540550116 0.63941238153217
3.8724142251665485 0.2306391974460114 2.5554662084421693 0.47836111985586144
3.9060981799215613 0.2638065710042663 2.4845271928378834 0.5375750607727638
3.7132497164752665 0.1881168902321705 2.9003434036303006 0.38673417923323516
4.119238472660402 0.30573202616483586 2.0432451445794424 0.6331296375133375
3.963623774782561 0.204240654094188 2.371954549146436 0.4156362409825978
3.697264152628027 0.24886003950847382 2.92626295374129 0.5270266993011592
4.339138257860035 0.23487358559031588 1.5797790521954105 0.48330757901080645
3.8831707063222645 0.23526912745352538 2.5326532476232257 0.48157304286518005
4.1166586751139596 0.2281383030993752 2.066590572991432 0.46559388082914505
4.170910431539495 0.31516663072615275 1.9415128913383322 0.6553754796410829
3.8728086413292475 0.25724789309990387 2.5372823966139886 0.5148678215689662
4.312250354185035 0.24421806625139328 1.6790951494329085 0.4949354448343985
4.070936487777353 0.2692820545788416 2.165113571902957 0.5598602746677298
3.6738417732570277 0.24180021641662114 2.9859826124386495 0.5088987377431353
3.9453942965520485 0.2013345552485172 2.3896647384035337 0.411115229584744
4.059391361295278 0.2583119677324917 2.1851795615587593 0.5315075910223032
3.935138619691095 0.2117008985937543 2.4096959118939782 0.42539031372777647
3.9140585328908957 0.28608939816334 2.4905944656533103 0.5815249914230913
3.787930262068772 0.2025199725812709 2.7181456159166775 0.41406874336838606
4.160687212131439 0.22175462396385504 1.9683197943338189 0.44781993925680325
3.851420121335096 0.256050577135088 2.5969842076870613 0.5248024799811561
4.072395122941949 0.2886057839216739 2.1514656498108993 0.5787771888979942
3.76470861292477 0.19777406494663258 2.7733741892044774 0.40222882245053443
3.772282198311231 0.3137802698889709 2.7810689123862655 0.6407838502234013
3.833534199727562 0.21862325302785868 2.607989664966434 0.44450619493695476
3.887526800904167 0.2860811020970886 2.541723421681282 0.5956341577870772
4.02723342588704 0.2690311925839779 2.2564712639693143 0.5457322031810433
3.9514323747752 0.2395947007309105 2.429114798819671 0.49556549883113876
4.007538611363806 0.26620403778465296 2.257732648622003 0.5569669403587547
3.72069942941628 0.18556048428537217 2.8438461297074404 0.38838538832866976
4.0317672972018315 0.29088871124253046 2.226040585723129 0.608618063858814
4.267270428430914 0.21786330349051058 1.7511007988056992 0.4360416470680656
3.9611981233540874 0.231299167392577 2.4109520843624423 0.46763372481457544
4.022300787475168 0.22827922767027817 2.2621499442457376 0.47511498216224324
3.621420897739455 0.20810168310934327 3.0782795541822052 0.4241931380471596
4.085929570066776 0.2665058054158685 2.0908919014615943 0.5587129367640218
3.9212812442973553 0.23323748325181 2.488090898779406 0.4818993571965048
3.863047720259895 0.21097874641708836 2.5946599225968283 0.44135636593638883
4.004256830766213 0.33226081711137434 2.3301223386709946 0.6941722256182907
4.323728185195443 0.3267779848946105 1.6138921375932325 0.6708114904285174
3.995721713762745 0.2756134520697727 2.27589590782754 0.5601223216488671
4.003048639389933 0.23895479001886338 2.263409405057943 0.49713315185760726
3.9222372005147417 0.26363374186501776 2.471726732559234 0.542141197590443
4.131046871495357 0.2697163647535348 2.0215047798061185 0.5566814777569817
3.9635694366397107 0.2826756941412974 2.381238165143599 0.5875122893553013
4.102450487108309 0.3106145311938615 2.068585398197572 0.6500862664517297
4.193426924132255 0.2562061600224728 1.9368232514363304 0.5293968300854681
3.875360292825271 0.24514621759698027 2.571202145490613 0.49722045816416277
3.9282145918999376 0.24200734219889716 2.4343909896253724 0.4945369470732696
3.865176911499927 0.201379815202622 2.5745899632244518 0.418129681327112
3.678237841974165 0.18047089442537737 2.935533201657381 0.3693770795774869
4.02690700832008 0.24986673381220298 2.2294568767002856 0.5056636055697753
3.821726592477585 0.2967870897541393 2.665123211207929 0.6115702822514086
3.8859759519506385 0.21207811485564884 2.564571757565842 0.43361594499586026
3.9764236076840973 0.24735782501154757 2.370130216455216 0.5192967928830303
4.034640327905814 0.22763662570013252 2.1963693244733173 0.47933972460183394
4.138092447548964 0.26110474045317167 2.0695429888925383 0.5308721609628553
3.6769886347461824 0.24469965803943364 2.973791093488579 0.5026277529557293
4.100079183529063 0.2610339457110957 2.0524019780538696 0.5393790078155133
3.8891244088350194 0.22440791482689726 2.544367258406858 0.4626510878273573
3.79490156869777 0.25460079059171664 2.7123364015478897 0.5289095188005198
4.059760051885819 0.16200511756187014 2.1712392168020527 0.3392924695838266
3.9760767992572603 0.23116222565943984 2.3116925853908725 0.47906404023827626
3.9509125517032455 0.24483521800508504 2.435523617907095 0.49945398813951225
3.9049744902966053 0.23577141527319667 2.468135439973425 0.48426686372279176
3.7832262025752934 0.23435747357845288 2.736468769285433 0.4758779106798329
3.881920249030646 0.2142486393541852 2.5212496670607814 0.4400704824645032
3.8339556349709345 0.23906504860146935 2.6637659248770573 0.48760084851346625
4.058683242823253 0.297710916936702 2.1751636481938736 0.6196069630905707
3.6963048945263415 0.2500223139496814 2.939132008565892 0.5090190428072894
3.8950747612778933 0.22849445706125304 2.5015934373095607 0.4722862613933576
3.9475787476779227 0.247268890086339 2.4289437524223505 0.5077093026459473
4.335380090563819 0.2624279505931803 1.6408397714846592 0.5396660780373042
3.998635837518386 0.25501555703918877 2.293731270472073 0.5274269195392355
