1.1680993970838294 0.2072640610778409 8.082436090137112 0.4307823895528228
1.0937377844595413 0.21180245576567835 8.20789272705009 0.43286037708316055
1.154688684021135 0.24523823060352132 8.201769599873023 0.5036201105470688
1.13314754917747 0.19401238957112313 8.159653890697575 0.39997174244032924
1.0982831766027394 0.20160632284164695 8.21078383659875 0.4148414866157061
1.0243337267469292 0.20478907878563446 8.43468379581204 0.41941903852528223
1.2819297127819738 0.20078526570154395 7.8916836216009205 0.41632051610634524
0.9605208288674236 0.20021031972756664 8.559275974192783 0.41846114608095814
1.121322763385769 0.20401800276893775 8.217229682130437 0.416135277531066
1.0926173840898143 0.20569672908968614 8.24115605680349 0.4319517234812193
1.219553709628551 0.20348291080627476 7.94535822992205 0.4156563388147263
1.0169364002687311 0.230616582032174 8.462038919770965 0.4744631199448316
1.135670554237152 0.24414968317070346 8.20955577611036 0.49986782336570684
1.242695637145125 0.22464392575086592 7.950131303566049 0.4589171408660087
0.8626929364429115 0.21131460291611967 8.70537636482341 0.44025572868416857
0.9808471447569977 0.23530599369891575 8.440517241860906 0.48224534833511823
1.0263257192217021 0.2051729360470712 8.372861451072467 0.4219632446428446
0.911546892704021 0.23112020410702944 8.610033513962309 0.47398566479712406
1.0468408284397208 0.22228036303470947 8.380848881571861 0.45674094767331935
1.0919996478179665 0.221002017191026 8.23708513139155 0.4581915922140392
1.247163516229655 0.23767583787005764 7.893958091704557 0.4963778425287198
1.3664585963256004 0.21728012368668354 7.64943425352438 0.44834025227961316
1.2053405828815156 0.2228506934864685 7.968555018298357 0.4579216776138816
1.1247885359213463 0.22493712512798383 8.160336199025775 0.46442875887536444
1.1575878704314695 0.21264839817828643 8.105944290132323 0.4341767452206548
1.0709950301738829 0.20600796241564243 8.296311405340553 0.4200232537995747
0.9871315929957551 0.21716584285343293 8.376844172930554 0.4470275071697296
1.1250011455169713 0.19371081829345507 8.126360343891985 0.3986318604238642
1.0751439616396095 0.1855294549994193 8.342136919594047 0.3862877370513488
0.9612347821621681 0.20163048602159872 8.494127627652304 0.4175862474430821
1.1581801622894805 0.1926504150027175 8.0969960634636 0.4013016261713566
1.2388956584351267 0.21094793953792984 7.989905133787224 0.4333586452979343
0.9913894266576329 0.22132564589966064 8.515253276856289 0.4538880603813795
1.2791407016622698 0.19390749237168542 7.878397290686319 0.4029738135368589
0.967399593190799 0.2236501151133505 8.48165667684176 0.4608979554578059
1.0738971121183876 0.1944664654971588 8.317542455285928 0.4042633894273674
1.2013181416659209 0.1914997629954701 8.099359039390622 0.39484226504139014
1.1695062817752375 0.20848399334799614 8.126859247196514 0.4312892680358943
1.1000450976734113 0.20844564938280485 8.313620256620782 0.43200311878785486
1.1484996629528934 0.1992181101496723 8.052440992420706 0.40914354866396624
1.1519422842676648 0.2303855941747523 8.165061946950713 0.4774026180046302
1.1866498513556933 0.20348208434948778 8.041946615192888 0.41482556883785104
1.1359038205673884 0.2262976742383103 8.13817647808138 0.46848395441436075
1.0765810875009822 0.2037954218321429 8.352582190853212 0.4190422145372977
1.1747255361332358 0.2150890358220189 8.123228704794226 0.4483215958212931
1.0863605003225059 0.2141812071252746 8.26807966582832 0.44418562480977924
1.1747528846048731 0.25219529214271774 8.091523332304634 0.5173832785274805
1.2296231030580078 0.21918858731271867 8.019139614036519 0.45527787177226725
1.3113253250534838 0.22626866800933343 7.797908053361777 0.471822430140879
1.1241965937490521 0.22682053367473815 8.219505912051318 0.46954530507125675
1.2136724371388308 0.21011610678662235 7.8873432056977855 0.43667680861733793
1.1297085999170817 0.19018718633474935 8.06453903786937 0.39985453536527127
1.2460312252453876 0.2103029316896007 7.936645994487266 0.43407903227999434
1.0258593697061995 0.21211642649168122 8.365521013330673 0.43459131985756055
1.3385456383475645 0.20679950380773385 7.737398794820406 0.4280649742798376
1.3594537882999638 0.21058425887587046 7.717991533782518 0.43273391414269236
1.0736833924026068 0.22151124455747134 8.33617263801376 0.46147643345653216
1.131872315186579 0.23501065748219963 8.255474310868195 0.4910482747386925
1.2292084414508988 0.22324083644890513 8.018356103104775 0.4540288361900642
1.2857202392147933 0.20727669639680898 7.802956402072004 0.42933824215706007
1.2316997881335467 0.20843719805071387 7.958073841578325 0.42934997265352387
0.9371014271677494 0.21540787556491472 8.499040659375167 0.4483930109988728
1.103675929188861 0.25464158199556297 8.24858707794567 0.5262411671229787
1.219186042004434 0.21920297052632326 7.929016222868947 0.4501131688627331
0.9950998038782749 0.21043615560209616 8.4995732637243 0.4345603730074638
1.1359866806370007 0.2005559886762056 8.181836763787697 0.410737304714771
1.0227125943765545 0.22451672682518606 8.454614875218768 0.4644193551676813
1.1796507955555082 0.2223732275118329 8.073589392501631 0.4564583153905182
1.0553286238262625 0.19994931093300836 8.329986138705703 0.40961695000508624
1.1138259203339902 0.2476584329443099 8.175708160160724 0.5111008592807562
1.1666564519036133 0.21433218641200058 8.036996887441163 0.4450654018029123
1.0077948629539115 0.21981629755177776 8.455335203789746 0.4545752391447044
1.173074834160975 0.21607021677136343 8.0806741935033 0.43179465101013975
1.295217904465901 0.23107057611527118 7.89031325134017 0.47784424051358204
1.2886232917957123 0.20750126597454965 7.799998745690971 0.43406838413913135
1.1377185242877146 0.23479763120502323 8.17237874422582 0.4828344012026053
0.9731892277886277 0.23468497374424516 8.491909481192927 0.48685074643621307
1.1010385706853207 0.22194400467936762 8.23756356366544 0.4572681868029566
1.2325784415508039 0.22455710225605333 7.987946447932909 0.4592510424727616
1.249542259651247 0.2094833374775925 8.021723771321561 0.4341572515048782
1.2706598425608502 0.21034925298205978 7.8928539207852575 0.44113727109288525
1.189434382482793 0.20245818690697895 8.057535800495092 0.4195247329925227
1.4562832251282996 0.20622821779116643 7.494746632393641 0.43231791376078704
1.3464691455857523 0.19780900391952597 7.825916413428021 0.40533391974375743
1.0857490549322732 0.19548069800527101 8.285066487620824 0.40155708286668457
1.222630040353132 0.23930247397778132 8.048772822796003 0.488529320190262
1.0867401560501673 0.21480835367202103 8.29703670251325 0.44433183041213103
1.2812191222814295 0.2168594589834942 7.852819127838578 0.4538531819558363
1.1580939053136032 0.2408311304776828 8.131483455036186 0.49099159042000695
1.2401169322436174 0.21148596400295533 7.961445416269532 0.43889815045617636
1.1117611092101616 0.22023663241441063 8.192795975368698 0.4544492306408609
0.9566448820175351 0.20821661876080144 8.5916952131581 0.4303223819838954
1.0025888054548036 0.20682039654380852 8.5206715075432 0.42682903424943863
1.2443682415699393 0.2108448458605254 7.9460925231517505 0.43260082993672966
1.3723633066344243 0.21218891793904765 7.673173651286046 0.44094406711512707
1.0164998316556784 0.22199726281001872 8.412160034083374 0.4660672665924437
0.9250317835003442 0.21130218641836088 8.652090754711917 0.44089179422109226
0.9063407473192708 0.213115679581487 8.652346864174499 0.44730215063340795
1.2130468457322146 0.22934921425478746 8.021281420604268 0.47730026664206215
1.1097683162261383 0.18829811838079216 8.13761116795554 0.3874535994053044
1.192464578002808 0.20577587355337534 7.977118370291354 0.42858560704967547
0.9633096131482711 0.2185153154583062 8.495964822341438 0.45586878564276806
1.4445314785501502 0.22441445145061867 7.528894718640663 0.4612657168085204
1.0018337621752895 0.1985406046853179 8.531768519422604 0.40677976943250677
1.0700277565972873 0.2029622113423896 8.375652315698268 0.4282027930831786
1.1935643568143903 0.20253467520672655 8.04947352159741 0.42095576442556265
1.2835039604145266 0.20933973006308887 7.847438885711297 0.43940634109922927
1.044151661369421 0.2180284490738966 8.336806049476355 0.4442983733091316
0.9492978736343973 0.21550424490373404 8.53968411623977 0.442147653463243
1.030501559806734 0.22782933130539398 8.333318363659616 0.46333516920324325
1.2192471144431924 0.23498372636952597 8.030259052711326 0.4875698404400425
1.0896864081889523 0.23100532690626457 8.327142425372248 0.4786743917646014
1.0374192321640021 0.18745946696985333 8.356166562384855 0.385747345900584
0.9274664363477018 0.21381521672904158 8.607365703915061 0.4373405445772982
1.1917271896372004 0.2164341176217441 8.089334688630615 0.4452839082913548
0.9559248963962297 0.2154839708118607 8.48823974434211 0.4393888536058159
1.227815337154369 0.2208929337613877 7.936283684178674 0.4507367951455002
1.1120525830310228 0.22520537014548433 8.292932685356575 0.46652059536198187
1.134868045977661 0.2154220947465698 8.163119230568388 0.439856017684353
0.9980638171747696 0.19054535698716435 8.457057788274849 0.393867038171951
1.047804891493759 0.2146674424578453 8.308740998358996 0.4496112103578914
1.1932649975692318 0.21356737576306034 8.09753790603214 0.4455925578863189
1.2824570253230645 0.23176840070803073 7.986441337479139 0.4785666574508636
1.2662065501735238 0.21467838354442367 7.892283372298287 0.4461236077886861
0.9618550051546007 0.22385954646273257 8.544223123801578 0.4693971716364637
1.209833042892065 0.21734660145650805 8.085525877316744 0.44708344726536753
1.1550099199903876 0.2147973139275612 8.091051038210878 0.4391438742580928
1.093249785365906 0.24700208959153339 8.25988973919366 0.503703989512871
1.2481661823048082 0.20715499289557293 7.979392842511331 0.4292909764339173
1.1617080329307452 0.2021476207964921 8.182061812507694 0.41833460276304885
1.1230570282884376 0.19320892679581866 8.284326003476727 0.4023870445288424
1.1556167997091948 0.20854933361561456 8.199103998410699 0.43354000574260404
1.0184101854816405 0.23028113211982237 8.385197371361308 0.4704443710590553
0.9874702160822734 0.23024515085863512 8.481300964782475 0.47760630337109394
1.210418410457037 0.22141566965788675 8.039425828804555 0.4522973342414324
1.196566113640017 0.19022047128357966 8.045583672994287 0.3949090894612862
1.23158194846999 0.1917040644736737 7.927790074013029 0.39685538873850573
1.1540103302195777 0.2094044299745479 8.149947406872899 0.4259025333141313
0.8154565262317913 0.21705377231250142 8.796175360005535 0.4543940068524726
1.2166627709822273 0.1890492964983922 8.038187999355106 0.3945831420666981
1.2323643739098966 0.21424896113367767 8.020584630706562 0.4441783130533483
0.9576135950191614 0.20590328182493042 8.504340427708545 0.42466554488616504
1.1369908990996032 0.2171692280622116 8.13105994628631 0.453390646056681
1.0333421922931287 0.2156011349001444 8.401229966693895 0.4459937189057791
1.1661249574068262 0.1896200309549175 8.106711969058573 0.39289613197211826
1.313515378749524 0.1955158294896604 7.809086463827192 0.40411835059880397
1.2638548122324451 0.20026409214285992 7.886729713757954 0.4149853338081579
0.9951633281775306 0.22124262103087422 8.43648471458735 0.4581946346187684
1.0752104587988744 0.238790493488549 8.272787022391839 0.492913614286716
1.0238435405871038 0.22902047958184313 8.418085963809576 0.4707297878071335
1.144441307697301 0.20770056861953143 8.079062593120636 0.4361016916664434
1.0563971858475103 0.1858822777600961 8.355729543051106 0.3856178771857775
1.1096086321612688 0.2244183713429304 8.180156534541812 0.47405459400624955
1.1000336959981756 0.20331085893123527 8.291342097415146 0.42261521352908793
1.0445908781678988 0.2280440380185802 8.278306571619192 0.471404614361894
1.1102527935148148 0.24334480449457874 8.221111339447756 0.506152194261347
1.2078866409086968 0.2241984181698434 7.973286503683541 0.4634497394671186
1.1438957976006048 0.21275691102768732 8.168101808933212 0.43751141723172615
1.329129057730659 0.22630650361202942 7.768964714958433 0.4650680474547742
0.8629916782146558 0.22033273812989715 8.817837148877551 0.4566421067352752
1.292446715534997 0.19432247497235347 7.915951210780214 0.40466457090309915
0.989587807935492 0.22321763351575236 8.460679340147157 0.45620750574041047
1.2891337514038683 0.20476691490299093 7.871380102573044 0.42576489612349866
0.9777519287011753 0.20318431034390907 8.467925007472743 0.4207905200691652
1.1711232448620055 0.2414183898132046 8.157636800825193 0.49973818800774067
1.1224073498664633 0.222299930560132 8.144106110813539 0.4623469444588544
0.913581363360465 0.19815741404535628 8.550357396167307 0.4124139635234606
1.1464038362078028 0.22113860842017957 8.126025832335575 0.45221654545096035
1.112680388555606 0.2049313314116696 8.294737591866589 0.4334014798359737
1.15557415417083 0.21097190264224047 8.156803553528166 0.4343544136487456
1.0722705107143229 0.22427353318811077 8.24534383839218 0.4581296117916379
0.860378989883827 0.23546697729102342 8.797843928779933 0.4853240899797498
0.9745425441284318 0.20209765982022265 8.41700836132414 0.4212499949346216
1.0232435695218463 0.21718153522911304 8.413940086265725 0.4517183892112365
1.1507810949416082 0.21807387180606602 8.168804197476458 0.4413945760916134
1.1154036647001855 0.21718503575390513 8.222438875895556 0.44560489559713257
1.0276263495476123 0.21213063452596093 8.30012342769737 0.434871961652339
1.3107317882922618 0.221435074609955 7.764374787011258 0.46285527663503917
1.0263542640234333 0.2235401948441898 8.369447347865108 0.4584081628031964
1.0372398549381048 0.21345600067536113 8.357356634642294 0.4402719843797899
0.9816322369321895 0.21837107400257944 8.506246550310674 0.44844177648338746
1.0775866715810158 0.2008482927951339 8.233625452037055 0.41744006418373847
1.0606932088818033 0.23219207222397034 8.230664575211385 0.4777885632656296
1.059789197934517 0.21052962651637505 8.328943739992633 0.43780417526748394
1.2752899502521524 0.2122940630525694 7.835907519041903 0.44124153975703595
1.1082595354519307 0.1988424394193062 8.179953847446004 0.41491951543907385
1.2008228975139459 0.2084793319584864 8.031356544794104 0.42401943878512477
1.3185354905235998 0.21955834708458316 7.9079706017436715 0.45366801000967155
0.8984403313832643 0.1980943936478149 8.696365651571707 0.4046194756336581
1.0308822238585442 0.19372969707241025 8.348633172748148 0.39925762874007636
1.1960096547291008 0.24011431855994914 8.053136143879268 0.49080495028730925
0.8388485120255942 0.24134211514025006 8.800370333219306 0.5037171608999338
1.0266038226583856 0.22266854595135788 8.38692194386737 0.4602324763499593
1.2002908897231739 0.2209057572898776 8.102748010593842 0.46083903707867013
1.0531076961050716 0.22577702537112745 8.392480218604817 0.46775473449105864
1.1826058401947164 0.19640551116437868 8.103116338876266 0.40682271586051594
1.139465589376187 0.20334183892156482 8.135823991866921 0.4216501620112272
1.1059414954505833 0.21211308406662854 8.237914509777493 0.44200328990483057
1.1927049752135612 0.21319886422402518 8.1075425722873 0.4352983064692621
1.1718996738172858 0.21910003328941816 8.069637384536655 0.45575045545085546
1.044368118925877 0.22863795092889638 8.298129332390632 0.47366920544008273
1.4401882134580062 0.19117367395314616 7.599460531823772 0.39005822937069806
1.245061457413694 0.22307225835875685 7.961635452254418 0.46212179164613265
1.0488872075378004 0.22863051144097724 8.396951359829924 0.47088671383210334
1.097607126506078 0.23616264883913632 8.244758560227915 0.49236470667423987
1.1910538688877108 0.2132055242233419 8.149299096684548 0.4492627417493876
1.4227597664005973 0.2131452586125001 7.549362194227696 0.44188583780728286
1.0290149519522274 0.21903395857449257 8.418478322950538 0.45821668861519016
1.2705348621616817 0.20104311606827915 7.931577066858642 0.4155184430102231
1.0214815964804371 0.23543624549797362 8.471468306546775 0.4887062288512968
1.2898691757808605 0.19226815653086884 7.850833447973141 0.39757138530931485
1.1158840978448334 0.20337436560363983 8.166769113708867 0.42824741172176406
1.0753853706369654 0.19825545058530838 8.281040603390938 0.40727040481471244
1.1292058089819181 0.2237815714699383 8.232203945732728 0.46449610955963333
1.0822451091675203 0.21113311116216138 8.206582436790537 0.4420575612418752
1.0928286877090607 0.22193320914219217 8.196571573374412 0.45139365174684226
1.0479635892001884 0.2264844819210557 8.392291933152578 0.4688320815812162
1.0167324641365934 0.216713635324437 8.391306768636703 0.44496653637818107
1.3033328000867372 0.23215096173784217 7.843548866799734 0.4799954133738353
0.9734919620318805 0.21452290333654017 8.461878290584218 0.44181909862271335
1.2062230613112936 0.203253819924069 8.068953342170865 0.42715988126861704
1.2151936177406397 0.20239252691078613 7.973228637765581 0.42012568285568846
1.1690855999733087 0.21702213749189664 8.195603229593633 0.4527862940709934
1.2724586066796917 0.20377242090326264 7.954044909912823 0.41702908489371654
0.9913664038825538 0.2169349503028328 8.473530911988863 0.45787359346393613
1.396522692222535 0.21977623524377782 7.6320982341051185 0.45745088437566933
1.1517251530825974 0.2180273354320175 8.12589117289125 0.44901535693740147
1.2765949538410837 0.2147603283911229 7.89056920740131 0.44253606936054285
1.1108316390361506 0.22177271102870286 8.245859381308527 0.45583023765245734
1.0233164182775458 0.20396289300167325 8.320348033871959 0.42253288405881817
1.1168913236600422 0.19212167475899125 8.151424380612145 0.3988801387454212
1.2352839682669363 0.20577414403891933 7.992082647797763 0.42793335066152904
1.236874047184389 0.21943585400678126 7.983080145680343 0.4499814023043257
1.1595794195297315 0.22696471859647946 8.13849497058114 0.46420978601447044
1.2397509010653633 0.20698257752718002 7.857663543820339 0.43576235776055094
1.0956157928215913 0.21826927715534528 8.282829204671163 0.45542539264839954
1.194781884158632 0.2122888458732193 8.052505556760648 0.4382907342474324
1.0632934962762866 0.21462029839523697 8.351908315165565 0.44693874924753885
1.0340712867099215 0.2045185680344518 8.406188790833163 0.4263108237185893
0.9512900187879263 0.22191328904383714 8.547063020342083 0.47053699751853767
0.9682367243885168 0.19636052570634746 8.55667044849898 0.40876562691049195
1.3056996500723341 0.2022118580426049 7.769527160844458 0.41730017663339253
1.0098948101227783 0.22203443594677633 8.465236288668873 0.46069580496635987
1.148597346666243 0.20613946354027765 8.107745122488247 0.4237704573312496
0.9488145983818301 0.2312438101030891 8.603007462886016 0.48096289888178345
1.139848105173742 0.22568387018563676 8.14519065260166 0.47000589012362193
1.0727908485834758 0.23476960602075886 8.33157459822062 0.4796078161699806
1.1381790262986926 0.208265016152247 8.163435685509878 0.42873597336620656
1.2282104192109475 0.21601478662551332 7.998844738559956 0.4456665600844785
0.970515678460727 0.23249301566389913 8.518687764590588 0.48343262995455927
1.2288957793681698 0.21636918540040728 8.043326677088592 0.44814849164831405
1.0393541925010914 0.1936632092258842 8.35727962467988 0.3978024376118305
0.9752235101402214 0.2053169317378893 8.408427348432976 0.4242157081377256
1.1385828724924252 0.2281849232780057 8.171921576326117 0.4675649983700846
1.0804673953695785 0.20491660847602486 8.291183723897976 0.4268676688135328
1.0044948444614104 0.22931166262740288 8.461280561710492 0.4686593664258622
1.0169037397618519 0.22193791586249223 8.509056008128976 0.4616709984649474
1.1604396026481305 0.19954426324697808 8.108073360871112 0.4109363169071805
0.9823395371945309 0.20707075899965635 8.463046037810493 0.4258647750436299
1.1656420589384913 0.20147306831734843 8.120723261145638 0.41982239808214317
1.193148275147061 0.21722064126489002 8.032778752500285 0.45012774979846937
0.9741235289325205 0.21447317841982744 8.520094539849252 0.442714514117487
1.1684073855165897 0.22891765776777243 8.119422721178225 0.47141069465706686
1.172430771529728 0.21192339082578235 8.076439577022338 0.4470810805037107
1.2869191422559654 0.20730864536629778 7.909043300107841 0.43354857749958736
1.2392429436529513 0.21687048696550076 8.026636440245223 0.4437366079599708
0.9771500869280463 0.19822438288064076 8.466258503771272 0.4053971263631551
1.0120420584192984 0.21509840365276467 8.499815014949126 0.4480981376636123
0.9174906615134608 0.20148460870389936 8.634097189378865 0.4249038474583054
1.0078363773839745 0.20392438704085702 8.410463859764134 0.42002161330993
1.3054817728186316 0.23008559372677764 7.825368258304251 0.4766229336354901
1.166523138788358 0.231564232287719 8.065223532866991 0.479326550605016
0.9401192719951281 0.2080360352191834 8.532000530122033 0.4339862606028756
0.9551182137633727 0.22122273653741287 8.590214632734057 0.4504707953052617
0.8893238639151658 0.21859489064745943 8.715769531197658 0.44778309093218116
1.3692333644357362 0.2097823963399867 7.705504777262965 0.4300588173544195
0.9584506931505564 0.21015652445645133 8.552389907667036 0.4311440071258565
1.1932835002482909 0.2341516921687048 8.095127009456185 0.47955383991260647
1.149152723375631 0.2157464047890468 8.181167069260338 0.4424267759662783
1.0230991129617912 0.2099036825575479 8.350509652150642 0.4403607855026299
1.1784177117354204 0.20309904616460153 8.127381672982395 0.41728948841285485
1.165027702400179 0.23446990935534315 8.045384195989893 0.4784987657336193
0.9864897368683239 0.21528162335145126 8.529914744842436 0.44563826523023037
1.0411503917436802 0.21172662737301862 8.315416703340642 0.43872874152383207
0.9163163889385186 0.19399796933347827 8.693230311125333 0.4017241131333199
0.9640199320961422 0.23138588692251139 8.559232706683906 0.48127140911356
1.246217813925911 0.2135514802730716 7.963800983248294 0.4437338326459628
1.2468708494431993 0.19667506072614604 7.916010212070195 0.4082035131747348
1.0860621754894855 0.23392777369629103 8.22811765923994 0.47985421349497354
1.203372625011598 0.21230708543416135 8.098112873431905 0.4342207868129479
1.004237026102516 0.19371860009945785 8.442242235328871 0.39921610172010935
1.1647709805130566 0.22822172195992738 8.139286797895757 0.4724046155515821
1.0094648085610385 0.20678747187475713 8.456574291486763 0.42837335926292586
1.085608502959946 0.22873254216374964 8.255584691942254 0.46689476134305835
1.396234195895708 0.217070827295116 7.702526522417223 0.4482450189576134
0.9600843952988494 0.2191157799627344 8.51772225699167 0.45159022602132814
1.184136026821977 0.22808905819172304 8.046161042969015 0.46779118058456676
1.0261443941067885 0.20088843901615708 8.46297851772156 0.41265663466321895
1.2927824057457509 0.21821449921528976 7.833052747184705 0.45422458754633027
1.1407491389250848 0.2153162675185097 8.15888018367458 0.43904459293021353
1.202495342877593 0.21870666939642786 8.069400587101724 0.4514686421156233
1.147879608364736 0.2049148388156012 8.210658502195766 0.4230035826136981
1.2518079329746785 0.2095420551778437 7.912310468086866 0.44097498825300974
1.2176574214184692 0.2187082927122012 7.935013054328476 0.45182597849825085
1.0794847412653308 0.23548573339334133 8.324352252898805 0.48397617957324396
1.124848405763381 0.20734095755803622 8.215616044043278 0.43109412586895324
1.1358435372162532 0.1847826147989334 8.221650990550039 0.38158130683100516
0.9755384369438606 0.20397632221477888 8.494815656215021 0.4186074572373792
1.1132500780322128 0.24245337227925426 8.249044771038403 0.5048590638326222
1.0913955555063724 0.20615291255157453 8.303837309937746 0.4255463155160895
1.0753411798403119 0.22191829336450097 8.292516021741536 0.46729963704863137
0.9139904504135918 0.2515026094552962 8.558821952423106 0.5168201067498138
1.142474795253735 0.2104170902774477 8.16665612551655 0.4316278364742751
0.9120146647848644 0.20624563502388057 8.66460672021299 0.432758397785658
1.2089157917089137 0.21701893408571388 7.946081298835651 0.4542461057286654
1.3816447174851734 0.20617022060186196 7.7429016258815135 0.42655638639919174
1.1729389730502549 0.21989927743213045 8.128575579263575 0.45701251200454884
1.121114921452138 0.2294174636691113 8.187230452185304 0.4624047838149691
1.363594364795282 0.2357250734179625 7.740270731497558 0.4899830990091471
1.083103484368154 0.23997006955179812 8.234566433969425 0.49012334011508113
0.9307324524473926 0.22416506695993285 8.597203941420346 0.46578531040741905
1.0633433374000572 0.23580954458549822 8.283650865281665 0.4938176804191845
1.0207024778915503 0.20684274679283507 8.355604870956082 0.4161462784602269
1.2405024288732696 0.22912863540232686 8.017211573318065 0.48322908407552634
1.2308148733866355 0.22151768556535748 8.004294433456288 0.4584109514875816
0.9966253511366094 0.22730558316823227 8.480519484899663 0.4726081951089571
1.1502133889944095 0.22255487428031356 8.16100389427879 0.4643494026317034
0.9448782415911059 0.22829079309702946 8.576454573130501 0.4801955015027832
1.2760459044879182 0.20460336656006153 7.801754271792504 0.4252702270609006
1.289038435471453 0.20237383872394424 7.8308027028407 0.42142784103207287
1.3170284318519077 0.21427403409290957 7.706866994173305 0.44810121283739784
1.0992513893813252 0.22486024135532742 8.242038244952296 0.4680796776520619
1.0294698646871656 0.21077987318244076 8.36705288610911 0.43057458474296334
1.242853641540958 0.20690256767348614 7.983638347923665 0.4261283562230689
1.101248201491497 0.25713172077960095 8.261332698256435 0.5400675229588388
1.2510013358455385 0.2148883954080115 7.94247112386964 0.44704367304844067
1.3007295031066295 0.19925301755127656 7.807380248749375 0.4075624739110975
0.9683139918285766 0.22284945230646522 8.524388807592253 0.4648059080415607
1.0298792476857674 0.1896667748624492 8.426950134441803 0.39162195601494215
0.9911120886144575 0.21774559976166047 8.488567032590042 0.4424088049511118
1.198186043288138 0.22071164571982088 8.039162747036706 0.4610426686431142
1.0882680916095442 0.2034067078942149 8.339696549513002 0.42017894795992766
1.2760358424959926 0.21765362610708242 7.849136846809532 0.4511500376880096
1.1201709193235718 0.21339512227064725 8.220134322317639 0.44293284896909774
1.1478985758688345 0.2383570036369565 8.148649167107662 0.4963989841964731
1.06555927953957 0.23695618974264454 8.330627805755626 0.4902443204841938
1.3124916489655565 0.2034293224520483 7.867621462263884 0.4111563733489159
1.130133653047794 0.2134899623925812 8.17440252976449 0.4457487808246097
1.295160673530387 0.22044862258173695 7.812522560370386 0.457549372511061
1.0647666285900041 0.21220275742000724 8.265025966003407 0.4416212872026762
1.3736734407941613 0.256325978225874 7.67151650711235 0.5298840691806733
0.8530126375799638 0.22986789528519402 8.758230994296596 0.4759831497316734
1.0210910821659218 0.20156431070994596 8.370275945049215 0.41871466306191124
0.9540620365344272 0.2232850001869605 8.559568553359806 0.4638444190931742
1.0227298435320198 0.21202187303407743 8.442251684797641 0.44293723923058503
1.005645775462806 0.21326865844607382 8.384530469296255 0.4433915614172312
1.1456133562540725 0.19682540998169226 8.108342475888925 0.4088510113163576
1.4223492609566184 0.19984930045157465 7.592352948047925 0.40997432029696895
1.1586902471938223 0.21820635722273013 8.146534430301067 0.4536432320828714
1.0438552594293697 0.21862739511954665 8.328862431034082 0.44908948651385905
1.2318877787610036 0.2070752557856045 7.985235759363459 0.4315888064643711
0.7786845450662335 0.24716674901496818 8.92552104926875 0.512421105689456
1.0532559279989981 0.21016406720510097 8.310164681255841 0.4427645825383429
1.3500119551375493 0.19863231452522317 7.751033117364597 0.4105104699306119
1.1814853260538982 0.20604762698426368 8.059060690859695 0.4212174141230365
0.907983130441208 0.2210734478579193 8.641300107387256 0.45706137878864184
1.1218101844192971 0.2354419273178647 8.228844629608817 0.49380883501361933
1.162747433736294 0.2001108201224895 8.142270434395497 0.4140158543051447
1.0232158726857734 0.21539296553500173 8.47574068301504 0.4483260622559051
1.0646139328496975 0.21047415686031729 8.346144460061886 0.4371770604683414
1.1771764696649367 0.21308046747878373 8.114460419379824 0.43883712223362475
1.0314136596575838 0.22402113716191316 8.3590582424856 0.47117404490644427
0.9039792810551254 0.22247486785125697 8.678004911120581 0.4578092002358963
1.1295431510700014 0.22614200301517087 8.159202541963584 0.46781482641481337
1.14201642372272 0.22441431363966444 8.1562220961078 0.46256967467653926
1.0984742679392512 0.20933387959436742 8.225468485516046 0.4282897577039415
1.108601918107604 0.20727479702786783 8.196138834503365 0.427137862701531
1.1162278036994637 0.24327172299702382 8.18766274760046 0.5076726306910474
1.1021663027186825 0.2010415833277665 8.21057607356837 0.41299863782317586
1.3222599307271334 0.21504526735159785 7.788865265968986 0.44048983879791903
0.9985630439178514 0.22150858843639457 8.450744505332558 0.45333873055752505
1.1647984043622008 0.20441678556895385 8.090577483862939 0.42878673074554874
1.224771784118027 0.22944921128064497 7.989976079878746 0.47175939412394197
1.1949976309674626 0.20061969394790932 8.117176970002085 0.40824328142274424
1.089131370425608 0.22390225301967231 8.287914282533912 0.45776149163239344
0.9133679122105516 0.22539066850817502 8.634795736393794 0.46233498124883515
1.044794348457494 0.21685228669092665 8.350680182136738 0.4443350141214683
1.0349364429922066 0.21121192882224835 8.363053505480172 0.439742228432541
1.0697581542634471 0.2087801408836473 8.293315069978341 0.4353853218926431
0.9968964300997811 0.23430700508405725 8.480393397102338 0.47763556077573005
1.03261710533202 0.22971105898268648 8.343888998862578 0.4715376217484133
0.9992370279308407 0.22190469234765506 8.431397558120096 0.4599488258376349
1.0338335252080757 0.20137004510110743 8.393888300427962 0.41129318114296876
1.1165643328991846 0.22901699843673365 8.155959599996418 0.47602921705798174
1.118786424359466 0.21476762206937086 8.218197517653723 0.441677969622077
0.9139672010021958 0.20080350865094057 8.637431710795132 0.4119088376328391
1.0813450209146316 0.18571788340315554 8.22904002266003 0.3856159161519272
1.1992463743240713 0.21998563989737643 8.09956423786955 0.4593007878936574
1.2570731314125485 0.220108988491589 7.931693666631693 0.449127571000886
1.2285876561720368 0.2118956982400375 7.9905400720251 0.439683772850387
1.1695010368996472 0.21041854477070204 8.11710086751918 0.4296710836004106
1.2405793834328214 0.19339301554355423 7.939799197051981 0.4038377940102846
1.221988853030218 0.21269331016685186 8.055444251791052 0.43764728543798814
1.3114638748202179 0.20494030450409398 7.787337225003787 0.42276081496301554
1.1052884607117557 0.2108299531128591 8.174549225967198 0.42887086869515023
1.1611706228509817 0.20258069721634217 8.170234120216023 0.42047812828464515
1.0500105618013964 0.20726372728245843 8.302415628781887 0.4261112734962739
1.2398290533073333 0.221656304001287 7.956877586488742 0.45863932225540294
1.1126056716365351 0.2136344013605774 8.271838587589748 0.4445053295968971
1.380149704593888 0.2095457152370859 7.79445512328809 0.4374123040087456
1.0174310102493145 0.21268630588130005 8.43816283058236 0.4372189371596549
1.2758692952321846 0.2047038083739607 7.935908370317726 0.42770484708169565
1.2351966176387106 0.21676765295694791 7.970551755814734 0.4419640512658419
1.2023216341128982 0.21992370215470403 8.030394606168283 0.4531085285366532
1.3959714005206771 0.2247018773306371 7.605408735304802 0.4602441824300903
1.1599155137075567 0.2204744621085924 8.11935832118378 0.44901992770575516
1.02122072435627 0.21403179692785995 8.385157482412925 0.4377241011374769
1.3775229314439994 0.22104091422474642 7.686129395440409 0.4662280821094069
0.9986765862773437 0.22525251759822926 8.419817177224378 0.46450026338800976
1.106092879909446 0.2314514131974248 8.301270196040962 0.48854075663792385
0.934484961245384 0.20244693776049316 8.6516360310433 0.4200902870708852
1.2637081225205637 0.2109592735592957 7.914658974503059 0.43019291728062886
1.374917316339453 0.19459242620192863 7.718178057594981 0.402073166588509
0.9242258377889431 0.20666788216665796 8.69040349237127 0.4296211680073101
1.140399419277045 0.20525684958834597 8.1611570099981 0.42365326413618926
1.1416711073332342 0.2189913801767665 8.205452584906002 0.4530318387994486
1.053881851012409 0.23606796569432614 8.351500752863474 0.48967606240549644
1.3900850030320322 0.21631506342097007 7.638235032727444 0.4502504198881686
1.3129569649166426 0.21349298294446625 7.760108105786353 0.4414854270364399
1.0820935363655069 0.21601389960061868 8.303806661768009 0.4458672317124616
0.8728448931575428 0.20750201146309696 8.768302610362662 0.4300206831827518
1.157178474293374 0.22569474299282474 8.059418848380592 0.4679694938140105
1.1484687812865593 0.21783041682604723 8.164696812769684 0.455136157086683
1.0660592639587017 0.21588574033461247 8.306522181449555 0.44563079406455935
1.0739439443379637 0.212560324780834 8.25095224111375 0.43642345816345646
1.2746173117701656 0.216828119497258 7.842244987853661 0.44057088372188025
0.944404067476603 0.2295667403973472 8.548368777609141 0.4747679979232187
1.241713094191537 0.20973251492214282 7.918227972047305 0.43196118888296114
1.1186503530921796 0.22996535779790223 8.176656118457924 0.4716432679200117
1.3342927740897297 0.20456460942343016 7.778305978677533 0.4217740348346394
1.1716507217963592 0.22036023943003974 8.14283766723441 0.45329572606360313
1.2332988515362717 0.19515900328515903 7.944465969136969 0.4053369431286981
1.2132707243138519 0.22706879280016903 7.9931848252755024 0.4694475001903426
1.1403556068458305 0.23850052150260057 8.076444315063814 0.48988306371242685
1.2088604655718647 0.22232731635827085 8.004997661544774 0.45605686643425786
1.168576209246396 0.20333963785470743 8.064417683544779 0.42106135515966503
1.326651451322157 0.23458563030008647 7.752124706040242 0.4824256589782227
1.1013869274580268 0.207985527016133 8.284939499281402 0.4254925031025138
0.7784091411131018 0.21052001755375735 8.864273371739154 0.4395625468035412
1.3297184403558486 0.1970700431402566 7.720403777648081 0.4038230095740826
1.012276891133384 0.2114382652972136 8.485546201180206 0.439536111185576
1.020809408109037 0.21375832566667252 8.42890911932241 0.42966179318232334
1.1298092810974993 0.23639232548143407 8.179706140055565 0.485956694881988
1.1156546102435887 0.20842897607751812 8.282548608470933 0.43911840094062715
1.209986994007736 0.22073693486834697 8.014990962103923 0.4630912699744454
1.2449131294426468 0.20670234579932906 8.004251942794017 0.4217056792422204
1.2357916854977897 0.2145816780043603 8.062836575652646 0.4439276411685583
1.2314288976167123 0.23285111709036282 7.9513890895811805 0.4754303348310491
0.8709316960028952 0.2137514320485794 8.72766017681198 0.44046620584743873
0.933928672468084 0.20411983237891881 8.48219904881492 0.42353165340275933
0.9746094784486925 0.20580855558612213 8.527295804967114 0.4296168356320221
0.9975087314187776 0.2386286260463758 8.484575487941154 0.48694525153965545
0.9710040014709634 0.2096600025257716 8.468584881218991 0.43873704377796585
1.375612829878584 0.24107977826407262 7.678887137214288 0.5051473055064125
1.0528160259597032 0.206821667583786 8.272367709174738 0.43014006437462243
0.907568880288184 0.21770586994332675 8.66836547569002 0.44490229061670944
1.1584916202376911 0.22243444916012717 8.112363744565869 0.4544803017464423
1.1603713871426222 0.21425956777219116 8.092231638743314 0.44306106735733775
0.9785384296220203 0.2100443002675554 8.512069192422022 0.4321084631990034
1.2350369059777355 0.1920372191113984 8.03153015575176 0.39419748679078415
1.3318579583477237 0.20008572282605316 7.7986809691002525 0.4164073591164829
1.1279280914784318 0.21282071771153807 8.137929039101891 0.44058510470302265
1.3342704196458164 0.2205182824451942 7.7369354603872855 0.4597456956095407
1.3489164069311923 0.22022578636747228 7.727400003967778 0.44825637387361456
1.1741917505873074 0.25115022503838286 8.1381027481705 0.5239593381528963
1.279155845060468 0.22741372135223464 7.898290755385679 0.47432352732326416
0.9029375833141654 0.19703222265116144 8.653444746738224 0.40450391656961804
1.0731984385067057 0.20598647329252343 8.281512619776054 0.42737623228555943
1.2022708574265526 0.214014775223953 7.945060158082631 0.440138081544147
1.2033963905091603 0.20027590835546036 7.959032227284148 0.4144997526980241
1.3099098402569047 0.20906130369009748 7.745644302307957 0.43271564253517725
1.3070990468842536 0.2024930653056765 7.818209276582092 0.4178652887169432
1.1150086902842493 0.20473430192066838 8.137187310354431 0.4179707262719949
1.0955700654223386 0.19346337665091318 8.305728929932375 0.3955575469721433
1.0746882756838585 0.2225203789003836 8.245945159848414 0.46123573572252996
1.2125976577735011 0.2146123344629364 8.02557239527032 0.44295486433137743
1.1400034396366818 0.20098623962199352 8.156737485804014 0.4149189869054205
1.0557260981003853 0.21085597823018562 8.401274026811514 0.44302326408742243
1.2076333763914353 0.2079810981315532 8.053317934418075 0.43487120362094134
1.1768674872275817 0.1978937601623441 8.106796017086335 0.41338753519407456
1.056743210580503 0.19553517213171517 8.335780826095943 0.40370472072147967
1.1067683043569698 0.20564260182032307 8.229545756002747 0.4258551731103898
1.0915280310583144 0.21694301059339716 8.296655570518087 0.4503997773537772
1.1728296281805934 0.22072815577838945 8.069410131852202 0.4584055395801066
1.0588819394047744 0.22035087419561636 8.299161054315947 0.456046023445105
1.1208160764287256 0.20282266205367674 8.271960017961142 0.41879813063970445
1.0678088199516793 0.2158039963723088 8.311980198787587 0.44527644081142437
1.0423831048629921 0.22263023233529344 8.379167656980552 0.4624223418764138
1.3506323469479249 0.21664403002180604 7.711327034248127 0.45233398788650125
1.2602756553612686 0.2124430437850629 7.871647455725875 0.43496852163448074
1.3312731830830853 0.193856424601197 7.74672598399868 0.40212050800711113
1.1613087432653217 0.22542255932056451 8.087570158152573 0.4576112970354065
1.142321561424355 0.22599634956440545 8.144797706578842 0.46514533979956074
0.8762046039374934 0.21139709205533191 8.710415839473379 0.4386402445482088
0.9931446766394594 0.24111891628937593 8.436442852262987 0.4938179680148098
0.9758054570226975 0.21813747150843546 8.54218677683145 0.452746522824344
1.0609215471988414 0.21356132263274644 8.352345006956817 0.44041036826705704
1.143742028207307 0.20741345300327124 8.175103673567481 0.4257932743038105
1.0739017058581015 0.1942229548743436 8.285053858955447 0.4047760348206683
1.1637189957826355 0.2203690419739408 8.152429269667056 0.4593459735370251
1.0574392934137626 0.21291812044897038 8.337611545704354 0.43900296329459554
1.0984898494813964 0.21180225248145756 8.233176782461042 0.43877936283313496
1.3772973724936666 0.21343158998124317 7.658356605226896 0.44356665580141513
1.0117801220445117 0.19891495577867027 8.448224380489927 0.42095372533544145
1.3296195699161055 0.21530306381333889 7.773560673392381 0.4397062482012184
1.195169589716421 0.23054018245199456 8.01419915788495 0.4729943328016623
1.182249092570317 0.21363556696665315 8.098791340066391 0.44517335394660795
1.060917085149188 0.20731965106178254 8.346030359637307 0.4285883682909149
1.3013912074489178 0.21112049375543523 7.835338671339652 0.4349758350546923
1.216804636872018 0.2032470916860649 8.030014389729338 0.4117956832632066
1.2034973738455355 0.2329105686465438 8.019603476640125 0.4822976942689984
0.957799101840799 0.2083159563979884 8.503157863065054 0.43472629875860513
1.1549054541397017 0.2106885765616015 8.079183447867031 0.43803837922993627
1.0249564424949789 0.1981346796183277 8.37517343938659 0.41592156876325725
1.1209261348258783 0.22547458396618744 8.227569126521104 0.46771675600216084
1.431260673551982 0.21969800610039764 7.526528277669462 0.44527791860202565
1.0585878771336747 0.1999063602888827 8.34761358261552 0.4169037943574362
1.2197435612261902 0.24952526099096756 7.999059429067577 0.5113442591696705
1.2969847242222277 0.2167238741696381 7.755093790861172 0.45063192612644404
1.1455843696873091 0.2071247665879937 8.104398111292408 0.4292956953683539
1.1501708500096386 0.19847901024215245 8.16683060115232 0.41385692040628785
1.0696865460161562 0.21756143514832135 8.266173229650512 0.45193544982602096
0.8863105562666549 0.22224679422933108 8.710777730233396 0.4566928682546023
1.1504234447401942 0.22754822937290226 8.131418381443975 0.4693927205973772
1.2062029008530954 0.21579484060152462 8.074799967889767 0.4437010057768135
1.0880328241781596 0.20550838902480012 8.270944691475204 0.4211261324835806
1.1131835443043283 0.22534193675418093 8.227485389673742 0.46739625906467497
0.9209128527874543 0.2033096933500493 8.557069451832842 0.42005619987717796
0.9674734769050497 0.22261772680462938 8.512862461603039 0.46540600604131677
1.2068607793576978 0.20397520784857417 8.024989542104574 0.41773112986182176
1.1409435440345543 0.23215879781674884 8.208907384231662 0.4727717849249331
1.272565799159243 0.22183288221111552 7.876882781862201 0.4562072916323206
0.879620953880538 0.2254892671147231 8.731437125142333 0.4637392048062719
1.0242077520649817 0.20607809948552427 8.403815358056075 0.4286557899525562
1.1674300016656398 0.2069307805050681 8.089071407819567 0.4255704373669836
1.038006687193302 0.23426867554313402 8.398211309996087 0.4834015704622451
1.1516732294042957 0.2093704042892852 8.103509453122738 0.4339484863966298
1.139137450076503 0.22049536346565624 8.168432751846773 0.45771501223653693
1.0416150677463487 0.22669293531453225 8.303906737429793 0.4574301470478802
0.8739217992100704 0.22913960797005065 8.683635596527274 0.4741993298589805
1.0560452122371653 0.2287760698579089 8.329509086129214 0.4702738015744542
1.2664128072745546 0.20885166674212396 7.909407251730771 0.42961910515448565
1.1517922370068687 0.21180212531916295 8.093588659407462 0.4240894474733677
1.2160259699385967 0.2078399366883835 7.95516894387279 0.4303102778427829
1.050363906924305 0.2031969703649314 8.35554785419847 0.4179063391231175
1.181967865478633 0.21098415112627172 8.069288969572703 0.43548794063361995
1.1994177175040543 0.21278043680669223 8.060770273687162 0.441178812218044
0.8363618701318178 0.2289647614233908 8.806063297405 0.46583580056054635
0.9376888184175052 0.21852756225676304 8.646347081728488 0.4525826679080806
1.2840177569144542 0.19570892297733825 7.86247742068406 0.41298471825420063
1.016257914295916 0.22622965857974284 8.391205326380119 0.46675985497643246
1.2757926559590116 0.2119494141754682 7.8464261223701115 0.43739449791886076
1.1930976005130578 0.21368741517475673 8.007469839509888 0.4388777765626975
1.1348074216931983 0.20305137588158426 8.178958242496563 0.4187038231154432
1.2961999310857666 0.21203112012339168 7.9195902664339375 0.4397198330001986
1.129342104908559 0.21615605337489327 8.178010352419808 0.44501752625065205
0.8069445134077775 0.19739111582857358 8.827789131467416 0.41165820803359365
1.129151551672758 0.21175696240036868 8.214194235631311 0.4339880466733635
1.1784301116890599 0.21508302805231685 8.14157350623653 0.4469071919140262
1.1939104039470965 0.204842433033024 8.07398054870778 0.4224498633642716
1.1881318625145978 0.21141629816771748 7.97962965949663 0.4370344121124162
1.1911767221936898 0.22335054714394828 8.052981425791288 0.4680453825874901
1.2037628781776197 0.2122514476978831 8.070760093863377 0.44520999735756955
0.9034666060824665 0.21765597107580867 8.607474216587661 0.4414005042986659
0.9861661295967088 0.20287518001447402 8.422764481168578 0.421276592897634
1.125902246928693 0.22228755291235497 8.200505638636184 0.4589387823551612
1.179809426618616 0.2083172730965351 8.101597481904925 0.4308692933462132
1.1116757405258615 0.19916412200271438 8.196322048064571 0.4146557308785115
1.2668176342973507 0.2119633459461543 7.8962568563995 0.43423259047797613
0.9739922763737254 0.20155866605426662 8.52365979390159 0.41865624189366346
1.128468535454732 0.2155544371534436 8.236381032754597 0.4427277356124319
1.1734102914868454 0.2182915069204703 8.03408519727325 0.45119488361753235
1.2352059962837463 0.19196694593060273 8.030177462024955 0.4036477787428703
0.9332339967587138 0.2232973461906608 8.639831558641717 0.4625887524289836
1.070425309426624 0.20072978873681438 8.248717773066119 0.42127871206823864
0.8688953904496919 0.22583106207137754 8.75449893783388 0.4676758624143455
0.9584199937423861 0.2283541849585778 8.580157303054952 0.47600592132637753
1.10800902629129 0.20280104365997056 8.124584077482655 0.4162875535006346
0.9815431889126531 0.23323454879795544 8.493851584044567 0.4813529289795007
1.0888913232177533 0.21114384229093805 8.232104431139375 0.4331352874665866
0.9417544508935128 0.2250808927484389 8.54341023908493 0.4676073416224553
0.905400233391267 0.22464691908180778 8.678089136147532 0.45863241486688155
1.0653986349766071 0.24415737627745468 8.340767907807422 0.501159329223672
1.227704967143198 0.25487231419017425 7.958019953934638 0.5269946931631659
1.2059149600055055 0.20729506625968172 7.996837478991623 0.43216831678352874
1.1658298451708378 0.21728183879779994 8.100895040789162 0.45110488247003816
1.0468721069411484 0.22358216346717075 8.340523106586017 0.4663517882697176
1.0636869157392173 0.21663625466456748 8.344619717105015 0.4490052932646637
1.0434784538969761 0.21961081541126867 8.397882913019235 0.45464635924418817
1.1124282764583762 0.21558804816933436 8.218305017484463 0.44567568472630176
1.2712654082411268 0.2146858514288634 7.952001098181362 0.4467012429600654
1.0172073204414978 0.21954023571851392 8.415100101938338 0.4552629675040654
1.2654599540646274 0.18666728996262247 7.893917348744562 0.3913033292485238
1.2466744919772266 0.2224443289577849 7.924412698334852 0.4594796638037385
1.0938342122655142 0.20804644090630164 8.241123301874554 0.4304305844328511
1.0175950820424098 0.22191113938766854 8.388055563603643 0.4583657322431414
1.3464526737851674 0.22274853092919442 7.701771362352446 0.4601067730919772
1.2379057521795573 0.20598728609681974 7.986632544566378 0.4345670663238039
1.1601659387921552 0.2115048004028835 8.067248286470392 0.4407115419351743
0.8346442217789338 0.23257730279040054 8.723059327177161 0.48471898953773884
0.9574930963678695 0.18098438558534713 8.503143915214658 0.3761591472531516
1.0682562152244244 0.22476262327902616 8.298984424318704 0.45838796805565774
1.305129559535879 0.22957249672115557 7.829261639524687 0.4716847180449309
1.1836956729397763 0.2091008421602997 8.108963056770541 0.42676270826092016
0.8974542864569675 0.22613786190339236 8.67136946134016 0.46651331774892
1.1574520392493786 0.21101411354641236 8.147626094263076 0.4306713808970167
1.009424159032729 0.20939969697388397 8.401386279609966 0.43635958512278566
1.1210508228302523 0.20506454620594225 8.133529701192892 0.4257402181039053
0.8798926686450728 0.21942154041896839 8.720711080942676 0.4519053684784577
1.2422194430664524 0.20545281999334655 7.973408709780532 0.4212341617577003
1.244534627678083 0.22727126370339165 7.964033609043378 0.46801556534681826
0.9091353517468688 0.21719342268454112 8.67617768385228 0.45291693628005597
1.1072652635690376 0.2059350232068353 8.152582486562956 0.420953199721412
0.8586639584079496 0.21042742208824225 8.75743768050025 0.43320140299867627
1.0349285938609234 0.23214147601998378 8.342506119638616 0.4794590272128669
1.2095670265645646 0.22335023365717344 7.989406522902884 0.46283923174332686
1.3398624328218796 0.20367479940551933 7.721067584649052 0.42214579628549603
1.0526633556771152 0.24381443850730444 8.271420760062842 0.4946036256766349
1.0711839070769522 0.226011723582895 8.314412466605553 0.46587660766069816
0.8957099773764647 0.20000448529646145 8.674796029484996 0.4112957191764225
1.3122120877259666 0.2256410526736765 7.824600686850814 0.46504914311749085
1.1197623046458682 0.2102257380709188 8.281127861768839 0.4395652042703591
1.2401079754408093 0.21759202199873895 7.956090152224729 0.4455547226530334
0.9110432694391353 0.22811892786429253 8.671998074110386 0.47395256222777027
1.1497334184617152 0.19371373694014993 8.108388765247927 0.3980786763188445
1.1143108328798355 0.20711380655743056 8.23432154971557 0.43222875209951744
0.9949239737321043 0.21272150581234006 8.466276295747402 0.4425898174416902
1.1058834157677333 0.22390576412251142 8.260474665951406 0.46632469381422353
1.2185794423020124 0.21228145990799757 8.032696235827196 0.44070922392159706
1.361603888901336 0.21386903700445095 7.65456300413555 0.44937209476308143
1.1309924396554512 0.2134876137172018 8.21555009024953 0.43833531338113907
1.0474084097848986 0.24706244331716523 8.384177088151281 0.5155385794165932
0.7558790917382765 0.1998193351472358 8.948600879173416 0.41192853277164754
1.077125324433736 0.2266242647110099 8.314403672135539 0.476343485611787
1.2424435262703244 0.21884592970463226 7.972990462985759 0.456088482476558
1.1860867927611594 0.20419167097342655 8.00005457058371 0.42971360961873717
0.9332810524810355 0.19871727492799332 8.532526163794653 0.4083962402779303
0.9662421549990767 0.2318971819937974 8.448731184219909 0.4759092117789072
1.1298307467412791 0.21465305777634658 8.255514214408404 0.4484651613212064
1.1267939835541407 0.21501121357011588 8.235941310763726 0.44457961166375126
1.2583297740811623 0.19454604074861406 7.976336548206866 0.39781228219511455
1.2048306439910252 0.2261259875207029 8.012272038987593 0.4670816932231085
1.235909535514655 0.20768421282864313 7.892182260353884 0.4249192771434581
1.1232882736256302 0.20922676529401732 8.244416528895055 0.43813300653134124
1.049534171069738 0.23268081415953304 8.3351768685701 0.47771278342723755
1.2345512208919214 0.21266230058835975 7.970786519185189 0.4393481901815045
1.146403207952008 0.2001717780909941 8.141234416075573 0.4227268623920077
1.1829105322699909 0.22181570350141652 8.063980676810726 0.4583525427034121
1.2654730798696394 0.21435124907551004 7.909757007777518 0.4434174265852024
0.9133892256941999 0.21593432469962665 8.576322650126981 0.4409330396958059
1.1348008887504815 0.20081437869654487 8.258899981246067 0.4106655743113854
1.2241913364174182 0.20437465640705266 8.053060015374701 0.42483947040526404
0.9283781883753714 0.1923749061577836 8.632288300536892 0.39875988969801246
1.0035965853771165 0.21557113114360046 8.400815798579401 0.4532964140339748
1.0951656328592154 0.22542254207617946 8.277499734909334 0.4615114170445158
1.1188734639826623 0.24431422719258103 8.245338032116704 0.5090124350593552
1.2065070708146195 0.23297809191292745 7.97609802294202 0.48184229402272494
1.1221343423929742 0.2119261483352775 8.205831458587259 0.4417231639980641
0.9426165721123416 0.20519051780068087 8.51431171716299 0.4240934366899903
1.2274045724102312 0.2120562818264349 7.977624417163612 0.4415346409316623
1.1699641541100876 0.20743439573495306 8.155175566099835 0.43092733271790007
1.0000017797451273 0.21356911220322533 8.359409627153163 0.44895471358613503
1.0662820696443942 0.23650397706522366 8.27753263632595 0.4832409734389281
1.0265247632258168 0.2147872333992405 8.402556781352311 0.44338135726501915
1.0334365930338958 0.22627179176033493 8.344346010472503 0.47134729820172416
1.039784537842712 0.2316021878351871 8.39822295636936 0.478259704776351
0.8869503606804856 0.2138969000179628 8.73328260118095 0.4523887000338011
1.0658585755964523 0.22085348069088992 8.310704603962396 0.4562524800145228
0.9676155958259698 0.20441844869453854 8.552616777140749 0.4238065377741558
1.3811616788314258 0.20660500576425972 7.610386698970034 0.4224856335804941
1.1498044532112996 0.21184714981432246 8.132359935815025 0.4412569071512145
1.0221211997811455 0.2101246628924423 8.327484323350262 0.4291457254034083
1.1505277447959399 0.19372902098649303 8.115412774921323 0.40704870958281647
1.1676166144606117 0.21938966103674168 8.140087611337751 0.44825409633027236
1.1164603169311436 0.18224556688485125 8.145970263171012 0.3840957160149754
1.1968784148049312 0.19512608429228218 8.054459354964127 0.40499117533527856
1.3472240769001609 0.21343254405149062 7.727275442904798 0.4466341540662598
0.7315651113474805 0.23181978991457064 8.983559169267817 0.4827153250172493
1.0228584034872314 0.19654069677929215 8.382423966279092 0.41164286813226036
1.0236426653093504 0.2492098970810588 8.3826139567386 0.5133380552886909
1.055639816276426 0.21015730796623927 8.342376382615953 0.43074263505455296
0.9867938665197391 0.23964713170400975 8.499736187085013 0.4965425381251728
1.0182682100766913 0.21679676506542356 8.432573627415849 0.4490258499753301
1.1836231994871822 0.22248871086965447 8.045112764399214 0.45552641562541246
0.8660002656999823 0.21330329153043037 8.697926454141712 0.4412911044839307
1.0204008975284853 0.2180418673280297 8.365099667807039 0.449686235976587
1.1256050750282036 0.20948089799220315 8.144170745184407 0.4394809106296925
1.2441808092918818 0.23407606164668301 8.050546868816 0.4805802887592789
1.2035008564076923 0.20607365013249632 8.061310627994164 0.4275053876475436
1.2182106188959256 0.21519942947252402 7.986920401281884 0.44545429387535457
1.1998650015362688 0.20736628677131783 7.975260628830156 0.4246372831211479
1.2694047731340463 0.21305121000046437 7.916138520640109 0.439349989939946
1.0762221030514878 0.2253856953473762 8.283585785202703 0.46887072851200284
1.0954957400232206 0.2061348854327365 8.207834481595416 0.4219862493109308
1.2601751313345142 0.22842423174283505 7.925983314456287 0.4688199622899747
1.0612716782193576 0.23335141803273315 8.36871954452138 0.476412295457953
1.1838079908777728 0.21438373969790894 8.038408648167959 0.4417808942611725
1.150399196438352 0.2196214159474903 8.131935895894259 0.46142487583765845
1.0415913970373643 0.21634237000833087 8.303460867942515 0.44643816643361195
1.1757017243724577 0.21829232308035637 8.115387024859736 0.44456608506329914
1.205679666443252 0.21170824280668968 7.9679251982539805 0.4420830571219566
1.2575283658592582 0.2271677897482825 7.91935777882815 0.46860977723088154
1.1183173123901096 0.2072640494435672 8.212170556353945 0.4322877540562896
1.2023432089254378 0.20887352742183024 7.938569451229722 0.43416588747916596
1.113273004325741 0.2153848960536599 8.259575772893244 0.45386929031880313
0.8655103605279346 0.2272911011244075 8.702671313794582 0.47334136327650045
1.0482678763031275 0.2106576116825946 8.32093689171226 0.43392301944672507
1.1747205250240773 0.2065868484911103 8.07548657588708 0.43219119324669614
1.0570827568533132 0.2240721512587182 8.403866778648855 0.4655474308969314
1.0344934903915766 0.22303587314594603 8.415258181727019 0.4561095058318539
1.2126813104840493 0.18519136995670615 8.030501726562015 0.3867649076290373
1.1747253404462015 0.20532956458748342 8.008396668075978 0.4295814196692103
0.9514217966687162 0.21746318259514624 8.49104983564359 0.4440403951249148
1.0768329566150567 0.2183846433260773 8.33583547314944 0.4501193452239351
0.9957359376814554 0.21384867769914842 8.487941831624426 0.44939098994903903
1.078927179138757 0.21076516329400002 8.30140230923126 0.43413476261048545
0.9171578372514304 0.22404529452987829 8.683853195824364 0.4581681892578515
1.173932492537906 0.2255525757288073 8.123398896860852 0.4610127230561612
1.1849976357431737 0.21447255988922084 8.097990123526245 0.44366715510735116
1.017350951393871 0.2342089964717186 8.375711386219887 0.47913998386159307
1.242754873229523 0.21890378602809749 8.012412003721547 0.456976361419457
1.409777838594525 0.2299176876673744 7.682723331153012 0.4758747168629433
0.9476327511700757 0.22382038499458387 8.654413270273977 0.45919197741982803
1.0060899304951685 0.19855300428476816 8.508961551263324 0.40734320797911405
1.0463950761424523 0.19461193698083573 8.311235839335382 0.40221102390381375
1.0229502368476262 0.18909275226305008 8.333594395999764 0.38834791552394743
1.1901481544235324 0.20715245710776484 8.099703201089635 0.4325376305502532
0.8791083377450466 0.22108361821888667 8.746373045966315 0.4537387368985305
1.0271327455933166 0.23421268407537305 8.351431492147878 0.491462572323234
1.1678902380816782 0.2301644484570667 7.9823860830236235 0.47654482617933347
1.117984808700581 0.22681847219229526 8.258116901025266 0.46500112781969244
1.0164980507104313 0.2171952321623715 8.405972780090568 0.44809382637776246
1.051469741982872 0.21542424528299128 8.334502912830771 0.4359436555750756
1.2338347344120215 0.23719932499734833 7.969668688553362 0.49185495783453836
1.0727110760275342 0.19307130587377147 8.327744565086064 0.3985679888761766
1.0657125867260429 0.1910808599335811 8.359967009765466 0.40238132674749777
1.0412435675841503 0.19793727374792172 8.28827254404102 0.40971919778661864
1.1969466412591268 0.20286105935379145 8.03474559722781 0.42093663911397
1.031168856067398 0.2345433801386852 8.402027924104303 0.4897762976111628
1.2961941506284302 0.22007769253627485 7.886916569966128 0.4531122827298704
1.1984466765724375 0.20374230494916037 7.95485185782028 0.42411513392929734
1.2453782282595887 0.19632290226516036 7.914560421066126 0.40507286300086537
1.039017528363242 0.21374338578587826 8.394812029480224 0.4450184200265922
1.2705838487718644 0.20327476150592078 7.841306207379905 0.4177509341110414
1.162262215832421 0.21334167322267641 8.10486795152893 0.44430507488865484
1.0027869670989713 0.23445763686536095 8.46042922904318 0.4883597234625333
1.1116223210316 0.193723420006836 8.252004036117658 0.3992960335054967
0.9107940425083971 0.2191964754458805 8.705117764220015 0.4585418803087632
1.1929760977312536 0.20362014130118944 8.05382552842693 0.41774109344985144
1.0939523118765822 0.2010326938170068 8.233663318760332 0.41070953952236633
0.9435142078239672 0.24439952004194604 8.519236660319985 0.5043567215154053
0.9501066089861169 0.21676078960209977 8.459893837038319 0.4387962423394387
1.1540986010347882 0.21081172748358187 8.10184296592864 0.4378225412142482
1.2670875468424456 0.18951221960442868 7.943565657268511 0.3975574120530576
1.157068371373788 0.20369523950487248 8.102034539997266 0.4193696231100173
1.1092613839866479 0.21860479546970937 8.228940861666706 0.44716384627158917
0.946631758278607 0.23180162701518384 8.54826085096807 0.4881203405715157
1.2479821720689028 0.2204281754012446 7.959514276585864 0.4542189744652216
1.206497358844659 0.2005140492724073 8.07044240477215 0.41258440284263376
1.095528960083981 0.2347589516905858 8.281925027664974 0.49278490390381574
1.1005998678455158 0.20334567795348896 8.299731365380744 0.41849246788940736
1.1219377621510715 0.2122259768065373 8.165295086931375 0.4355098321589107
1.0138299402241322 0.21529748144585972 8.402607857084057 0.4405650099487221
1.3238267864526265 0.20773028371630142 7.758118803430742 0.43043536595935955
0.8787235661652009 0.2328358919739031 8.75294804887195 0.4788365933248224
1.0841703881740696 0.21139722030139452 8.255251542406189 0.43907552202628275
1.212937332242813 0.1817501862602971 8.01695908505559 0.3729151050500434
1.1007692652272096 0.1976218707200247 8.306075715660704 0.41482767180196944
1.163982670769535 0.2176133410042691 8.026333514132364 0.44602009739709564
1.0266727945042584 0.20912356929404471 8.387641184482995 0.43154900240659044
1.1193202831890807 0.2122545453852272 8.203972357751644 0.4386691422675385
1.1134286839949321 0.23112896341613667 8.160651711564828 0.4813426812786541
1.214102082466843 0.23671771913789885 7.973096525899807 0.48842152754576285
1.0140769750819634 0.23184874714710638 8.350801138726172 0.4797421816621086
1.0210831464546466 0.20105991726808786 8.420847283347506 0.41352420591721567
1.0960688419778797 0.2041930710653679 8.204793456378509 0.4241199293689916
1.0799768994672874 0.1996919342846377 8.338626168425868 0.41754506898262345
1.0294048180279753 0.23183327586116548 8.414006066544301 0.4812415660807184
0.9641932683108366 0.2083656526374281 8.531093095374311 0.43265126207874627
0.9580049586126265 0.21382249255203126 8.568840978592913 0.44019474375173745
0.9468289629641975 0.20667835205919238 8.639709761561473 0.42864540254104316
1.4692635842809278 0.21297208691814432 7.433422848669213 0.4444683710992066
1.1963523503679432 0.20706484273856413 8.047715312027572 0.4278779898381438
1.2901940011765203 0.20122216260253334 7.770982073431011 0.4197604435643839
1.074251769945489 0.20003293062403887 8.223528892311066 0.4144612187617774
1.271512708983677 0.209500148039205 7.8830807751555145 0.43128161400533493
1.116932235510553 0.22205153840020153 8.21283625516824 0.45852435269175623
1.1983164673696793 0.18825081896440135 8.041799822745823 0.3870954017196718
1.1120390010164274 0.23921385105063642 8.17618927217131 0.4935894915837531
1.094552520454513 0.2004824895871375 8.274416163169729 0.40937715928255475
1.1140294798366472 0.2073449612679217 8.157733634616392 0.4214144508038633
1.2687289334663823 0.21749175585558403 7.918486814101088 0.4519090756122559
0.8813660706841362 0.196672951957227 8.735565111611953 0.4054820306264608
1.0698269069405262 0.23739952596245265 8.3186188037281 0.4786566333638636
1.090666231468108 0.21642852617877914 8.25301294440591 0.44994794058996945
1.0863188336797427 0.20241406366059944 8.274998311511421 0.42199321356628416
1.2579768395973638 0.23087986072820008 7.907462015148275 0.47889860420832336
1.0839005271150992 0.2184424560110458 8.225884965258224 0.45264526603385846
1.235909151507635 0.21317080509054737 8.007033835149281 0.4444881820085296
0.9088329739387069 0.21848776019418084 8.651833806895034 0.45441668917040534
0.9450771862378663 0.20282228479331857 8.554666053718353 0.4216919520532699
1.0045373403755256 0.21735839299990728 8.477337643185287 0.44133393488774697
0.9567562249416723 0.21750273021636063 8.564629227823762 0.45473559084843235
1.2581252426103626 0.18979460114663382 7.867714041848566 0.3859848364117865
0.9830281035359609 0.2163866120024472 8.533077304806538 0.4490205998596811
1.5363274259830035 0.20454263091293592 7.382267420530141 0.41836559031533094
1.2113869005836977 0.23322578883064787 8.04420639470381 0.47513536094499675
1.1803455013742234 0.199971213338626 8.039639518706137 0.4128345315898566
1.2486087510219042 0.21962211471377274 7.930849878744198 0.45182604553797306
0.8620159272672436 0.2240615200649965 8.749207274373312 0.4608850974762261
1.4226180336011192 0.20292000527872284 7.574666523479872 0.41850995702649163
1.0793228153724015 0.23305661976266537 8.262065588550232 0.480900597115734
1.3719492764658556 0.2060105492256107 7.748599242334409 0.42868757472021746
1.2323210055470466 0.22310836783288368 7.99678576106496 0.4620809032269431
0.9405575131404118 0.21529480680329116 8.55200843153089 0.4466184158540171
1.2736251325987857 0.2221443440092395 7.901107592044863 0.46475090742696895
1.021257909982193 0.211583709173734 8.462843634508122 0.4407137339809018
0.9145341610964501 0.22821529144474267 8.624540939479463 0.4713180704746339
1.1947620715201128 0.18482126875017119 8.00437065701503 0.38853112845165005
1.0489129384406908 0.2077082985773598 8.337959266970023 0.434209196057162
0.9339736453800694 0.2319153019819411 8.53437407779199 0.4749236410340945
1.214088913049986 0.2203690551308033 8.011933318896528 0.45558668247899536
1.395470493221219 0.2207362642309637 7.639709907869767 0.4550939745061453
1.1788906453216956 0.2054731250712494 8.126271245614173 0.4238483465261518
1.3466146990378993 0.22077221816310563 7.773707245675587 0.45888261346985626
1.0179573022079391 0.2370054674114688 8.474295826787266 0.493521672081385
0.9038061398789285 0.2242142952357726 8.638451156024782 0.4647678538735469
1.1160947995622368 0.2058848503686463 8.181352924081736 0.42537203331897716
1.195311809847997 0.21538281437478296 8.003431332403819 0.44757779978284284
1.121962010433545 0.19906772984318896 8.261828722747921 0.4155107045186332
1.0405280478132366 0.20961399927146215 8.404381247763887 0.42677899678198983
1.2272615550387456 0.19413263349040716 7.965300697588447 0.40172747044316687
1.2309392385398152 0.21240629481776463 7.983358639177618 0.44870103398890854
1.1855573796479626 0.20985859325311917 8.034662057735451 0.43637739093105604
1.3715693606114456 0.23123124212599092 7.681493233769528 0.47223804970398636
1.0808830600921007 0.2278508599095917 8.289461607887763 0.4646783103949772
1.0934453228091674 0.21838178176327502 8.206054917815358 0.45425498164439776
0.7725433806698021 0.22714596864489894 8.94653312103237 0.46239839497998897
1.1464257275912737 0.21533453681001696 8.095964983594675 0.44452055345075087
1.237602919817313 0.2418962344975587 7.9987106726634405 0.4986458319055814
1.1373943532311888 0.20840432997829653 8.182429972501836 0.4244988424222107
1.158380764729366 0.20161436006729308 8.164145626890088 0.4187678460435489
1.1873231267906856 0.22463258430224278 8.020075790995296 0.4672865387194102
1.0103589163462585 0.21419701148837814 8.36663532493875 0.440730553876582
1.2181503548972965 0.22484304313806097 8.019536959700734 0.4555063945011263
1.2840426829146057 0.20772185894490983 7.814940601089045 0.42809614625708914
1.131482658761198 0.22391737003694764 8.151341692255205 0.4640510561576723
1.0957959071149102 0.2315444014516618 8.24487947058247 0.47150940296861127
1.1020688708946529 0.24269403404656842 8.21087827870461 0.5000883349126112
1.1363289562237195 0.222328671787832 8.165617895507898 0.4689682871667041
1.3843077046529433 0.22206096106847156 7.65587283881521 0.46123206166564196
1.1134756182356926 0.21332876541689091 8.214729496509335 0.44211225893136447
1.0991190698177045 0.21756393595800058 8.273974622719754 0.4414957327357768
1.0873546276328612 0.22380527072123882 8.305327122956232 0.46726343095713757
1.2984329869886722 0.19844113790332846 7.838827074306925 0.40948079689514977
1.2502877408528967 0.19507474500431882 7.939102675535246 0.40231013831401286
1.1786197041759063 0.20843394605728574 8.125422571703304 0.4281765790610778
1.0956199366805266 0.20529733428909974 8.184352573732902 0.4210552356668379
1.2195070200415161 0.20652141972846452 8.057796573451704 0.4263224772738523
1.2327631786452868 0.22916854975587428 8.010778838933916 0.4785977840705778
1.031598404382046 0.22755060577802003 8.400169217813453 0.4636153710409344
0.9835747729626857 0.2250451584998671 8.460934417963543 0.4641894848190928
0.9794133087627084 0.23084881867810444 8.509975822286975 0.4734571142346941
0.9158953835348929 0.21490754644312002 8.576130730867852 0.4436897625461922
0.9944666520000458 0.20545419357283196 8.457540397392382 0.42538567652610665
1.104211731215265 0.22417291623885366 8.263802128874076 0.46321514495699184
1.0007677891470426 0.20729493586960504 8.413201946609233 0.42242316722104045
1.1220935554376057 0.2211132049337139 8.161768513401924 0.4467154665713186
1.443775029892218 0.24095284150210622 7.5693188088078545 0.5050111742236917
0.8701030622998978 0.22359667479886342 8.698628709760534 0.46577527600912283
1.2674995517533334 0.20883622407472902 7.828378967228531 0.4257281518390636
1.1595843236841332 0.2030798529055143 8.09283928186362 0.422992017015303
0.9511445922200761 0.23035513139086944 8.621191774626631 0.4852233439839454
0.9393509342495845 0.21520734831079322 8.558624558954957 0.44244684917354793
1.334926198995277 0.21456086502994526 7.791202445471007 0.4484229464757497
1.1667016253676217 0.2058975752665157 8.009740275312566 0.42857155639285066
1.2230863610883786 0.2065825564706324 8.010685543456436 0.42908633683812203
1.1224928739022875 0.22728106993936018 8.174672253583532 0.4635777753796685
1.089045390769947 0.21497499046962606 8.283760575346538 0.4420245353503422
1.1317455006172037 0.24574356057927144 8.194731635621348 0.5089322240414482
0.8547148501678874 0.21467621443240686 8.824831656138624 0.4450565426963682
0.9307656009032348 0.23261976213809052 8.599212850474304 0.49120595412518414
0.915387015659995 0.24703911330799522 8.58067635051475 0.5125777601319728
0.9023683511163416 0.23276115773017816 8.610815762952168 0.49098694991803404
1.1034998028281553 0.20297598157080188 8.255863606265716 0.41807849573737416
1.4204655679646603 0.24599662179832849 7.599408588771338 0.5119513390203283
1.0699251967735866 0.21556878128021767 8.312634188689245 0.4443482336424741
1.0877969288430802 0.21882821124405036 8.310413555403564 0.45485355622327067
0.9799973902248362 0.21178604096571454 8.511576215518858 0.4460652235016595
1.3242785701212552 0.2081441876569259 7.817136496438056 0.43685372514187987
1.1811741723130664 0.2051355918963529 8.105260832217313 0.4241163546574474
1.1438028344379 0.19718791349580045 8.165062404297423 0.411081292526977
1.1336354703094784 0.19097903008985312 8.184678804422719 0.39157043816169024
0.9832805428081327 0.22583498306129238 8.484135021898012 0.4659941346675301
1.0290531193253383 0.20255481624801824 8.482915375252453 0.4241536478409515
1.1771392966163459 0.2118523410447509 8.138369697846926 0.4395668479508055
1.0390046204198848 0.1967913879455127 8.314396062549605 0.40772474243506573
1.2286921218309172 0.19932432712528828 8.043500861695517 0.4076090970549694
1.0099355618567527 0.22230469472530723 8.445083419767712 0.45539229542285864
1.1007688231148673 0.2409964756417374 8.25980553369636 0.4957989904933928
1.0354462623822234 0.22429380088766349 8.327753894491009 0.4610785635885521
1.3140807343221423 0.20165566858668296 7.822332583886867 0.4188711971481319
0.92186119418642 0.22135632563889623 8.593211011346625 0.46193663578014005
1.266948296267591 0.22422330169695043 7.869737226241003 0.46229659096591574
1.109281777524959 0.2439041591436716 8.235595212623426 0.501980399275423
1.2072561587341095 0.20621133395946448 7.995478161949492 0.4270619812938197
0.9544422872240453 0.23052425676177463 8.557788501396638 0.4766152784759872
1.200973602466333 0.20022293806699004 8.063586627450544 0.4138073863576459
1.1717209758965788 0.19628063114701166 8.097692300826099 0.40417130631750486
0.9708612597492565 0.2004153492197783 8.530430200945196 0.41255041680665155
1.0808190416899546 0.2131424917370351 8.28084153689571 0.44962304034508593
1.2510229829639217 0.2193661927918497 7.872972574636033 0.4557322884351001
1.1725209251844726 0.22674786607364963 8.059998375529219 0.4743954004141653
1.4401239984963257 0.19341464208790346 7.512431896511674 0.39876788823244635
0.8631133936643194 0.2318169031813409 8.684670113697708 0.47785248310885386
1.0904760713238888 0.19541174914404078 8.2319078520616 0.41398375450394514
1.2690476483282387 0.20373831680584628 7.874389143731252 0.4172172669833634
1.1260059019384676 0.21520051932169684 8.161132974073652 0.4522232458860259
1.2415339028953483 0.22200159970993116 7.927129438180854 0.45966954069444116
1.1779128180130267 0.19039631501646548 8.08293270676786 0.3974634187781254
1.3765084983572677 0.2094806328631786 7.6527914046663135 0.43123200889561186
1.1546129549878636 0.19624056668146989 8.149491185527307 0.41142254244409865
1.1084037937933975 0.20563306561614023 8.241439824703612 0.42651374687870347
1.1407719932769302 0.2098676561934482 8.165733917519468 0.4398346705664318
1.1925522977267442 0.21813515382343499 8.042622378085822 0.446797305798992
1.3125698412087359 0.2122928381625431 7.87317371694364 0.43717090625429145
1.1623522491099172 0.1981728099308698 8.208481265856237 0.41792522393179715
1.0834282619273274 0.23380542785451175 8.257982440490622 0.48291844482833723
0.9666929400917473 0.22395408470734704 8.475174083979201 0.45910155487825205
1.0341601552905395 0.21969208387335548 8.428250582222354 0.453022298067616
1.0338124337441585 0.19446588313746543 8.35615277027923 0.4001594882160433
1.1149585599130858 0.23073744768602333 8.27687695855521 0.4755352582508332
1.1461273237095408 0.2502933285763318 8.073009035172102 0.5140391446806933
1.3326767703152953 0.21231132042339856 7.72871244433501 0.4352651641073288
1.287538921599979 0.20666866715571772 7.884071907894103 0.43042452586978225
1.2970868474617043 0.2170508818422682 7.8608758042836 0.45103411315514086
1.0372747011761483 0.21569223955365655 8.371561260118858 0.4516764560903094
1.0581990625469713 0.22604687449297303 8.352410603508137 0.4655491006104847
1.178020952904943 0.19868636197548803 8.133335548868033 0.4106120677365475
1.2192305239004746 0.21583358688670518 7.969867295897561 0.4425199198437882
1.1204926652534715 0.21692547975013035 8.266303245379117 0.44042996921721056
1.1738697657750925 0.2226245736590439 8.114698468693927 0.45832259341065795
1.5177747668559785 0.2044943149982783 7.333474053916536 0.42695767442119054
1.108711616742101 0.24589671692231244 8.158890964271468 0.5117515485810933
0.9928584564121449 0.21287703137378067 8.418481761346294 0.43615446288656756
1.231489226512883 0.208694458183997 7.9591756615502325 0.43811960953884427
1.0813507113664516 0.23470428764581763 8.338615995085366 0.48994808325354083
1.1706809410194805 0.22893766514449357 8.065646186684969 0.4687613722113561
1.024984737002279 0.21896643112406458 8.3664760646036 0.4510668783828083
1.0947673431467346 0.24275884956041954 8.259815224459489 0.49785825277596474
0.8752313009392672 0.2132388541793482 8.745248969890351 0.44493975957267995
1.1445751598155378 0.20591672477278405 8.195450629941567 0.4227327345142147
1.1963928409212006 0.21231295318933127 8.002291112188459 0.4357708803373698
1.0453571888179776 0.1853414918634033 8.387029908514648 0.38609583639384054
1.1458554867257518 0.22162558892460574 8.146035146219278 0.451375691635285
1.1523443570282517 0.227966944601 8.138540859893295 0.46791844607660465
1.145275182677986 0.20510182106296207 8.126989098284607 0.42702162692920553
1.0856061988048284 0.2108676629333275 8.231302094925102 0.4352852348584835
1.2322213111133309 0.19956620191542138 7.987926073451845 0.41404067009363404
1.0298316461072075 0.21030798790043062 8.467228357664336 0.43957248675316307
1.2046945944184604 0.2213970936555227 8.012072794846219 0.4571513628562076
0.951013694378714 0.20097511836601317 8.559850587785085 0.41717273085469947
1.3231577901620222 0.19913313992778534 7.796165349573375 0.40834652615972256
1.3799254801170011 0.21491278817552584 7.680888293123631 0.4424635664091587
1.265988712134892 0.20219404542763897 7.889275373950436 0.41733607945740947
1.0365787632972308 0.22522508369165362 8.415961648689303 0.4639671459845107
1.1709000358414605 0.2109143334123374 8.084393161136818 0.4352382840250698
1.3221564482919406 0.21865599793090967 7.7226273495423765 0.45175440821245927
1.2765559929681949 0.2203736512249891 7.8548552163754595 0.4512182126418715
1.0744479013037305 0.21527510367317756 8.32426413259588 0.4443840969633507
1.2308484529327801 0.22072777327430135 7.983780421661559 0.45666660632195977
1.1676598810270145 0.23517075896470588 8.07459292254573 0.48672163119923395
1.3903926557670636 0.20555684043696307 7.570901118286951 0.42814299318834914
1.147803583705059 0.2090536114587699 8.139045052930829 0.4373416435671079
1.196391658992669 0.21006810569055803 8.06302519649033 0.43225865097907484
0.9768370421020485 0.21798537352567948 8.418818498832817 0.449128127797823
0.8991328481945374 0.23000584287300002 8.692020601342907 0.4666129208925073
1.1453311757887086 0.23567304446144705 8.159878857430162 0.4937792814314459
0.9158908242085253 0.20030966593605576 8.624513331033075 0.407813153487483
0.9084839965080167 0.23446704579085642 8.576690412423545 0.4878256526694213
1.0092556586955899 0.2268561483592292 8.3687716998725 0.46827237713520936
1.2330416357711238 0.19558621687879085 7.956088871782856 0.40745236973599447
1.3553810541627591 0.21629472510284709 7.693541346022256 0.45260152308997265
0.8591777132742293 0.21383865598316232 8.767579639187282 0.43163868496982166
1.1251947017605874 0.22825239628729896 8.075392020547199 0.4739225863586018
1.3005942080143549 0.21338413346433288 7.822214064248277 0.44263245854792427
1.019339577180809 0.23094668342556873 8.421162762225102 0.48335222690360535
1.140232914484119 0.2017631071628126 8.120651164382583 0.42003305417960124
1.151483077554392 0.21819905130832518 8.16933316026203 0.4518612484087598
0.9006704037795149 0.1997591183259603 8.67797484740773 0.41175287537536087
1.3543471005325096 0.2307900228447431 7.722284134520201 0.4738773468102643
1.3227851728249524 0.21064319156658673 7.819061414678654 0.4463266084697194
1.08404968482891 0.22439565043053292 8.286798002663687 0.4639290460254699
1.4386004166926596 0.2096580026011493 7.529314204839194 0.4307451353679787
1.1242960333192582 0.2400074499043638 8.244548028542242 0.49557015248994757
1.1486029201247492 0.2165828738588581 8.131564201748052 0.4479224984861404
0.8225681378935819 0.21600597344655004 8.786396601810926 0.44397801013451005
1.1917382608034548 0.2116536873173884 8.02995180155639 0.4423533043782869
1.2687059526254498 0.22367556370540634 7.909731199140328 0.46556520344700447
1.0786554817633647 0.22441250111369354 8.334389851290501 0.4620660394283794
1.147197414217917 0.2192220430701045 8.218162854503653 0.4522441879399354
1.190507369838827 0.21953801747979276 8.107215862835623 0.4499506456998952
1.0538735315922043 0.20201458283943555 8.332877951326616 0.4212590922103386
1.0271351919658447 0.21527891034932944 8.34554322933337 0.44979227027083024
1.0356255050622902 0.21650094560960967 8.382236150793434 0.44789514718859025
1.040044205907904 0.220159426645914 8.314625348943396 0.45646853780048596
0.9793055744666603 0.22354103614834842 8.53606466010222 0.45721531161789264
1.234442897984522 0.221597520081512 7.932116058727204 0.4552470008516911
1.1240490047182918 0.2115447795218966 8.25795669107781 0.4362262825227657
1.203378658797992 0.20447258085548348 8.032562809583318 0.4231000632469457
1.1655934758818396 0.21041027479966642 8.137997586516494 0.4371889360624967
1.2741118877694444 0.2305872786131348 7.908227869718657 0.4736631105102517
0.9763214917278116 0.21888554062301033 8.488250896465878 0.4545444766941659
1.2695146138871296 0.20029164944998334 7.908275677271673 0.4138449768198907
1.2317785066592015 0.1976970685959105 8.010634076903106 0.41059123249135276
1.1801561717997315 0.20973271405031024 8.107810803473193 0.43309647867377243
0.8907769919679953 0.23599754127659922 8.610637405760594 0.4927405705087853
0.9997875018280089 0.1929043881229502 8.45464027976644 0.3961117338322798
0.9730746033306553 0.19419536204006368 8.538220090393905 0.3964222724309462
1.0498499308203104 0.2199872183635145 8.30273637200791 0.4549549292625945
1.0382926406768918 0.22561562304859822 8.358328144671562 0.465783086959611
1.001531512043584 0.19579564581844694 8.4143596417345 0.40638780231868094
1.3980558112995203 0.22349033943536478 7.646109712110194 0.46004661903652233
1.146987508096451 0.21687921605580876 8.11322849185424 0.44269228325913274
1.0574530669527573 0.20500309206741715 8.309314072597044 0.42167675100447494
1.234512087712384 0.23708208849776055 7.986502000516868 0.48967295310025855
0.9215816818373881 0.23057473846104273 8.575439268452499 0.4748195694520981
1.128429325763667 0.23413472661746149 8.15900180699158 0.4840565751033025
1.1041516039438855 0.22693323286542272 8.21705254556468 0.46855737128223346
1.245083441107509 0.21511375283196205 8.005983564655793 0.4467589051036309
1.2977981307996123 0.2265434889947193 7.849648894963391 0.462451865425557
1.1681501120291993 0.20666834240917734 8.028781507335744 0.4252916917540295
1.2821012755903158 0.21954186863159628 7.884499449545704 0.45553341350028265
1.1642294588156075 0.20419122791996494 8.084992757292767 0.4249885948074117
1.0465352362107312 0.19652878590956407 8.397870873909447 0.4080384142753455
1.2058151149914398 0.21531291379295261 8.041946835727423 0.4457386435561722
1.3250396528576163 0.20263519540517563 7.765795882557786 0.4157299368419325
1.1380961066164894 0.2339429667154126 8.096278941639333 0.4922517168373983
1.1031127737280335 0.23166223081068787 8.196774273256631 0.4758498267813928
1.069909843667217 0.22645606899791682 8.348982079417578 0.46712966477083206
1.1728224061425485 0.2135043027538368 8.102032783834936 0.4447986789723177
1.1414279214192158 0.21106013963594653 8.177368444671014 0.43951107878893525
0.9273826745288245 0.21572799902150308 8.655262152265028 0.4519142302942132
0.7411853212404238 0.22736493076110642 8.974385112556291 0.4726205940626199
1.1377101595298211 0.2131661506396555 8.20448390893581 0.4414723483242308
1.4780376725257751 0.2233747415105714 7.413364817864874 0.4613422492310779
1.2068343912617432 0.20797387794233077 8.01417613115193 0.43324585942431093
0.8723592101211348 0.2476431335833899 8.629440439392866 0.5156626410701484
0.9976998023483155 0.20413347384066832 8.452891863333937 0.4206390032160508
1.4676563007880947 0.21335173855699607 7.428511182996392 0.4368464139729477
1.3345300914517964 0.19724256366915133 7.777849757964905 0.4104258824233315
0.9716600574785615 0.2093460979755813 8.47120464085182 0.435656567513402
1.187271607587097 0.19234636406573924 8.160088415262999 0.3994222367345848
0.913126044721382 0.21250116379733644 8.601772079376806 0.43419087926877087
1.1888404670499062 0.21802439612271982 7.955626665953127 0.43937705477135086
1.2407384358197935 0.20686401650259278 7.986877287295831 0.4314747914146972
1.2110931342300395 0.23760397199625602 8.000889743399137 0.4892965283648724
1.113982154105038 0.21396741954008194 8.214322298129591 0.4462806166414666
1.1587446946488047 0.19428261945835482 8.042956995069087 0.3995021010450025
1.2777517910006913 0.21661290248894724 7.862788664766822 0.453749186361743
1.0889795180030473 0.207435181871717 8.288668919670759 0.43100047841259015
1.285313607058911 0.21514105549350507 7.853616242644634 0.4443899925752666
1.0678360684317678 0.21200888931264092 8.279013577598395 0.434365004091139
1.258128891328035 0.2366108197419577 7.951093911457691 0.48598223786181716
1.2351047790158707 0.20948502264851002 8.000059312411747 0.4449739736043382
1.320910102536914 0.20914193202840564 7.806625530280238 0.430623478814141
1.2423363190976067 0.2052454875793343 7.943021468844508 0.42612923901078137
1.0064629058505523 0.20137612458581575 8.449462527242643 0.41640764170194117
1.1860525914961246 0.22049042052977752 8.153834024720094 0.4545916343634304
1.1717709681695772 0.22713456898771742 8.069294465991465 0.46913141911683576
1.3232328604337718 0.20142545176566706 7.798928224081503 0.41379808514347083
1.18175788481814 0.2390143500231951 8.064769616842796 0.49585886067803353
1.1348952797681224 0.23044658157061626 8.13421274183241 0.47238721155303587
1.025062441337098 0.21740266472286646 8.343868831316692 0.4521292432983429
1.1941299188974075 0.19653099701401502 8.030549645554643 0.40923946184471877
0.8858875111177538 0.20628905315505708 8.737458216808573 0.4228791855657993
0.814970618830064 0.23596930541553957 8.805121064585155 0.4921990516058941
1.2439367568284818 0.21665548229778536 7.910400579779694 0.45250482648187207
0.8298205898547772 0.2137488021366354 8.769789692074529 0.4423589564171162
1.2324887473683084 0.20322532518542505 7.941824996238575 0.418512691903851
1.146802136721819 0.19932207391027673 8.196442170098077 0.40957506311926634
1.3660964822009585 0.24018601958734523 7.610698021375937 0.49764288888541774
0.9778281393599622 0.22849072540981336 8.546236614570361 0.46889734046076853
0.9603693500039936 0.22197267379638913 8.527081547067873 0.45175507599973164
1.057036178661646 0.2317403928789804 8.306150232753776 0.4776912715100638
0.8212702652781281 0.209137142401496 8.826487443870494 0.43382270452968114
1.3553492112333412 0.2071421346244289 7.660205533760941 0.42300209762888047
1.21120510434658 0.21030325232773325 8.08159332222941 0.44019571039704225
1.0506050533157056 0.2229674904077208 8.257075594257628 0.45676123370583976
1.3255620788712026 0.211710211230311 7.7457296323025435 0.4403233806476993
1.2081713118961077 0.2112968988033993 8.02469155077969 0.43825989482991556
0.9790656028925334 0.22680255039939257 8.50923307960542 0.4622136191628035
