2.4231443830913815 0.23162796330657334 5.570309719263102 0.4725591354131476
2.4919284952704586 0.22848064137590077 5.365614534172153 0.4694833635268459
2.426609092138143 0.2559153804023058 5.537397300598297 0.5270052422192344
2.1956164793521253 0.22716522986029494 6.009954532056426 0.46779189292585643
2.26134257785282 0.22612426588756393 5.880984694210554 0.4679039344961902
2.7546759039266018 0.2540566152412235 4.8170862022689676 0.5196893049074407
2.367841150307521 0.23036451587022186 5.627846107318938 0.4790472367635784
2.3575485155398774 0.22216490738943542 5.665133152656251 0.4537406946726984
2.500071609352924 0.21985662371123507 5.4072174194535005 0.45285620056955794
2.430822260735044 0.2145534948087414 5.520038744738878 0.44657249807895244
2.2761097347784087 0.21675254442208974 5.821606994019961 0.4467442413028171
2.329496614166104 0.20944510566375246 5.689702118994903 0.4300209270307052
2.4105047654496263 0.22670395181411426 5.600314581682374 0.46840457264586544
2.5263171828170865 0.23243722058517421 5.322322717501564 0.47381278860118875
2.4538524413997287 0.2653995980864832 5.456927573470464 0.5521380667328181
2.3326627407690603 0.20843590114533248 5.728074211041082 0.4260267972995882
2.3302662593220624 0.2190369402875508 5.708972826389443 0.45224379483749916
2.638908844543062 0.22037987868497347 5.060174443834661 0.4573290579044143
2.288648309084448 0.22545362395032292 5.794935059423565 0.4674472952302776
2.318459888639196 0.21994988133915774 5.7241805087719815 0.45242269572080784
2.319819464933422 0.2132302933030205 5.701802754700525 0.4415933611053331
2.435415708853634 0.23568143933325414 5.512399059670745 0.4922892555421302
2.406103966130324 0.2208214274954436 5.595648626105033 0.4539809946134289
2.602809902288016 0.2193879267190956 5.154337358223538 0.45047131924028644
2.5569756055536024 0.2198974719539987 5.2274876771101235 0.45251981118074885
2.360328235974615 0.23521759029848716 5.674565842484631 0.4852229188264695
2.4791004037747904 0.21464157284573412 5.428652864760815 0.44444716489061
2.4973896206002593 0.23880527846373856 5.3522126811504265 0.4883450933012657
2.564638592390732 0.2168667845252725 5.254513463553296 0.44239469401211223
2.51692194031229 0.23180758462281473 5.352369610737794 0.48038928284775817
2.514350511155162 0.2186604225378565 5.378989647835188 0.4500791688316654
2.345802512324861 0.23616412017591393 5.670362493823022 0.48372639984233845
2.3843979120270085 0.21208817273752972 5.604054350827752 0.43241416483820694
2.5032737250822077 0.20848841727600353 5.393287606996182 0.42625852442022766
2.468727802940384 0.22858385259024383 5.471658482175908 0.4689547633053198
2.4851457876455045 0.2345097966396439 5.408882261889563 0.4851007939058606
2.371050258345484 0.22284155941182554 5.669137095484331 0.45901581896532234
2.507363509837745 0.23003343379116906 5.339478336485106 0.47114882285167753
2.5024899147498347 0.2089217967688489 5.380385344602786 0.4334141088910289
2.1587410214975113 0.24716267917785747 6.058391849146938 0.5119875088825983
2.4407346712520797 0.2169603489756805 5.470261541011725 0.44531193830986054
2.2757684014007395 0.24131444402829808 5.819611399609313 0.49951159608618434
2.6083106193546683 0.2314121383358018 5.154632265269985 0.4766387523790319
2.482857160367272 0.22882256189841307 5.427013190395463 0.47073230460020804
2.3174095798281042 0.22625153361387343 5.7193332361811375 0.464756464018279
2.489341549735249 0.2345160495172318 5.4303071916598356 0.48435144704228356
2.2816830687941856 0.21313539720013122 5.779206640260071 0.4355257249999029
2.585617670873739 0.22331253489029532 5.23279622294435 0.45767812282082515
2.373718992354646 0.21923687259657484 5.670737810473241 0.4462737568266729
2.633999952108351 0.23380550117129617 5.1216778547250215 0.4774395234055508
2.5041486403378173 0.23322203137520084 5.416190095841747 0.48317980479880523
2.5442726478051565 0.23092296182523997 5.242484288584366 0.47398431610679176
2.5798686936461976 0.2262395281741295 5.237026233384768 0.45956374946558287
2.3509957385357234 0.23413687362960514 5.679251430736598 0.4790974130937257
2.607281107784944 0.1989358880104442 5.1758270443139125 0.40586003961164335
2.554831830647332 0.2031956161640258 5.270739467796226 0.4213911678541077
2.66499663385049 0.2174573335379927 5.044951679111741 0.4481781834844677
2.3502240728882278 0.22968999707079096 5.708819592130785 0.472823011361756
2.4010115270937753 0.21694763107891532 5.63426863820496 0.44975005686402875
2.5639789190826634 0.23360374835868422 5.2479568169660356 0.47884176891380853
2.5516022860702376 0.2372638170374262 5.239064204422261 0.48909689653118654
2.5048341795518674 0.21762460038488826 5.41987220949755 0.44778792727061467
2.4800997044099122 0.21187549826711977 5.403184599961909 0.44026848874488106
2.5619304831827385 0.23319865820124705 5.242783927003984 0.4800665346161406
2.3598431252094056 0.22037148797541595 5.6607710478744915 0.45619969488317824
2.1628113054423523 0.23297251878458708 6.059153279331612 0.47855143548881157
2.3606655691653575 0.21459024950169345 5.652108514858287 0.4416468830180857
2.5315355887466398 0.25537776729411876 5.295029335783806 0.5228043121261188
2.471368797978789 0.23133894555793186 5.450654025642338 0.4759020022297822
2.457994834556439 0.23251697543275945 5.473849882531103 0.48062832166862574
2.218902990573191 0.21923900010024583 5.918877409770701 0.4512381914695085
2.268927516428078 0.21873690834215184 5.826345499721748 0.45180559046766133
2.468597559913416 0.21166580755120037 5.435043988651978 0.4370810333941441
2.490159777034584 0.2282352216134679 5.3685714993404385 0.46872729721547274
2.398570901703442 0.22692503555059548 5.5749960201229225 0.46857036190069706
2.730867449197586 0.1944754706715001 4.953426655889514 0.4045586448761528
2.2605480987001547 0.23385484886607108 5.828971008876973 0.4816855901128931
2.465536522768166 0.2120282594648465 5.42289824869397 0.44032586928821993
2.6197611358476203 0.21434771042781506 5.150263423589356 0.4392856411808282
2.4920225608173485 0.21691615692837107 5.409678775513465 0.44761560788196403
2.1903700661408996 0.19617991385713912 5.975521817937605 0.4016345332890773
2.2754806493152904 0.234585303882117 5.796826370521824 0.4796156709157594
2.2722382417214524 0.23751249086041942 5.829755949036371 0.48827971487163757
2.32949951354925 0.22365141012368145 5.719201647410755 0.45614218038108467
2.4112711719098128 0.23076714734246068 5.534911075950283 0.4800907131790798
2.3004571161524967 0.22939425881978606 5.757122619164075 0.4711888133795005
2.5506531885433326 0.2248533927497092 5.233941673968214 0.46492707680432077
2.4863616257913046 0.21501781544841694 5.417920553806478 0.4410175421727963
2.585110974483238 0.23397385297576861 5.153974529099389 0.4819818412269567
2.6600366848749655 0.23595865965703122 5.068501132943197 0.48694684153226375
2.574677598304021 0.21779214670677782 5.226851560887585 0.4452751509839814
2.4473114897734494 0.2265564011067937 5.515422239875882 0.46615738184846234
2.5335620504686114 0.2299950180022835 5.285094322748009 0.4739145717260025
2.4070498046815185 0.19335176742269838 5.538134317447174 0.3999766936021828
2.6615228792666477 0.23594524288968963 5.00186504383592 0.4821192325715154
2.448837941714528 0.21983886092428678 5.416306742470964 0.4510307449200684
2.1163962635116853 0.22730990409864008 6.145738711242327 0.46783219850735186
2.4989083140323887 0.21103397383131794 5.345573524472717 0.4331282230733777
2.5667832018849035 0.22810364788506918 5.278909746586227 0.46995812662368325
2.5586197866569957 0.25463095535958336 5.306044444328403 0.5227804268643367
2.3515115501085315 0.23826677212685923 5.669423907764001 0.49025773002813106
2.347522226341813 0.23113560204212535 5.758577612990898 0.4770201420737799
2.4913683982248798 0.23229201869859242 5.391406871528134 0.47963220074153445
2.48539559478918 0.21546412931335907 5.408718632920682 0.4436189040464495
2.6507570466108072 0.24126997852898835 5.087939500869377 0.4999180221188527
2.4658845603027713 0.2302206902881696 5.419101447601012 0.4679281434445468
2.346816662639419 0.20953080678322153 5.7031058563670145 0.4291132091587182
2.4552673305304635 0.20632485604036926 5.45651767952645 0.428394276152446
2.6047951882237124 0.24920961281499174 5.143364069149423 0.5098550203875791
2.41254854929156 0.23408426562078355 5.554122538693665 0.48557710432230977
2.199254106254984 0.2211340270452152 6.015648283754805 0.4551278538646534
2.3205806034128718 0.21960383881963588 5.718185789677499 0.4508935772089729
2.410703463011094 0.19933651549522155 5.4789647762629645 0.4140560831554477
2.5286840434353635 0.22259728197518444 5.317010954996688 0.4615854355559058
2.4008064181889126 0.22741180695733582 5.5642247949073385 0.4690955006433519
2.254823738888329 0.22693254277560224 5.8778300241334245 0.46467445007750036
2.4401689811657956 0.20128994617868257 5.459518897028642 0.4166976485342772
2.265915432223985 0.22354486564873366 5.880277287753765 0.46021936092122867
2.282709199812147 0.2020381167742721 5.827892340463098 0.4187686002170839
2.4320700161196487 0.21372155986319757 5.479971947405293 0.44199117558932727
2.4243127396638657 0.2250010311962778 5.5048878731715085 0.4576534215668523
2.503063986401065 0.22680273433287396 5.39818325375107 0.46884261147123957
2.4438852405393408 0.2077055808223022 5.490490473106357 0.4263346769896168
2.3067170170190847 0.23516442969169923 5.765058655747092 0.4868608375061921
2.400311320283707 0.22409997079442878 5.550661486400086 0.45686462645768044
2.6912231467515375 0.21371669461047213 4.96192015648271 0.4397725015546072
2.4285615120610475 0.22464588189739013 5.524027984847388 0.4627905283448478
2.338819843753609 0.2098671569794972 5.6890112651410645 0.4308488409487801
2.4861135532710943 0.23407985621587857 5.453503476286547 0.48238587305903685
2.376664642045138 0.18986158606888143 5.595838952993201 0.3893277341862758
2.2843173493597746 0.2275665686279648 5.756496025320887 0.4673585546783996
2.5228243970261404 0.21025051148060733 5.363838212093157 0.43356451169365107
2.567007996670503 0.21940301268624984 5.314342578367322 0.4569832532542398
2.5222232416734562 0.22316980609773926 5.324176413303393 0.4604165267994602
2.5079928919153707 0.23021189946170004 5.36179220593778 0.47653317150790653
2.2195950561018014 0.23106666673434853 5.921527742471943 0.46908120135793213
2.294958832529499 0.21094496377910713 5.759160259701073 0.4344940258572488
2.6539153112131517 0.2205162916024003 5.042404171041845 0.45444254387096217
2.3552792014822295 0.24161497499605117 5.653211517163463 0.5006109245544558
2.3498966950808526 0.2313234175693705 5.7050676057704255 0.47389319188770734
2.567569841961194 0.20814647599469138 5.24984365526762 0.4261566592710898
2.2341858363255245 0.23962151272648463 5.872287486671445 0.49270623676686537
2.176805201149313 0.19779787235869803 6.052493845341303 0.40945432273104704
2.4570436713323476 0.2027906572713323 5.489774389812469 0.42094599315310116
2.593369807793022 0.21402227232410848 5.1924636548669945 0.43987880659190887
2.372144365631076 0.2250230722455803 5.661458417504404 0.4618835874214274
2.3282215060145224 0.22442623717102766 5.790844488274535 0.4618165361055379
2.4353185591188806 0.23784206256108067 5.460751354721026 0.4891571958829808
2.455893015680486 0.21234032577142456 5.511253324815997 0.43584800276023994
2.3623112396513397 0.2353499602309436 5.645207276426724 0.483681593349017
2.3429718037320724 0.23586298578463322 5.663912899277383 0.4786331815921664
2.1595919138957678 0.2115066308700871 6.066694477237147 0.43951938493801784
2.3110543327516795 0.22840706810778988 5.776626510129718 0.4715704844936891
2.3696060714553377 0.21174468814048103 5.699180112246847 0.4444587437056421
2.423946617150414 0.24097640461095723 5.5881404757769335 0.4913852974383153
2.4201783885188854 0.22080513053841305 5.560992124364402 0.45240867646730515
2.526299265942409 0.22175252779332574 5.367596100836784 0.46205893954384014
2.5973808407323187 0.20833187592715477 5.1723721700383365 0.423985871538854
2.5913403585019497 0.2299903585376651 5.234699899234203 0.4735958546251457
2.246099389872437 0.23206138699180712 5.888941944061187 0.47684477124760627
2.350667365071952 0.19622502156568283 5.625155712719829 0.3987293316718277
2.5347305503443396 0.2063500709219781 5.271234613357617 0.4262468993516903
2.4460394998127315 0.2316425925521841 5.486835749418795 0.4828084885092817
2.4827422857469816 0.2117491891126583 5.3921136556674885 0.43669796779718995
2.464079288384926 0.21415081575792064 5.4384947437126 0.4419980649394811
2.237551002112842 0.21157740570865294 5.892873843358885 0.43758465767884747
2.4378725097564935 0.2391387183569371 5.479746769038929 0.497025955203877
2.5270756188644645 0.2365236010557613 5.318556556612769 0.4862788530868304
2.267931493562883 0.23661185896335327 5.875432081582108 0.4925931138993188
2.301236478117005 0.21150455616195735 5.782177772936482 0.43716619316827277
2.5817799510852253 0.25167816311809255 5.220216608686481 0.5170951810776592
2.4171303053252435 0.21822037144206846 5.548429078328551 0.44423391461864714
2.4144494707294353 0.22095379840721327 5.513270904406751 0.45158416620864655
2.224628000351653 0.2191199669104768 5.967902413655408 0.4513650123535848
2.434650512135563 0.21220510791967842 5.465684409096486 0.4327337037797913
2.6238759412137784 0.2280839883212505 5.09598917134776 0.4704021022666883
2.573245340893517 0.24500594827185115 5.212219751977003 0.5037344476826106
2.3952067937157624 0.20690636535022797 5.612761913163853 0.42399517784928964
2.5095346354976362 0.23421362508239774 5.400488384039226 0.481974804312166
2.370345920250467 0.22077820646832874 5.649104650280069 0.45328042338600244
2.4365455321288794 0.2502881821365893 5.458808436414246 0.5132695867683819
2.503432447529259 0.2155303689107798 5.35395885512551 0.44321317042975106
2.2207433074279797 0.2103105885428778 5.894905283184952 0.43041002197346795
2.553158376845075 0.2149866057631923 5.27370462417125 0.4376479351816185
2.4893766019843513 0.2191205491050645 5.393832402189463 0.45140959914468615
2.142299559839379 0.2120530767624529 6.103169332054319 0.43527472948876417
2.48239753970633 0.23487520335048973 5.438262089813351 0.4816638885381818
2.275713302922118 0.2507324862964792 5.860625560840171 0.5134682119852131
2.4131786979165457 0.23602301118772073 5.55440508527273 0.4879915041463834
2.306167208094397 0.21507397147728868 5.7404101267988015 0.4427753653460471
2.4044431604529226 0.23347478892607726 5.6188917635182385 0.4783873564647949
2.1987777370075317 0.20301918646896805 5.984345484855339 0.4217168290648541
2.2998819652244267 0.2066391750241266 5.798744322301246 0.425628131882998
2.4081001784951503 0.222196201578675 5.552891635340298 0.4592482911843626
2.6091017162388015 0.23399837352029393 5.162057061867531 0.48032512753254364
2.3407255937101166 0.20745747235688877 5.728214906381082 0.4290700005196958
2.467911579014224 0.2290016822116353 5.448039121967556 0.47230021181246384
2.1604212827951996 0.22935878422826364 6.070087820036461 0.4679675245293598
2.2800003015801713 0.2236685355185524 5.834166473708171 0.4609867194692944
2.530706813117018 0.22316463529750122 5.358080228487285 0.45892899149438265
2.4016951961208353 0.22209853623520656 5.5854483188319755 0.4563467708807756
2.2475326946327967 0.22677547640010728 5.986560978604844 0.4715772605351834
2.2425535688446585 0.22713629203295105 5.876419071341375 0.47013045498289074
2.4892890579881732 0.2217467307128487 5.425368347725261 0.458575226182548
2.4917213055444316 0.1998400077298714 5.391099418060682 0.4124057507299262
2.4559782253240545 0.22775188968678553 5.36929564213184 0.4715177144728675
2.3030740901680646 0.22460565120896064 5.81063416546116 0.46550170274083064
2.5113494807954018 0.24093558087158323 5.38542399342427 0.49620591633341676
2.358585291252669 0.2194339775031946 5.629610277613126 0.45045756854713087
2.386448157643079 0.21210592639537737 5.615998252507764 0.43048779855713765
2.287752796557209 0.2114938069188644 5.7886484717855495 0.4339920630985889
2.2719927791725416 0.249505546025339 5.794742906397236 0.5142692745113676
2.190630205747383 0.22256427010117058 6.015582753259644 0.46150072044953483
2.500586700433196 0.24660753516987644 5.381847219227155 0.5048092724216783
2.500467231330342 0.22558753420441813 5.34450578469887 0.4669113084984545
2.2973829200307323 0.20535330587724093 5.82233643580909 0.42293888244603767
2.5181365208683224 0.2062839584405021 5.371271741088269 0.4263469449762083
2.3403141710411974 0.23629563262177405 5.767504898594861 0.4857527444148868
2.417093083962527 0.239560044816803 5.577328086454553 0.48994625296456906
2.4421936552759878 0.22818775165213076 5.474025024645258 0.4703833665271923
2.3874520833157153 0.24176458677851845 5.590818271508935 0.4955482593663143
2.2955596546399963 0.2027889998348266 5.831381148961583 0.4138162470130147
2.4050192411841005 0.2610522232173868 5.617822228650022 0.5372253532659408
2.3959769565615643 0.23288561108065164 5.574434793955929 0.4773016519943368
2.277977494581298 0.2200359326025768 5.817485650217257 0.45755542286743695
2.5712571205104737 0.2386070374356027 5.251195849690578 0.4881065026349202
2.3889259676194374 0.21995876522246816 5.616778651363359 0.4511722651979516
2.50299937345637 0.23994150405396372 5.345285347909366 0.4979627849481271
2.4619936313372075 0.2134785668224852 5.394435250432613 0.44001194554587614
2.699800172756172 0.2296311169504697 4.945395706540556 0.4773893602193005
2.7410418289331244 0.22841025890851072 4.877459261020213 0.4678900285295448
2.3672292653307903 0.20673264778385209 5.630325099990837 0.4245818230601748
2.5704714014524512 0.22122519733134824 5.238196534675121 0.45676882026531546
2.2157548989397866 0.22211580355221514 5.962117411269661 0.4583015854833921
2.539121222642692 0.2416161901001239 5.289270061801191 0.49573315928565076
2.243351249973272 0.2272517311364731 5.912128991485037 0.4742845428571726
2.50005452281649 0.23847673150069726 5.385012432544514 0.49103187059236214
2.496395314739355 0.2070903381388408 5.336479258398086 0.42276807003715455
2.4730552305608406 0.2005502245866203 5.421563302933031 0.41493780406821795
2.467940002747806 0.2418689400581081 5.374134804960788 0.500422629773818
2.3391321665575093 0.1970575540250983 5.678450232633094 0.40783104834930584
2.5334757983837872 0.234626289153593 5.311185638592315 0.48225957850726603
2.458943709895954 0.21418949254739167 5.466040234202565 0.4406960638686823
2.542166720591726 0.23608387385899654 5.284623076859855 0.48480422977201915
2.292131296486066 0.2168016475338868 5.78537417836087 0.45052918350337706
2.3892534413577913 0.21848373009788233 5.572812088930632 0.4483662205013429
2.319708973103446 0.20607010919907176 5.777049312546035 0.4260372289816299
2.543954057662366 0.22999125036734655 5.2989403525101935 0.47083329238357163
2.5046668342184875 0.21090755057749863 5.281913452994726 0.4307972864820615
2.2683969191957924 0.19468423899769913 5.891731380107416 0.39822100408671973
2.2677389585601775 0.2363082115194302 5.888303280432351 0.4914064553950264
2.381227200399513 0.22575197799877256 5.655146118887233 0.468026704538316
2.5539113818389803 0.2236506234674374 5.2564892702021595 0.4568368559281923
2.238748925145732 0.21934120912538252 5.917514305151183 0.4495496530779102
2.3344952276589748 0.24091901539268426 5.721418518350443 0.497721301331549
2.4974458604389267 0.20702608490769883 5.403833895251754 0.4287158098321562
2.375857674721197 0.24627903331363618 5.6574047641926235 0.5036372124125532
2.392331779531087 0.2242933477899583 5.5945110259863515 0.4583360793108909
2.6306437988539475 0.2001777381886704 5.151964182885969 0.41017237137983364
2.150698201587667 0.21764812113911433 6.039920560019587 0.45154583222734457
2.3349455191346915 0.19599412120686022 5.695844594257666 0.39911163069013456
2.5706830877000186 0.23762802363756358 5.235893643747373 0.4884982694446964
2.3629226036809934 0.22703551234957867 5.690419350418873 0.46443050626886573
2.47321455265954 0.24997135555537306 5.415293637956848 0.512164537386774
2.5967213008854784 0.23554992987320758 5.209860351477758 0.4857215527453035
2.563264078902108 0.22678974361939946 5.309251031977119 0.4671121565228963
2.3921556239523944 0.24909397210416692 5.626236539764307 0.5057726869008178
2.392890676038779 0.2190364664951207 5.616980101354111 0.45400106045238425
2.3397926125875785 0.2277884718817055 5.712141344881939 0.4739771241274894
2.443549422979867 0.22763292538748664 5.466604137760764 0.46909547873649776
2.3074658843577365 0.21569696617470027 5.708728535945006 0.4441134960332881
2.498865100875494 0.21665810825814627 5.387450502866944 0.4470147094653013
2.314030230860662 0.2036467563901402 5.737763600160227 0.4196521534717479
2.483255146068636 0.22149853314824625 5.454977105557483 0.45333524796343605
2.4226692358661595 0.23171241200096018 5.556837999440935 0.4692187317494163
2.374105636724715 0.19167108625486026 5.642801164649931 0.3921001193028409
2.254096683336713 0.206986626161084 5.8850099571207455 0.4216298353067611
2.284788776636475 0.23131748599959512 5.799535466888985 0.4737911556736588
2.460424119146813 0.2608729854528542 5.4741770951392965 0.535056703903849
2.344760399723076 0.20870778774867038 5.732551211923575 0.4325525646400865
2.3775799484440876 0.22997868759834567 5.710729516793557 0.4774867479896307
2.672632404576361 0.23446640250772777 5.040685142401239 0.4797110193411023
2.419327032089772 0.1975912593231379 5.572303594033441 0.4063978432113835
2.50178462665713 0.2559621249040032 5.345224914372893 0.5310878184332921
2.4012840880193878 0.23804499783333508 5.570820031424188 0.4922914983135378
2.3742183698529606 0.22326802925484815 5.6558468683245025 0.46642886544042766
2.295355310767475 0.20845679967611697 5.798789570842645 0.4287515420107378
2.2860178501717856 0.2317556762004942 5.834376412302152 0.47485827751161613
2.6709142474794367 0.25898749590942804 5.03243788053651 0.5348924758557915
2.5556637516297736 0.22161372052872888 5.266280101413164 0.4556336530695178
2.507886338473594 0.2199354720683749 5.337728773753005 0.45508048494147113
2.3363379029482134 0.2008488802083108 5.687625044384719 0.41447582114064246
2.5826576339854457 0.20187198873737186 5.2328445959967995 0.41410977127996773
2.4992445808521944 0.21533871851163963 5.3537437855815195 0.4433498849337263
2.1881504160328635 0.22065450198640169 6.065589662028792 0.4583111383764566
2.4353800161278913 0.24658049976398877 5.514007183594794 0.512067536240686
2.11151418671773 0.2279352109897352 6.158966743481233 0.46996074194919957
2.4586664303803385 0.22425749362400307 5.485371631709466 0.4634308122535807
2.6864311054351715 0.20796767062620025 5.025941777731239 0.4263322474686827
2.6212859376020843 0.24171011147085256 5.087689500727142 0.4935124624345629
2.196496336078728 0.20088077128896026 5.947496363267032 0.41557243771839947
2.2855902597631883 0.23049716897230327 5.797101510148447 0.4757417040518696
2.5258100942063617 0.229580758937024 5.336093354972014 0.47114522079471505
2.3654886368215595 0.20282468806413673 5.639078592622218 0.42007439611648734
2.5768659086306798 0.22601233105622875 5.2364872105533475 0.46609743181659663
2.464966219237982 0.23129028695274698 5.441572519391292 0.47464612630228925
2.403843682603334 0.2000080489354645 5.525746552170153 0.4103615308056057
2.5618317767690093 0.2068653566947281 5.237628621355958 0.42500787348513375
2.702354168085949 0.21671879792210058 4.911075256208884 0.44777495670360923
2.43196652967612 0.2306384135106355 5.532501729081805 0.4735522082581116
2.2369891637791213 0.2018601718661136 5.959391599984707 0.4158734612607389
2.4686385660608963 0.23303899656537858 5.414654554349349 0.47794556641607067
2.63495499761995 0.22888356697327142 5.126897460172496 0.47437922616244116
2.5994285697179627 0.20712508843957217 5.170663608739936 0.4299359738259981
2.525725092827936 0.2313417949034183 5.307047013052409 0.4748907783555956
2.4113795281700257 0.23848669405984657 5.55437664223846 0.49099698209513853
2.3228857651168955 0.21797122737700186 5.753682094182159 0.45489175477051147
2.574517875744497 0.24042164266808558 5.213510736066823 0.48942875840438665
2.367064945732181 0.2214317026663153 5.6094852243876465 0.45384542418025237
2.5688551943702267 0.2310895657033943 5.276038607045001 0.4762313528879527
2.4816455178060037 0.23611451160281618 5.420810326495376 0.49213805509146374
2.3828032465632902 0.19515560298992107 5.617019799687827 0.40425728766657676
2.5605479526027466 0.23386523460790085 5.259258767335904 0.4835695753752494
2.1883892698741594 0.22433221181013116 6.02386523636382 0.46143362916226505
2.3873239329299882 0.2254126521883247 5.629718566065483 0.4599534684105242
2.488776142168699 0.22935154846292746 5.402252448651134 0.47137110567657525
2.6064054853193244 0.22354999775587076 5.144738713497743 0.45959864967296615
2.363168866206104 0.22703296251313207 5.649245745023546 0.47203899288255896
2.43177072094952 0.20912540901677265 5.524681287038733 0.4337669112064044
2.3156967218048568 0.222899884548706 5.745990733313083 0.45333835822113744
2.7081162139673447 0.21643419752892348 4.964495347171971 0.4478482613934497
2.6551486133494056 0.2121156758240033 5.075474012154195 0.43863979847445983
2.319025657568909 0.23221117596056864 5.734180615916352 0.47527308467441415
2.5671194672036615 0.22537882693934094 5.244517367411799 0.466935714870261
2.2194651568283077 0.22353626465890147 5.941861490349986 0.45541520000132035
2.625234899341167 0.24438514114637386 5.119520718733343 0.5088843493638615
2.551932726520203 0.22156154304838402 5.213234376141472 0.4538440591146193
2.2841346102122984 0.21502367295303845 5.7813487891595425 0.44197854017914945
2.451751403863446 0.23388832084865296 5.5108793731004875 0.48754851908666735
2.2489802600494198 0.2050992300745837 5.8685583935396455 0.4249701976542869
2.486091060586885 0.22159189874158128 5.385750041223664 0.4551609612727953
2.272352838496678 0.20508814481612456 5.851497376712965 0.4245363643752833
2.5447607067200506 0.2248975212620143 5.35767451385686 0.46215869964352513
2.251434556566915 0.22296100764627189 5.840534686339387 0.4583978211666947
2.401507118343104 0.24744983887944128 5.555636591233149 0.5081255821300321
2.623320977088629 0.21749500582514086 5.134779890831373 0.4481548360248862
2.678398563641764 0.22700790376702185 5.022207897976976 0.46936578067250573
2.1759417753482486 0.23400341964047552 6.031814411249881 0.4786737568970373
2.3660100529931536 0.24180142058350024 5.590742299084779 0.4965342193118474
2.296886909434399 0.21764059414087977 5.78600917058692 0.44359493208730844
2.170853408180859 0.20947853481124495 6.046376183541518 0.43064431814076054
2.4463005404478824 0.24943480151177724 5.487284467556529 0.5117894472733394
2.161202916032459 0.20961114564991168 6.137104080370012 0.44062658923803555
2.5510990250396848 0.23151596856111414 5.2906613820814705 0.4723819879796144
2.4621721564022723 0.2178407649164483 5.427273029309071 0.4530500341194207
2.488012094457117 0.2237308710356206 5.426498109382756 0.46022237188507714
2.6480690415062917 0.22129665823059405 5.079586957074344 0.45028442518726886
2.4613287837848246 0.23162858037848277 5.505469079097374 0.4757830115537561
2.3197661647815084 0.20830382216959167 5.73039173043586 0.429015339065108
2.3975943525597803 0.20424537948101437 5.552828740931016 0.4179966249863989
2.464284405944311 0.2305903538563994 5.427360226064864 0.47388130419263647
2.3411402469462064 0.23259493519500948 5.719497108378873 0.4768055904103761
2.402843055263791 0.2359574904522662 5.560203513733958 0.4856393960584909
2.4037320038094703 0.230355175948914 5.5726280495024785 0.4711195685543607
2.504105021689993 0.22257236671636577 5.3408365750078515 0.45881892401070856
2.426851824237133 0.22060643120791817 5.547176026313666 0.45772484157269905
2.5856575548076437 0.23221357880728666 5.185220390415692 0.47143347285926596
2.4156417813224027 0.20441411746161486 5.549252857454556 0.42050145596445687
2.1171736746724186 0.20560385021564254 6.140264308482914 0.4223500095780282
2.474468703129987 0.22504387792231217 5.433947082489864 0.4624551673847619
2.368389331730256 0.22622272188128403 5.712011495270694 0.46621938608700403
2.461643769318952 0.20257569759216776 5.482530615127011 0.4173210145252125
2.5779605820717766 0.21548689266428034 5.255638182427578 0.4423926423996968
2.495720754275775 0.22734564367309953 5.389996290858372 0.4646915293155206
2.4713517579375472 0.2154797644495714 5.4832593217206185 0.4439709981649043
2.476498851173777 0.24526032596871858 5.41890536144952 0.5054513125812311
2.4375763016135212 0.20692069762110565 5.497430254931334 0.4273923415704012
2.3177002525231116 0.2151306586996033 5.723975582321886 0.44569143242638226
2.47803056055185 0.21837065234801878 5.432716347065066 0.4512382754070736
2.406770995610535 0.21360703768335193 5.5403133380314475 0.43648296259599406
2.267853456622419 0.23165583107750257 5.8600287226186385 0.4788152185726123
2.4820040263693492 0.21791431436625622 5.384202583052844 0.44836279534961254
2.3917898797634405 0.21275750800671636 5.607777340409856 0.4405520985287806
2.6254035901182373 0.24396103854262857 5.111000350523195 0.500163937643033
2.4875918325799895 0.22098589435253663 5.416492164126154 0.4576493518658723
2.5575899021126807 0.23320107258016412 5.169911706566667 0.48377911238949906
2.6059689787880815 0.20662778257690495 5.117495064657291 0.4347615575644738
2.553461061753962 0.26010366018408276 5.28323690029554 0.5383675639648398
2.578032603805908 0.22544982820524478 5.178456360903433 0.4659332141451797
2.4204320022991115 0.22014020751722216 5.498701208469756 0.4576291685209625
2.3027538814582336 0.1836178494270114 5.755756660376546 0.37273562103062285
2.5003705798676967 0.22500561610585174 5.395253380722306 0.4652784116243633
2.3014624540344926 0.20307538606035994 5.771997570003249 0.4187680061588519
2.4651129856760505 0.22903391281775323 5.3922203407942195 0.47015226911948843
2.36615841356525 0.2267015631461008 5.66085667952037 0.4674093583070943
2.5272037546109787 0.21101678646687858 5.3334669135189445 0.432455517283096
2.1700228241538344 0.20186132829489484 6.07663344345992 0.4176851368730125
2.3694469327827608 0.22903441100523442 5.634950579269603 0.4701647242437008
2.4941340764071107 0.21894821661996147 5.336728326904629 0.45144491305015977
2.6287853161507 0.21041847387171217 5.139791469026556 0.4308702025228964
2.4305181477336055 0.2038238253137189 5.478633909639321 0.4238229418960414
2.612254476397401 0.23131104401708905 5.112602965848602 0.47310142478553596
2.4166072975159043 0.23857812229849995 5.514209224958037 0.4861419518618957
2.5046483179325074 0.23049116070168438 5.351247230144242 0.4725551611961374
2.35312534494389 0.23792500491243096 5.657826485715748 0.4851056866221184
2.4793368500663853 0.2504353850844285 5.444702316532213 0.5134973135713884
2.51259181101877 0.204782702267108 5.3961253020686595 0.422505770736305
2.6228687476910983 0.23440424133132645 5.122738786744876 0.48415102829205525
2.5960132952026305 0.20845030856482263 5.1819881362969396 0.43105713399495493
2.3592193212415005 0.23082306331050548 5.652464835190621 0.47691921366895634
2.4544176904728037 0.2525445031733872 5.490677112187138 0.5214585231551825
2.3253368220932256 0.2323453212258954 5.76902766035156 0.4824191718019751
2.3874212443724687 0.22728594694895757 5.646057906822161 0.4716228192337587
2.2528563863397455 0.23675090749297673 5.890970097561482 0.4876342807458155
2.437544951713189 0.23246450289176024 5.502345965131671 0.4787919251259162
2.5648818579635595 0.2326272360685712 5.294764574510548 0.47928092878851186
2.643163627913622 0.24484347295832645 4.999579268002 0.5009274140655008
2.5912974322537163 0.2041727860149866 5.209974817011074 0.42093269393537663
2.589495127139262 0.22161988467012902 5.220298778779689 0.4519663504380198
2.2955279025316266 0.23088199954795574 5.800628244341381 0.47171828712539987
2.295559140024979 0.20954355354276644 5.7991602177049755 0.4283677763826047
2.378266208075971 0.23348416233022704 5.599930494657458 0.4774098659127591
2.77697117750662 0.2318002126883486 4.857224840914824 0.4761089719349827
2.256117815900523 0.21990525207438205 5.844572274421594 0.4494491730908313
2.5239606197360054 0.21249217655434274 5.294838656938717 0.43455024842934653
2.3757678596871545 0.2422107129463591 5.630002310602993 0.4986118942847676
2.1771216478780064 0.23732450786822343 6.001940461598101 0.48744853826204654
2.4047633120392073 0.22892737171203179 5.54292692319759 0.4747019440855902
2.501213040370237 0.22927299417269087 5.3500897556717355 0.466463309512565
2.405345397133075 0.24085338983863344 5.595180564625743 0.495914348696573
2.6617928524525025 0.21824951447976962 5.033210501822442 0.44998563698880206
2.4740147388832554 0.22259488656341878 5.414638137740065 0.4524047700971612
2.3601326533925486 0.2342428705846527 5.649499180396107 0.47759876508253835
2.250117157881551 0.23110971220810897 5.899444286368948 0.4812260924337519
2.521970040418005 0.2272174485086258 5.343634610209097 0.4640762071796923
2.4671584677835083 0.22904503532165146 5.435086804902562 0.4716421909958727
2.2903282846265136 0.2162471966718196 5.786642907298408 0.4463015959932816
2.5973897680246982 0.19034692984037202 5.177756639189698 0.3908692096242496
2.3817656598566117 0.2331473095543203 5.63437855653952 0.483576150796459
2.3533727842780423 0.24046376064109895 5.644418682766773 0.4952719948129142
2.458306271285548 0.24809235231150448 5.469133832324411 0.5130650233978721
2.289101243808198 0.21898473097252313 5.803987333200958 0.447323125999878
2.4600705802110627 0.24332230891543155 5.454864515536592 0.49898561101736516
2.4621445974822285 0.22186801988774352 5.455051638282202 0.46110293573589844
2.5203867491417746 0.24532924143931745 5.326411685849854 0.5079898521292565
2.423176401757491 0.21260488935120014 5.553713638186863 0.43567981052385196
2.2981268024515478 0.20960045608559927 5.779222085953151 0.425682419505981
2.633298095089052 0.24589403738104848 5.069032562363792 0.5064556415143252
2.382972396373304 0.2111705639349707 5.5889752643664075 0.43610915110494985
2.364109841953126 0.24857040396056465 5.594074006399563 0.516242577473848
2.566155828049994 0.22781330201112432 5.216670670375047 0.46684184461332895
2.358038423982202 0.23224407504904493 5.681246345427735 0.4779492946467335
2.5157030482362037 0.23379821510154297 5.3290328342067905 0.4771832919765348
2.345285712651123 0.21580559293381427 5.730167613995833 0.4440057783102884
2.4870731472004444 0.21810379620216216 5.366127007941932 0.4468514873216622
2.4310148336747814 0.23885480621664662 5.551019805806925 0.4890641071148622
2.278000895034412 0.2169033482809697 5.814030419089148 0.4462655191546565
2.5263399651946705 0.23779802174655765 5.343103809878703 0.48497980801431373
2.696354066446877 0.21145092551565767 4.94155959601569 0.4368843950807538
2.293614017964604 0.23260436535243964 5.838222667572179 0.4809665936030861
2.585322909470064 0.22753197192821448 5.190249328471786 0.467926383518731
2.3877212137710653 0.20657165585474005 5.6033999582198835 0.42614590836045224
2.506351483714244 0.2103676949781983 5.351412584941517 0.43664941648923083
2.2166799994640023 0.24636628971433816 5.985736020071823 0.5008207283025846
2.5826073983254814 0.23489377535874045 5.193221542507439 0.485287160364846
2.740334478389824 0.24512746902218044 4.839200520911637 0.5054643890282973
2.4579312886073166 0.20761332083968198 5.415012117100822 0.42492868495706054
2.3800582503287844 0.24582322924565886 5.625501733698316 0.504483010246386
2.469414685767137 0.21645423962980648 5.441593427974384 0.4507868748121806
2.377728922005569 0.22150434818861797 5.5943357597376 0.46019176641722825
2.5648124381732496 0.22811188435130744 5.23977971971223 0.4727038298531436
2.3061603403758753 0.22303681260663857 5.79012817439253 0.458788936692284
2.6493775377287894 0.22155576589476633 5.058752803712779 0.45322086979086335
2.6201574677952872 0.2274641375056991 5.170327272858132 0.47124628994807444
2.3407163689664134 0.21635155788385282 5.7002799518939575 0.44443412531512444
2.4596466777574832 0.20163974685441333 5.436936986622841 0.41554949158578347
2.5438254598169774 0.2248596438798673 5.275606520102803 0.45909846331005383
2.371626853602441 0.22158824073687539 5.601111630066243 0.4564857563791837
2.3357649729722265 0.216453846598855 5.726615704819579 0.4478861469746579
2.4812689426887857 0.22889131367371857 5.440632032786233 0.46995506793816644
2.575601388417323 0.20944192659824418 5.198134727253141 0.4276931118427336
2.735505130339122 0.22911698728426852 4.89159947161862 0.4766685010798872
2.536073562166564 0.2412606417350475 5.2925109043624445 0.4961078546749732
2.480653052880876 0.20594901193412787 5.429836411823773 0.4248331640966349
2.396114810537129 0.25804944851306927 5.532984972388121 0.530885258855039
2.3598638446020197 0.21309541785771446 5.7190151586691185 0.4416083483959818
2.2422994903236524 0.21685229481463514 5.8735334574246405 0.44518149338470264
2.495534811556136 0.2295135468271584 5.376261296557438 0.4759740693805364
2.448253812463415 0.20367592004299384 5.470690144982754 0.4215281046325773
2.4527565899782586 0.21937441284710096 5.475568390288988 0.45362350737746765
2.5020583196521393 0.2420241713943996 5.416170920790641 0.49925960133051506
2.218773701341724 0.20507021784834853 5.942433207098739 0.4215855839406468
2.2208941057122793 0.23496342457234037 5.940679442279361 0.4753385388521824
2.428552908898546 0.21783305335237924 5.532971399968162 0.4531846351271641
2.313405997213077 0.22085667654567923 5.798512969173807 0.45248978175958765
2.471351541263004 0.21724119963677654 5.452026750804713 0.45203608313771926
2.454216581742676 0.22596826582173699 5.434935106089181 0.4648157862576671
2.535233993131159 0.23302359890010693 5.27398027026465 0.4811976092683998
2.581270024080676 0.22089275015627582 5.196648287673367 0.45313141042916727
2.5744694957592773 0.20166341625967302 5.192564128746237 0.41441245133395055
2.5519386881623864 0.22233257407452173 5.284744103904554 0.4537772480812104
2.256273257708104 0.21016743503414584 5.844850061011179 0.4302047717131169
2.4017981770679926 0.20433424495833888 5.57673404884944 0.42140462275001467
2.2624840025352304 0.2246512023353237 5.9111984523699395 0.45822244830593073
2.2874238656982584 0.2387408151410114 5.826053058783618 0.4934438701688587
2.307668679954409 0.21456725021124046 5.733205906014813 0.4368312828922623
2.41673174735691 0.22224644208146196 5.538012744782704 0.45691592814724513
2.304051834648473 0.21569595722704968 5.803793692570018 0.44339396275911275
2.4861322798612715 0.22727412326267107 5.396873140447805 0.470141828762013
2.4746419586812087 0.22653952694601237 5.407753501707052 0.4654891237597649
2.480584421022802 0.24302102681047555 5.431151871470397 0.5017462154222252
2.651465708410802 0.24801065485338597 5.064275006847394 0.5109899047771352
2.3744389513295108 0.23634187722326486 5.601742964682337 0.48415511620212653
2.378239840825946 0.233268515838869 5.646243125977964 0.4801063859299496
2.3794417444655958 0.22263453772836664 5.617136325969431 0.4567233484216892
2.3854046488742364 0.21460892353994337 5.58922136045978 0.43504468774756994
2.406809488734988 0.23462771822316983 5.544863071701869 0.4818658653631625
2.601303900262756 0.2290443627809069 5.152832441480348 0.46872432847919493
2.53623767433285 0.2437686144289776 5.30103233157833 0.5031719311710765
2.5785482278860323 0.23480991512340818 5.176892102700341 0.4812678466284943
2.3371811872474115 0.23175803413541426 5.71070684747909 0.4741027999776227
2.4382539494241695 0.24358940589353784 5.496958065079898 0.5035849423839653
2.437026295131994 0.2290540973689142 5.507432400509518 0.46926041309650884
2.513559687049641 0.21471848618370357 5.324347688884714 0.44612539522808226
2.5070247471706244 0.23157590124511754 5.357269834742951 0.4728897684069021
2.4413427823018483 0.24033595110098385 5.461971041246183 0.5021589762439679
2.40109433144778 0.23885570442117557 5.540521304150336 0.493447138600758
2.310867617076235 0.24331695329621178 5.785662431518407 0.5067907106133259
2.4524056316681633 0.21635197443179055 5.490590371533209 0.4439892806463815
2.4427085062894376 0.2296373665551596 5.483945409382685 0.46815138970007825
2.5666556487752716 0.2115757243684827 5.194664187161571 0.43646179775237537
2.5675044794708404 0.2296846877606056 5.220514417563795 0.47108769935307176
2.2708831421000193 0.2047245880624821 5.806089886836574 0.42316970406605076
2.195978185256928 0.21717782209430728 5.977338834694509 0.4517860100454649
2.34010233126864 0.2416722938336053 5.69432686023459 0.49686149115109185
2.3583021850783803 0.20099096100914438 5.6257678972496645 0.4160959254999701
2.5378039959255827 0.21872674507937623 5.247275190216167 0.44697715796968435
2.2524709036918287 0.22496888598079454 5.883165034258516 0.4599576042936354
2.263614855582916 0.20619026555533831 5.873969989854034 0.42484486475266897
2.5378731932007565 0.2430694063205814 5.314551118833759 0.5005771919666229
2.4140001558515554 0.2431438709989491 5.661136597418569 0.5011879169471772
2.424557622988372 0.224158219823251 5.540511072151666 0.4620306858083045
2.2317432304966958 0.23414830187410493 5.9320181193916 0.47422322069013784
2.4437938855620143 0.21490254384491858 5.514486624909873 0.4436454825002917
2.5185917853823803 0.2266281583633527 5.376760611459025 0.46706914474825434
2.5429411202501386 0.21243880851690616 5.284559239852866 0.4365868073002097
2.3435681887714956 0.22638097020188974 5.71582300582655 0.46164803087181855
2.550929515889207 0.20659196872482422 5.272687498451673 0.4221101446131567
2.271845079631156 0.22377669061171246 5.848730143556029 0.46017062398800695
2.469465379861293 0.2064661743239018 5.433186246927049 0.42903834030046123
2.5950083625342595 0.24244403028979242 5.163353220164586 0.4968094402957102
2.3886059390828596 0.2178671071246163 5.531236644868148 0.44624569916087725
2.371607550442601 0.22469215555979072 5.649175347921912 0.4646943253440205
2.440863763839782 0.211776572880195 5.490122242386827 0.4357287125465072
2.2295171323577883 0.21081615967304154 5.922456884435805 0.43684411330272555
2.249753563301642 0.23445792826319706 5.875490034324512 0.4747934771400028
2.2023272863770904 0.2184589340588554 5.943818630290516 0.4500813833626695
2.5772554328319854 0.24825533432157493 5.207188925476702 0.5170966196039676
2.3978409877169025 0.22702864803126394 5.595726767368766 0.46385336859588727
2.502275760133579 0.23332996799798794 5.404745749617648 0.4813399144392314
2.50887258941823 0.2255627168644959 5.390618110138884 0.46283345339278564
2.503389268753371 0.21072094026016472 5.413994445746514 0.4330458272936383
2.6629383373952225 0.22868773874085166 5.092889109381581 0.4657695425163278
2.462131876387205 0.23194710605732735 5.426548542453946 0.4730100475998905
2.4049264506415695 0.21582325521383874 5.572931841936655 0.4416602977184339
2.56386827413751 0.2193232265086393 5.228188684053666 0.4535451714169862
2.322909196588226 0.2135617935824521 5.756117334161397 0.4411268454373671
2.354453655169923 0.21271483897568985 5.6695324966740905 0.437797771921202
2.3650504782406294 0.20773370199895191 5.63975351271471 0.4287046149047094
2.4238221474794925 0.20982464101381565 5.525678112469699 0.4363260596781398
2.442357989429385 0.22415984661827487 5.516315102398907 0.45854680473920384
2.5176189959572293 0.2319051226561044 5.316829258115522 0.47474041829968394
2.0985513885242097 0.23012176304347745 6.22042217410668 0.47328255472133
2.3611955039807366 0.23967156422720906 5.683270900283738 0.4934304402385237
2.4354347477241296 0.2522352440131547 5.476798889773168 0.5198748971747096
2.2942999511487265 0.21188433649694924 5.8313319263456975 0.43327590029435875
2.281484730844069 0.21445945928880641 5.8197330549395065 0.43928354645205653
2.665721663102234 0.23182178949578303 5.085681862355066 0.47921048550412926
2.5977595113647465 0.23991835058462033 5.1877827508296495 0.49220455534805746
2.3434239723173134 0.19438356886960784 5.6663031669383415 0.39884459147123213
2.854202001873011 0.2008396262857916 4.56255698358137 0.41358900560886813
2.281469385469137 0.22021805911092812 5.834583852393056 0.45152275957016164
2.652398262064165 0.22656580689376885 5.055941376188744 0.461219859607655
2.2382835873051476 0.22503292967537247 5.889986191959727 0.4665751182424463
2.1801936057926143 0.20934178099552903 6.015982073618679 0.4309155429727816
2.3590190800102073 0.22125369384594099 5.66908728437231 0.46090840080393775
2.4361865361278285 0.22413702027439855 5.551350611915582 0.46126398724640655
2.5726312060933685 0.25077437531800606 5.223826244752799 0.5140183497046303
2.3417363878447164 0.23057717674927147 5.707881079245108 0.47644443280473053
2.281525832221388 0.23485446205695484 5.836466230684383 0.4882053176459669
2.389172216008837 0.24007127581485285 5.59347163904269 0.4954666029448177
2.3077389234563994 0.22143691568710616 5.7379775248187395 0.4552326554492677
2.5005808078699254 0.21633723378352282 5.388421817041553 0.4453730599367252
2.5696839117016808 0.24505801175744202 5.230685070400627 0.5076481935495893
2.4642216463964344 0.23229480392216473 5.431114146833619 0.48081737280369624
2.470265728547914 0.23057132689194684 5.412403928523256 0.4693905145608098
2.4331708100965246 0.223749252925199 5.494466667825058 0.4655111216767842
2.6681886905909624 0.23836095158871276 5.045323582935273 0.4897717547247055
2.590849341235006 0.21343724302354858 5.22220347209818 0.4382321733046783
2.314721510648056 0.21722219130745601 5.786180211325524 0.4453043833675625
2.2666438329723677 0.2312102527301309 5.878590075769525 0.48004456873437545
2.32247874633512 0.21906385991715482 5.755502957314928 0.4543585328768629
2.4285660980250015 0.22573432919085898 5.544220236355835 0.45999626283543693
2.399197462863339 0.20773945574860697 5.585888732056856 0.4257570461154027
2.4642028331891277 0.23201826785776145 5.401981138897424 0.48292353285819867
2.449575083568884 0.22321620355436925 5.485251370012832 0.4613979593134805
2.2998168764873834 0.2102869704112695 5.827727352593914 0.43115909565145555
2.4367257503447135 0.23315524837923698 5.50185860988265 0.48491308598751215
2.3624470123349504 0.2139043691743238 5.584540756401239 0.43655648443031025
2.5729102189198376 0.213382444331994 5.2462926460218915 0.4403141385296428
2.5209768623973217 0.22171158844361255 5.303348553987514 0.45821532277986565
2.633202716862953 0.23224537180631652 5.1095288163780825 0.4782285861020246
2.2583404817167425 0.2087619360976941 5.862233208553343 0.4320183652034266
2.260194616591164 0.25787518796098946 5.888252532365146 0.5297557955617622
2.5390407275179614 0.22612523476688312 5.233622940419252 0.46814319985815767
2.5215823857863686 0.20065525096697476 5.331015641003841 0.41366370748640513
2.553510940785671 0.2192920006882358 5.262344723078008 0.45274336374480856
2.5316838981828984 0.2399532221566201 5.339305089338422 0.4960704705109392
2.5779656891850506 0.20483121640356244 5.232426158616123 0.41934925843193943
2.6816871106739173 0.22069144063593538 5.021960178884905 0.45696119711819
2.65941437141726 0.25502068168172426 5.055005189530741 0.5267716672194462
2.3301770932500787 0.236358149388271 5.777345255766758 0.4823658629944902
2.560111618291444 0.22578563701708199 5.245064742519091 0.4640250249093727
2.5975054219050895 0.20923497447883674 5.197899901890585 0.4314445104596274
2.3554473483754976 0.21458853678366763 5.713046470739744 0.43945318901725133
2.42306455875827 0.2233820971849231 5.534903062380015 0.4568476103458891
2.3586245496167577 0.22591720978770483 5.648245926240934 0.46634402646483
2.3598533684871406 0.2139368939404788 5.642669268853821 0.4422164596763715
2.4199675289207585 0.214680630143827 5.582837812228565 0.4437667072739529
2.58819562434637 0.2241686817835656 5.192102669862477 0.4624790555176419
2.0384096694198295 0.22379587948229418 6.357517909867564 0.46271258636639717
2.4171623311751587 0.244779875912294 5.576820394295224 0.5015274056094421
2.398862020774284 0.23102158656530833 5.593541723392644 0.47606265707080186
2.6677878936268336 0.2643584361992729 5.020420486533391 0.5449017967860214
2.2865183861137135 0.21850599320133168 5.787440851266254 0.45391749350052313
2.2863359298428705 0.239107181884081 5.817767541246168 0.4868775339542126
2.359857801052895 0.24393946542412334 5.718880216028884 0.5032277454731997
2.4272003528086104 0.214155366837814 5.5438174138022696 0.4391249373761842
2.509896046843459 0.22193348698951434 5.397409530968069 0.45218236767451825
2.288135030260705 0.2191331156294786 5.762419796289935 0.4493646442396423
2.104750732416366 0.24173592187563384 6.205510282745817 0.49659703329834504
2.3997951805886566 0.24204905266689752 5.551750372655949 0.5002593878317916
2.4897313831052026 0.2216437011813038 5.409188285030616 0.4546510003076785
2.580965240534086 0.2077098385934574 5.200322479728409 0.42783910704541805
2.3107203636321527 0.23961935650008898 5.7537132654005525 0.4975002797245639
2.524123399081063 0.19270711350943595 5.326886625852891 0.39867473197730113
2.2753873041182118 0.22576957310656706 5.837191442135478 0.47042027919897217
2.38247012970234 0.2386219305799553 5.636229506208853 0.4932703579764579
2.415303467365087 0.20937195369274736 5.496320415067633 0.43118812000973955
2.496742200214917 0.2124947060808504 5.401277557984902 0.43685054009648316
2.306454882825938 0.23945630697140205 5.809476658393734 0.4935809093611651
2.455843049754376 0.23732912163375677 5.509133556499329 0.48729975312826557
2.6247161865341173 0.2241340239856473 5.07634792279217 0.45874650001524
2.31753633305454 0.22716366834302465 5.792440483984615 0.4684429072620717
2.6800875085414084 0.2132759103036576 5.01718173604935 0.43635303030283684
2.5509163003784234 0.2290105866268148 5.248641585552534 0.4748856586217199
2.4053116414197944 0.23066689894249795 5.597997296966095 0.47681505271931524
2.2131176069636336 0.22454958354606877 5.970250953657002 0.46039327671976227
2.3354356467664337 0.22430284708963066 5.74304305882848 0.46139065675178426
2.379793126386618 0.2216829690645988 5.571656077749003 0.4560067267736586
2.3113384788778926 0.2292557981858236 5.766988381010924 0.4723795258760942
2.4702020947017225 0.20956934271936598 5.385238643567929 0.42822779114521314
2.6624772145795217 0.22616945104303626 5.019021563570369 0.4730154795286179
2.436303581729341 0.24013403719032378 5.563269550588554 0.4914781533005239
2.2706272364789655 0.22578790372873 5.832943341244185 0.4687061782839138
2.528651709407076 0.21192272239714524 5.298602691729977 0.4358805069319915
2.3312838794785424 0.19424089244765916 5.714826647716537 0.3981499225990427
2.468941575161132 0.1876035441509323 5.470987647386744 0.3880184464077029
2.3381881582772257 0.20398588758266992 5.719571567783909 0.42120340064529666
2.5727053913660756 0.22025005053102095 5.214276818921333 0.4523158656782143
2.5328020249063217 0.21604069631543052 5.2713299755493646 0.44277769802330785
2.3246861916305694 0.22521898400728863 5.717847968484465 0.46130992761713063
2.485024681226542 0.20414697799318818 5.374614359939154 0.42050655467341075
2.2341873178378346 0.23732415601409296 5.933546514967844 0.4892077868867077
2.224185971614224 0.225123951748296 5.916691848252237 0.46309702807729247
2.713605654581216 0.22736417211762186 4.948443467613952 0.4659615777702889
2.2176348748156514 0.2265880875641491 5.950965656667802 0.46945668958853615
2.434700527485052 0.22477600807159986 5.52102607242605 0.4594445634953746
2.333680763754799 0.23585085570033193 5.721369197166425 0.48324958366056114
2.308234564994412 0.21562683723176768 5.737001251537062 0.4456209037030192
2.5252943704631363 0.22021499607901818 5.300124959117676 0.4527921669245777
2.675160719653289 0.23545941776210946 4.979568664941404 0.4871912611489064
2.6416820462235373 0.22306347666396123 5.13452495589318 0.4603612351530925
2.3664810688091515 0.24179568473955826 5.691366450478519 0.4962603447501211
2.582183394977562 0.22021971376249241 5.193958737399006 0.45291723095253017
2.6855333349859336 0.23275022810528287 4.996759478776797 0.4774600080272216
2.594014679788109 0.25271869199471064 5.174466515079009 0.5183355126674376
2.431543459064808 0.23922012101443813 5.486966343628008 0.49021837853058886
2.4471337245184817 0.24327347272803998 5.484307107992695 0.49526698357142823
2.16150362605336 0.21201963071337213 6.084363459152897 0.43817251707179217
2.6419256233900397 0.24429948245056896 5.04112891400985 0.5006842356037834
2.3523410531180122 0.24224016108402985 5.632036285550106 0.5001636256610977
2.438420536400285 0.20663814403401734 5.464997842722239 0.42346269260797476
2.426284770766621 0.23062611084371618 5.511316945911412 0.4698686309695948
2.2907105454212866 0.21657236433764043 5.769335039524989 0.4437467404391037
2.5324215799940055 0.22325367828322706 5.331978003239664 0.45883600369757305
2.3431601005795253 0.22584979303276445 5.66353628604162 0.4643833574990773
2.573736045731033 0.2286456269343844 5.246223999617828 0.47152321925427704
2.4458304515710045 0.24712308759023666 5.48815478492864 0.5048519432733889
2.550929544316217 0.22437533643204877 5.290727994572672 0.46346530794377067
2.2381372432012316 0.20696133023558536 5.909074452133273 0.426377366165481
2.341237043146694 0.22753495988510683 5.720038552045514 0.46307084743756555
2.3288307697729937 0.24833997613571457 5.745036496310705 0.5021267590637769
2.515498802514032 0.2015302180472644 5.292062346149775 0.4154440916777579
2.2772338938508714 0.21233835058790326 5.854671969567106 0.4423619565875596
2.3243772986810383 0.2354159055011589 5.772753451669691 0.478405454127171
2.399031844184905 0.2430271596186294 5.546513067196161 0.5007607929483002
2.434088544498745 0.21199987696392664 5.518058289704426 0.4309994616377667
2.567042802462457 0.22826835850430174 5.211231105549707 0.47239922658565653
2.33130580466454 0.22596547561095612 5.686146522497207 0.4649283506032558
2.504008036620344 0.22721056023360156 5.394874535502987 0.4733753529524694
2.563011239118131 0.20704372924116884 5.228803787314211 0.4280690549486084
2.288421167875608 0.25416982523095816 5.759587760645283 0.523149994504379
2.6270146289351186 0.21803672344034242 5.1149889956946915 0.44562123019997424
2.478843130927365 0.23020660520442587 5.418718834099729 0.47783134430060675
2.3620133274176762 0.24015013805794538 5.65181188806941 0.4948933073323437
2.4009629663369867 0.22880605447930968 5.569642396353318 0.46860170915794686
2.2321628685499224 0.22624248389523052 5.903392597142449 0.468822173186646
2.4457417292801056 0.23220015298165914 5.474313125495923 0.47943644656580514
2.5133211233565276 0.2013253668867808 5.361864448607857 0.4125243668204666
2.8658662110986386 0.2320497018288518 4.602193609565249 0.47216219201960186
2.507298088036033 0.2127776491534303 5.320653498605091 0.43766173034039
2.44705100249075 0.22101691340586624 5.431374647061837 0.4551300875532557
2.3054844260892313 0.21735101955619682 5.793504396499481 0.4490945123989187
2.3897923774823626 0.21813541207312379 5.58241698186154 0.4479526752416159
2.3140091536533722 0.2339019056910383 5.740553146964483 0.4764720012655754
2.6448962293341918 0.23389331460705706 5.019944411289395 0.4800464248710207
2.5226094614193633 0.24176395000139672 5.272388914541147 0.4979747243305834
2.4751529364214964 0.22680933704475875 5.352188165076764 0.4698613080450344
2.3186211566854666 0.24969008644470236 5.7782287977610975 0.5119667117363216
2.3809108389554083 0.23837679331461156 5.618020963811256 0.49164900813324214
2.130321328554195 0.21624417868432086 6.133482266170944 0.4462523493012453
2.3795281999539313 0.2449241868903324 5.611037349230106 0.5010804409562901
2.4289399442451147 0.221340554851985 5.5416080485600006 0.4564050599758395
2.518413646638865 0.20117060739709863 5.337865470143175 0.41279428798622153
2.6582479119423734 0.23243254175308736 5.026251045172609 0.48118659633717814
2.451391454223308 0.239510100537471 5.5375789783932206 0.5003157960136366
2.3018795695500387 0.2403628766118141 5.760816104203023 0.4913792421441524
2.4505061415873004 0.24474780506572635 5.490396873094079 0.5065366314873675
2.324182511535517 0.23549923698835187 5.753657252871793 0.4799572239209713
2.267133392186044 0.23626323967077228 5.846320711182931 0.4872478599425778
2.438792788947519 0.2361793916232594 5.4636846962367605 0.4765158960783929
2.494155121024627 0.23309237710537545 5.4012145639634 0.47698881186901465
2.5398663546830678 0.20311337299651103 5.306291767773232 0.41403698539547823
2.3924278634074425 0.23288187320076778 5.5670768445724725 0.47384668962766235
2.3105994113174724 0.2288989180738461 5.769675541979775 0.4734921998290321
2.3257128794295987 0.2093404049466123 5.727189820786312 0.4375013567602959
2.702304974426853 0.2477767746862012 4.98887802894518 0.5132869880980159
2.602330239212026 0.2320324293710369 5.122714399770324 0.47776129616055035
2.2996038808069237 0.22412202253151806 5.825306074961962 0.46823048530374384
2.3183676108497693 0.22207744974628119 5.764900776812993 0.4569029233156176
2.6770341582927726 0.21131108194215004 5.013523896310671 0.4363365603492241
2.5267185522673827 0.22495986719815167 5.286706972728741 0.4591624121457938
2.596369574133084 0.2221484293967907 5.1744616741006535 0.4547167459882813
2.2213526878203 0.22175994857206674 5.947035183789483 0.45105481550228943
2.530269515222547 0.24375309852442834 5.351011085170176 0.5017196119605561
2.4331887707671247 0.19334953379654773 5.495922725302471 0.3981857529679607
2.707299710737548 0.23550217391079628 4.948688247315139 0.4920314072968182
2.213097279958335 0.24467993414390118 6.032751096572918 0.49936340052930744
2.543634156695668 0.2479489272269624 5.2866450753361445 0.5104379848977869
2.3595750290963733 0.22817480051445477 5.680510111727958 0.4702430574602362
2.510315031251099 0.23002749324981941 5.327692112379044 0.47488009151379906
2.355498680984836 0.20041393896531198 5.672482245267444 0.41172743835836234
2.431670191363133 0.2649351693794825 5.48027687673721 0.5421674157375465
2.5328447179308577 0.2205348508796913 5.285837250779631 0.46127554985575675
2.3476039540425964 0.21619651289306016 5.675058098933482 0.44929661425518214
2.291234131247572 0.2193547386078003 5.810824307379729 0.45015102162035253
2.4476561957099823 0.19477998174498465 5.5000917774795965 0.4028436213357987
2.4716977921820455 0.21824652412266987 5.430642708631477 0.4532889730587752
2.3014159553612377 0.22929783977662777 5.77388175838161 0.47272216417355356
2.459928443168689 0.20756163927240856 5.472915944478975 0.42582969650020286
2.438020130208857 0.22328455781769116 5.502155928183889 0.4596865275137399
2.5992020202797232 0.2342367982030557 5.194267142753024 0.481125805344311
2.542086109046193 0.20924543827867087 5.284056737717335 0.4357223854904064
2.3153100010759378 0.21736185598569532 5.762575622371326 0.4462903283231812
2.475727959634566 0.24075026353788445 5.419566262557424 0.4943047972104185
2.471626250522319 0.21987459220196834 5.419776950190506 0.44962016497270185
2.66916682795919 0.2260912368700453 5.012094310011727 0.46581872069812824
2.278636729378964 0.23847783338820225 5.8438404845231675 0.4882607482805388
2.1636797510171433 0.23024633519920581 6.10630500762521 0.47617681905520415
2.3370736117885933 0.22081076404118458 5.692846133217101 0.45388229593787444
2.4980118229910278 0.21990111082608801 5.315665291034151 0.4527437410951821
2.3029946183480736 0.21883818623724244 5.817995491736939 0.4438203515842874
2.4604088251389475 0.22524126876406977 5.480422498760224 0.46325314944477286
2.6044314555133408 0.2201273927987708 5.165331444224875 0.44863005743791434
2.297901019985419 0.2242517673552056 5.833573025979619 0.46320174829668165
2.330985306055384 0.21879527708165727 5.742276271387747 0.445493304165623
2.1780822881611117 0.20625990485246462 6.0384123595080705 0.426522199975045
2.5238072633195285 0.2399395191695816 5.323395697669769 0.493129008772252
2.560106913043412 0.23784904229886414 5.265509789206877 0.48811189918308295
2.3019405534913124 0.22592872690615062 5.7581603824925605 0.4681063613368289
2.4770168193669724 0.21857830709323606 5.4625707633424625 0.44746982304356747
2.6695363937640613 0.2403291501287137 5.064124901132795 0.4965990333448945
2.379966572906577 0.23161434952523938 5.617417474582327 0.4760402674070006
2.4991953168813805 0.21691196402512503 5.361958712433232 0.4470661675110632
2.585785462330179 0.23311740605978817 5.189240174928738 0.4775426431995343
2.3709998676713924 0.22016302192880222 5.6559499583334425 0.45042812208552657
2.3538910753910645 0.20490360763843368 5.692745075477466 0.4193588005716707
2.2466294340290336 0.23883370827134925 5.886534959770948 0.4939376697945148
2.4763196118453887 0.2109811603779607 5.447993554269964 0.4359465866208691
2.3839511176908443 0.2067428399886733 5.606447717414175 0.42760429682588075
2.557054849805261 0.22183398007691904 5.276328004960623 0.4610142632788855
2.5064591177360027 0.2250942745587328 5.372831988111451 0.45764094632428715
2.449054321247331 0.20238227253460914 5.510901743848352 0.41789293261047816
2.415221734263407 0.22495349766264855 5.498752846723096 0.4596871314158475
2.5451964946235646 0.2272026397269761 5.270948396528368 0.462391198777626
2.442967719165581 0.21877500371242778 5.466642220744367 0.44966410349104285
2.459300299675045 0.2303830945101016 5.480713242585194 0.4725345502335894
2.4903022498696816 0.21983647854046715 5.381368177553072 0.45003700834495053
2.2728170960716785 0.21491676235805607 5.908362362527008 0.4442794932470233
2.352611042894568 0.20490485610578796 5.698318963533744 0.4214926729044786
2.350981580333631 0.23145455254766933 5.672943933058518 0.47822154179870086
2.48712803101784 0.22579113740904008 5.411368268892751 0.4628633633619241
2.459567923652851 0.2204928923032317 5.490170393821826 0.4524834784762791
2.673431109340295 0.20835978438930744 5.020399390590807 0.4300536865934523
2.418584851986736 0.24104172963642725 5.525765161265546 0.4975286338953256
2.2586455144362896 0.22064871420747872 5.8917924082412245 0.4549383444082467
2.29386570658352 0.23310838292818647 5.812418150758344 0.47806981702091167
2.1934274841719437 0.20954442388558986 6.001563565702519 0.43482484884346134
2.3690412739737283 0.20277833239786022 5.679728216629311 0.41903338527072703
2.5422424882894488 0.2348526623619801 5.279402823362472 0.48314650871373344
2.5053015692320617 0.21539635395375087 5.363658608769921 0.4442681302256381
2.7402474722599575 0.21907133263762127 4.905248296297261 0.4505530555136749
2.4971847217253944 0.21432249919180069 5.296420555093539 0.4475193497171119
2.6708654268858307 0.24098356826404546 5.068933781972651 0.49639334905096844
2.422016440959948 0.23298255195799247 5.547460707146133 0.4798269097313881
2.55112459947976 0.2144287441651677 5.2797252150530944 0.43392478952403807
2.3141117281514765 0.25115869513507955 5.760401351603706 0.5142778337433025
2.611471556551484 0.2208142146880572 5.154830823118985 0.4549571568115873
2.5615091058153423 0.21384006771362155 5.3038677266098535 0.43958851108485714
2.4300175503018844 0.24156883532388898 5.564758793574262 0.5002322638670791
2.4679190043283645 0.2030308139179086 5.469125389287409 0.41409803110911725
2.2358208788916882 0.23045488940880915 5.899648273794387 0.4719744964532487
2.550613085311808 0.22146580106402028 5.225543983869766 0.4523996673398712
2.551215652859216 0.23893679435992268 5.230127356481586 0.4921689999544444
2.457816131033022 0.23395077446845433 5.460409037655044 0.48504849246025133
2.541859033148972 0.24197772551221464 5.230119243918311 0.5009170750452001
2.5131813789018587 0.22420786773109433 5.359307812988644 0.46540373593795137
2.3520743377662496 0.24465731754985987 5.720024464989116 0.5064209800764867
2.3395287335979758 0.25311412441501896 5.6868767042725175 0.519873701316269
2.2825262411144887 0.2229678624304004 5.832523295970399 0.4585828031716035
2.184451393005032 0.21182978896308943 6.023664927524773 0.4364845009509947
2.36045031120027 0.2456214791536021 5.635965241165113 0.505263334831655
2.3346974827940397 0.18366039808527063 5.741384064362659 0.3798762372087441
2.264540493806451 0.23081866594274325 5.9271342096295125 0.4776182628836362
2.5044598062110595 0.2338458547996984 5.334493538429511 0.4877165362176038
2.4212657968461038 0.22084345072548728 5.506518577344001 0.46131013434649404
2.1799423700923404 0.21762604744308747 6.064385438146318 0.44890117433477345
2.5694820107333793 0.22903884095258137 5.21229115975323 0.4719579668567301
2.6114537482475884 0.22474911465904485 5.135247319998706 0.4622492036286124
2.584401404905125 0.2292227539889227 5.159242481857435 0.47278104102932306
2.3920598815380236 0.20176865876973032 5.628676474680292 0.41359777726272434
2.499134658013606 0.21689394954756339 5.350376472876039 0.4454900206557614
2.216426007617506 0.2156305206172002 5.964857207308528 0.4413825961104025
2.5013756285624704 0.24410351751354983 5.343172679779515 0.503046542346021
2.412217793011977 0.21372051146449464 5.5785890553782025 0.43616694491323327
2.71437726527851 0.2399296910452042 4.890558568124796 0.49619290000451566
2.406326760230904 0.2329244764688578 5.523710939455761 0.47938373453408645
2.3236581553813354 0.22171244257055486 5.705192052480254 0.4564777563416005
2.6676817017502676 0.23626680468470132 5.02840786818649 0.48216382443716266
2.4493692520993284 0.2138641141368801 5.4609759866210155 0.4434322420461845
2.227723424262547 0.23442257959978477 5.921657565004225 0.4839892525064206
2.5737051041677974 0.22755897847316806 5.163692978003956 0.4649203794681136
2.5346056332104423 0.22032125105470454 5.303527444322954 0.45451930902158244
2.3659955061523994 0.23511112151371094 5.614807885939376 0.4795424144017474
2.7197902551894053 0.24413267654287432 4.923814838455792 0.5060956109039132
2.4940892133934893 0.2442774927300833 5.391380579882876 0.5036317666165621
2.5033820620663145 0.22667215754186268 5.353756191994538 0.46659299675074006
2.6742937817434353 0.21780837656088473 5.001494669960792 0.4496052592515034
2.5963837097817044 0.25646774934649313 5.131592078018306 0.5317749320545266
2.371132248579414 0.21782591501352425 5.617109953092869 0.4479064158307697
2.3760820701007415 0.2347986421284289 5.6306674261007785 0.4836717371506619
2.287633889599206 0.21373687705673744 5.873038690589974 0.4391176162188583
2.436513321115628 0.2242108059382831 5.4844843916523836 0.4618595821161092
2.3520612280500606 0.26629742252564653 5.682417893460356 0.5479103459843394
2.5544707880882083 0.2162621125408482 5.303971085940962 0.44211879805271265
2.342668020603028 0.1875374007576101 5.722163155727536 0.38904334527217094
2.578088137417497 0.2124038953062925 5.189423655676624 0.4402781307036333
2.3507982473528966 0.1917557331919025 5.680820743529777 0.3961128437546462
2.396858266659863 0.22504546603764522 5.65251393575817 0.4662582422412731
2.2785196611239 0.22392061972015462 5.814766274538416 0.45715341798837844
2.3195381752080326 0.20447383532203078 5.798776177499208 0.4206121383254588
2.4424108726968976 0.2529293161244849 5.486670595427761 0.5180840765295311
2.4001180721472366 0.22376974346077896 5.588751077815191 0.4630568830151897
2.593307474897151 0.21448550586733886 5.177213320464135 0.4445051143388157
2.425144024142511 0.24227565473803053 5.53475101460217 0.4957278365460279
2.6097089062668113 0.23087224966297787 5.198465833927486 0.4745560492372164
2.3978709512509933 0.2808749288347348 5.555548126059323 0.5744520986965704
2.485048070929669 0.24085263933623452 5.414611814147061 0.4950746301513833
2.517568580808355 0.2323692769273354 5.352446772430673 0.47748848846614905
2.4071407913404776 0.2388165751256655 5.551669165261826 0.4912908364332812
2.2294426036518615 0.2326861090954143 5.932929208958673 0.4810079537899273
2.2482130711774158 0.22480001535720845 5.852019337678028 0.46246052614550937
2.456768736003924 0.2104363065305147 5.473523237162866 0.4336306541352335
2.397099707212054 0.20526583277028557 5.571490310894678 0.4211215209414971
2.4126974754438733 0.20987434521548623 5.547004457431921 0.4313578375587871
2.3851788771340328 0.21459443729899563 5.623374870743859 0.44041507661639384
2.4066978833829946 0.22795673003579617 5.600430474114232 0.46435579901257834
2.3293709819000616 0.2259014839020384 5.742920652154638 0.4609176563822753
2.5927311237847306 0.1931612947765239 5.133618709663286 0.39676615085508893
2.248881859078261 0.22531000974474247 5.95960880434383 0.4628192582613064
2.3659563004516153 0.23467414068408943 5.629117720152141 0.48509545972553486
2.274323449601748 0.22134314107469943 5.861098601221608 0.45770724994111717
2.443519911105534 0.22921057052267402 5.468464981320685 0.47135489880837134
2.3106659719876994 0.24422672353428623 5.759426235202849 0.49982185415359526
2.2153703149193724 0.24918398787046767 5.98352205096932 0.5162263153948171
2.5201302928916887 0.23982676833797234 5.34805023651343 0.49480241489301063
2.2884212507123585 0.22455130520344227 5.7496485341431764 0.4600572300389385
2.3153626018616715 0.2309966250764833 5.7643843380258994 0.48117357816811074
2.6780377949731986 0.21565551296257973 5.039265960795733 0.44044507765490465
2.493809476762201 0.20892022681560582 5.37119850018061 0.4242752137194877
2.4252363142178477 0.23236931037045827 5.505478068742938 0.48047265263127464
2.538319757047248 0.2219557362671779 5.283860089961008 0.45575635652120533
2.24518023997158 0.24423302407823608 5.892761143037875 0.49810796534380947
2.5143388866390834 0.22428768694483653 5.365237226371713 0.45926558804767087
2.3671917045016317 0.1945540867611209 5.652874415365336 0.40112731731592527
2.6545507183738106 0.2299275180654431 5.072530096677973 0.4658346847936236
2.4464758649896186 0.22279147375661904 5.5160812272778 0.45269197532543315
2.467947036451397 0.21384443192980318 5.4764904205393545 0.4402887046079564
2.4467201183847385 0.2155445170693849 5.476414052516713 0.4413850827526991
2.4575161166922808 0.21537977312846932 5.440901251434402 0.44396745026795403
2.61690270396911 0.22521437211171555 5.193347438130452 0.46102357556730017
2.509128326306632 0.22691438668997055 5.384234163308397 0.4647198296787164
2.1662214188491795 0.22275993492454996 6.095344971669701 0.46116289851297515
2.3739849390112178 0.22808378111314664 5.599239621234265 0.4659954492744018
2.5256101649540863 0.23383326824980527 5.333655684980268 0.47765044659323647
2.306585652589442 0.2364620929295339 5.760174245123 0.48585455578019154
2.364414988843688 0.20958312416252864 5.653717106565102 0.4357304383902302
2.5337141032247885 0.23515279709119735 5.312919044503827 0.48606197392572653
2.297516408036323 0.23011325710324043 5.82318409608291 0.4693955005919384
2.3841139783400687 0.21528327189691662 5.56154902171398 0.4437317293121083
2.4528912735441963 0.2299205992250596 5.475454771986273 0.4745659659899108
2.3678911121152706 0.21348784800347834 5.657617228708753 0.43834281890620935
2.415011617630841 0.2239867676618671 5.552630182806661 0.4638584861901779
2.3374473239626896 0.2166312835109043 5.710881853538569 0.4480016933118391
2.4647071422024034 0.21127215062942245 5.4555066062059066 0.43375676680838715
2.595292517199922 0.2560478210861789 5.19435048742722 0.5262423286893864
2.5626499744122815 0.25000921486436856 5.2716980556255955 0.5128350905149974
2.2874770144766203 0.2361193375634572 5.8266966793181085 0.4880769520999378
2.216509670917368 0.22751087398589723 5.9766706495179935 0.47059212891355207
2.315944757959943 0.2259608928972282 5.702065692239354 0.46371925311531953
2.3812633680998117 0.20693215324905181 5.6003590854588765 0.427168707997196
2.2415922275001368 0.2187229177476357 5.8975802350236295 0.452696741303594
2.451555414661835 0.2235711499922349 5.502669222455307 0.4644279641563281
2.4861896648344963 0.23482007762350796 5.384481078224444 0.48207043815474687
2.5552194527236582 0.21648768811020325 5.252594643096504 0.44281875527890896
2.6637389422679276 0.2236473741803303 5.080800039138909 0.4613360081445276
2.3742195510769557 0.22539915158240983 5.615051682462836 0.4701309974543826
2.288266106030428 0.22406714422083265 5.842018761551009 0.4581125434665498
2.560093910176084 0.21529870885247493 5.266654519984192 0.4472015526907157
2.5470761369345367 0.25338442132216993 5.291777844864085 0.524946485912395
2.5585720371826 0.20876345292654053 5.218285313368158 0.4334271518554884
2.215022868389478 0.21851203124276652 5.952757020701372 0.45050261060603874
2.316444069680013 0.20402216525549682 5.725436956016864 0.4153100565883785
2.3758047164087377 0.23658833243380334 5.638075172454439 0.4838293626453843
2.7678050667686387 0.21650395181672888 4.8314851756559385 0.4427139822761487
2.5193167652905695 0.2520728252105291 5.378948128493661 0.5232243759091539
2.418210054405172 0.25484281973566486 5.564563660256047 0.5224180488401455
2.2952857319465965 0.22352467899208803 5.79541983246191 0.4588206739218677
2.6347863537175007 0.20469926023089116 5.082673910186002 0.42364045078739554
2.539596195004038 0.25001723564437073 5.290013105148905 0.5091497517850319
2.3883978346190293 0.2211242583124174 5.550497373756103 0.455257461192406
2.377996180434098 0.22032415579273595 5.586563477851335 0.45456408887914895
2.627803222603035 0.22445819708390183 5.092317150569855 0.46205763976103553
2.3543823521579696 0.20626298724025258 5.7134253560896955 0.4235634653878996
2.520185665036645 0.21630660202091628 5.36580041890229 0.4472758855256634
2.4058038104977877 0.2512712884034741 5.57717884751699 0.5159615260248392
2.2320402699564994 0.2235674801041954 5.906920402627239 0.4613663150067268
2.403084685736107 0.2225752328223197 5.54777039742336 0.4602079422245164
2.423462196838903 0.2099062613835199 5.507513500164711 0.42954345494407203
2.441771286381268 0.24464034306501073 5.528812576484873 0.5020030414302795
2.6363182104863245 0.2242187699708524 5.074880061709397 0.4658247831035848
2.657055678351613 0.23257435051954622 5.0394345103945275 0.48377780199411013
2.3078825241753513 0.24279240211331737 5.744343071912233 0.504500638659722
2.500831706185736 0.25880916057328013 5.391900936992459 0.5246028205986039
2.7897390926669323 0.24263845751688137 4.751163521260472 0.5022056574319974
2.405845752070355 0.21862052232548726 5.5341407107607115 0.4498220633168687
2.4585751184342657 0.2158132121493089 5.474834143204198 0.44569234857282364
2.5258112537568076 0.21476570637828865 5.321360228196557 0.43530343215914563
2.3975578716996235 0.2222253950669843 5.603596788672934 0.45577230832100585
2.437046389013716 0.23435178819244754 5.539419557759878 0.4815913109308733
2.6359352708261037 0.2303879078607975 5.134041278954381 0.4762502118024868
2.5768414187548268 0.21838728439142038 5.184109375737352 0.4465459235453054
2.282898973742298 0.20801943584515825 5.83132812606741 0.43187734199756617
2.4588973220101984 0.199166958633362 5.431706582611641 0.41289610689396206
2.3456911050576084 0.22429590681401315 5.725868693407316 0.46003000490428797
2.5874639953193483 0.21019000274794547 5.222616745091127 0.4331137231837841
2.3751705113777946 0.21181133401946325 5.63467435207658 0.4364318173129617
2.255209389950614 0.23233189269425572 5.8751988759531395 0.4799117700504773
2.430813825732619 0.22087963957979623 5.518519664168511 0.4548547727168168
2.343123437833426 0.23179657969015727 5.696100137092904 0.47867101266179823
2.416449631357854 0.2224374538417644 5.541363601410658 0.4590617014803583
2.6362940460248154 0.20787822096404732 5.066623234457131 0.4275357665018097
2.397956591783861 0.23321650538961217 5.603906429819105 0.47857094980514536
2.535605425643464 0.2318765135639799 5.29737117115018 0.4800680424094954
2.452223128643661 0.2331265925270951 5.510156837873277 0.472791008719698
2.5474270435582316 0.2187919501376467 5.306996858311787 0.45167151729205823
2.5413009637029953 0.2299595295944997 5.320693372104412 0.4762055100656572
2.5620576513141415 0.20805360767601208 5.288516294178313 0.4311760547865089
2.3155223234345774 0.22307227295973153 5.763564299228586 0.4582689270014958
2.4757515912458667 0.21496433561832887 5.465000459387555 0.4430576514300748
2.363829627542329 0.22412211954303335 5.643366007352343 0.4625158311916866
2.359913631966534 0.22869965060098385 5.710653483735335 0.47290403305155226
2.615473965876423 0.23244347367610446 5.187725118143728 0.4801416765829722
2.6560854204384006 0.23780143857840247 5.0801783372141855 0.4891797903215608
2.6208962281996127 0.25095618611116993 5.134355296603623 0.5168257282714118
2.477632848719188 0.21926585792901457 5.394292626195465 0.4521647710459251
2.290122868005801 0.23799664891425978 5.75061259526558 0.4858132421150608
2.4591733349350724 0.2377756983429146 5.479294890773209 0.4965534648747788
2.4449784017823575 0.2169796822463216 5.4974705145120915 0.44449833890544055
2.7667997194680427 0.23269413525028582 4.85341669578726 0.4770153106703528
2.564247968382814 0.2449394350248452 5.213098988999821 0.5009196403377996
2.2013492664807766 0.23112873568442557 6.024412226402333 0.46953946393406437
2.397920377354707 0.23331787711883623 5.590255500815921 0.4717615134259806
2.3473767031806814 0.2435233484215513 5.687108920769276 0.5072456257201651
2.3459605333083635 0.21079473918451985 5.678052766189881 0.4316696841101883
2.3399886511521695 0.24189343235315766 5.709552080918891 0.49386681858727527
2.3405458845701093 0.22289298671445198 5.695463554657591 0.4628900741233153
2.2679195608913676 0.21663253276197175 5.868412512480633 0.44440287610107737
2.3838433687719887 0.2113080322524874 5.62135931428295 0.43565162853493217
2.313562738220006 0.22382887263726547 5.776734407814372 0.4552958682988359
2.4946566407967947 0.23956415515925725 5.428284623917236 0.49277640901067554
2.3988202700158183 0.20842831454072047 5.592204584579733 0.42753764581807496
2.4407043758816673 0.22054793935113604 5.510974799790306 0.4540677361632158
2.298477163565662 0.22653316316484304 5.772403233718816 0.4669819320546039
2.445770765444633 0.2260290038574397 5.533148715359899 0.46609251129972357
2.1847788919472633 0.20143751123321238 6.02186979042479 0.41734847801826164
2.2106824503253693 0.20716526596475418 5.930575729955059 0.42480465440218856
2.7336902482606913 0.22916115323771571 4.933415623662102 0.4726055320499209
2.4464828232154154 0.2515137039377217 5.488403494347333 0.5206608140098807
2.363908476319149 0.2217782531890353 5.706622386886643 0.45311359779108185
2.495320598087906 0.23652465752709884 5.39768599439263 0.48677785528998196
2.321256077217097 0.20551413243033043 5.721529343196359 0.4238320460527112
2.306029778990136 0.22839851809437456 5.7884724554486375 0.46740213951337584
2.5291469038574608 0.21626321552815134 5.247010926549253 0.4426041447619651
2.2636958206371247 0.21126719717502335 5.840864607387385 0.43102209641566
2.5500770871898775 0.2234956378270656 5.24208641780321 0.4627478113474743
2.6332261396497936 0.2024806162646592 5.0508532059593705 0.41801755726366036
2.1621035531837904 0.19719656355275292 6.072491038109259 0.4037361237961214
2.4770234705088146 0.23495879908224848 5.417747479311888 0.4838945164985348
2.166718835905728 0.22709274791935724 6.044736813755951 0.4667708652775946
2.442385761472857 0.21028930630276166 5.5190473989412725 0.4360033390687218
2.4647583215299864 0.23463632284248565 5.4214719700794785 0.4799176529266136
2.6472359226054563 0.2313712078785326 5.069340345873697 0.47845928049232467
2.3557331111988074 0.21872763244781163 5.699288229706923 0.4486942187785634
2.460642023916427 0.2183968494643952 5.465079426543147 0.4497176265320066
2.4455386600906994 0.20546144473096456 5.487042961793646 0.4190628793171953
2.48732433108425 0.22975360918133356 5.382446719003859 0.4756106625667492
2.427172125794179 0.21887855793493696 5.478907375897968 0.4524457139618245
2.4440452105792216 0.23498736615420776 5.453053930115342 0.48026623492112924
2.279429217191476 0.21689741940597082 5.827651097906413 0.4446715734595586
2.548298893892339 0.2244767543894788 5.274209951507007 0.46119494238355146
2.231972016116694 0.21858311731532618 5.922232862516162 0.44022826544805127
2.194459011830928 0.21920434416628526 6.069371690929469 0.44939756484546073
2.222845501724314 0.2135193313331964 5.976897058141469 0.4406562123663278
2.2023007697315133 0.23420617087626186 5.988414440301868 0.4797232977802958
2.555669481435009 0.2288288101369006 5.257483270650809 0.46774525148986856
2.3402635145646196 0.22275832985068028 5.692277564833281 0.46085903717929017
2.2089524077577503 0.24416432094451887 5.994801520243161 0.5002460144310971
2.4951349581244218 0.2174418116011829 5.428561141620236 0.44823059403953025
2.3144004549526884 0.2161676658811274 5.773828922628337 0.4430941648186503
2.668275557947168 0.21730360456736025 5.060566302662524 0.4443056368261223
2.373389148576136 0.23729703373768476 5.661841507301204 0.48911321209431985
2.463331801681082 0.19740778274985912 5.426741356935495 0.4034901502616989
2.4508292279584407 0.21819550385988257 5.47789713386287 0.4508970315287245
2.4297679770020837 0.21269320982286333 5.504353596701998 0.43528190949816314
2.2214659816254936 0.23053038898020553 5.973070171140646 0.47129792315541574
2.2986827723843986 0.22210850006777544 5.770827976853751 0.4519176270423425
2.2927017342299387 0.22619163862253194 5.78945145618687 0.4634747007897737
2.811814466762587 0.23680317892499228 4.742511490158577 0.48708987828350536
2.3644844922572985 0.21512833530774367 5.7065620060671804 0.4430492382283122
2.188045196750572 0.25579352239519754 6.007955783265517 0.5245449098748479
2.5109280140492896 0.22500437788834163 5.3799256903644945 0.46017714810459254
2.5457388456282923 0.21253405664693203 5.309503847295181 0.43794732111740453
2.524447367481998 0.22071047404046076 5.349526786069189 0.45541849922435196
2.388315847512872 0.25397089438873355 5.621153293595348 0.5229496223030412
2.423852930460895 0.2174444233156746 5.507292445117798 0.44227221244101556
2.415146387022628 0.25740654816925856 5.575023293132494 0.5345565431540752
2.360220207239183 0.22882138237867156 5.67322392314064 0.46500022047413825
2.404089531288946 0.23603758678516976 5.582640464318227 0.48377025513323146
2.288729435696235 0.21781490140573936 5.819027320163723 0.45435123381388465
2.313564973544556 0.2091640014191677 5.758309096068679 0.4341773793328561
2.310326113170682 0.20721790713884905 5.793773004008414 0.42336251658899776
2.510857496505051 0.23224976090339652 5.3600217286649245 0.4778760223722091
2.4411301415805053 0.24054122441049394 5.504329872490218 0.49526219321305803
2.6424655578895777 0.23562900701424244 5.094838743826047 0.48546877858664533
2.346814016961826 0.20828198801661987 5.717398280527012 0.42708676161969633
2.383325012623975 0.20108949792683575 5.5966728746083785 0.41337681848245533
2.393834012217475 0.2303093231179963 5.5927525151360875 0.4802758577237124
2.386467747728414 0.21728757839465776 5.653166600161278 0.4384371959671125
2.415622998427736 0.2164966171187216 5.507106261045838 0.44692145826180296
2.2849373121871386 0.22245877648537346 5.83471767016167 0.45641824921022295
2.4338568601601582 0.25025764970030434 5.501981018274579 0.5163552470451402
2.4624343832205273 0.20928977050437375 5.5001049286462935 0.42934014806041104
2.4342114236536756 0.2234222106228046 5.546437066121561 0.46362940945814307
2.3562627172474135 0.22240566743548512 5.727751701636705 0.45652541729869583
2.301082940244867 0.21965745790083682 5.777850983405614 0.45091623168507117
2.4951527904637487 0.2167921878337077 5.309872999809007 0.4429515076074348
2.438068685286244 0.21854198485099238 5.474005109320332 0.45302507942131787
2.5772488462972203 0.23784159888166295 5.211979571392963 0.4883171039179756
2.3606101793471153 0.23420247482756967 5.70903656714999 0.47914388808334074
2.187848023765829 0.20614357463320634 6.018956243793893 0.4231465081709055
2.392803794301165 0.226782753657133 5.61758794795262 0.4648328655401382
2.4678082877993655 0.22409314938871783 5.43456660478671 0.45413804422915244
2.2660577399047845 0.23571077486951797 5.8301234505608885 0.4812969763433135
2.50736491889965 0.21876597024578437 5.36511806735265 0.44472868460027665
2.3818327963056616 0.22941365543172823 5.5789417730090305 0.47570395066764015
2.3694653488935034 0.2650208918606559 5.627627925276627 0.545765899112526
2.425432362804666 0.22707596983135692 5.538899685908305 0.4651892827622746
2.604676909295833 0.2355830195219353 5.1422443390116275 0.4874473647996807
2.3563503813374718 0.21877686504028424 5.636761968174175 0.4521337119111026
2.360454896821059 0.22286317677453968 5.608602438071106 0.45918775675999934
2.515064643271489 0.22552107546706626 5.323729229059983 0.46314288429172595
2.560986908097971 0.2392473943786361 5.214157789182586 0.49585730259689387
2.455425926892054 0.22803276833336594 5.490499825410893 0.4695759618374585
2.410806660902823 0.22760788169275845 5.5907979885672034 0.469904393900715
2.211856157957061 0.21085978352471574 5.950047442494146 0.4377088088922652
2.41693096021614 0.23677977269956144 5.5797125990382295 0.4847723654064689
2.555802024123513 0.2500917307586056 5.2710397563954805 0.5109247908510788
2.562010888184859 0.21710735611308005 5.303560631059575 0.44345962407301054
2.5647849049491502 0.23178203934765135 5.220766628636614 0.47477570062644037
2.5655368858996708 0.2373807750609037 5.2242120768307405 0.4872718174470852
2.5567469482874516 0.23049515340443788 5.3086177377183805 0.47251644003749366
2.387605118955918 0.2117911575163175 5.579744747375022 0.43543789007834705
2.520914314352047 0.21551926818775138 5.332264845507973 0.44251225687198
2.70021675340349 0.20496517826580868 4.9969989732706 0.4199978700250464
2.3891652212578496 0.22632389396845462 5.601395353247378 0.4666294748893119
2.321421296003691 0.22842266512390202 5.720825361424465 0.46680212167838153
2.3374215626540096 0.22267792697493333 5.7381971792003466 0.4601698310044882
2.22910552514293 0.2149857469526894 5.939235952343507 0.43809161548432296
2.5301518816617037 0.20518998227592078 5.301629312905737 0.4174962847043462
2.4071910106221592 0.21188953493692378 5.58811220660596 0.43568992979987214
2.506999464387529 0.20627497921915877 5.353973247211083 0.4225629260040992
2.427774939740074 0.20968680682529803 5.524360297329158 0.429697078549673
2.4221470677993597 0.2298053887159981 5.499054381169613 0.4760197134937954
2.1986142476875963 0.21798177553621942 5.960422172052722 0.4532795715173766
2.369432468289365 0.2440909360334077 5.684767834881067 0.5042774948387401
2.513931276176526 0.20379033779514624 5.364772150279871 0.4193070337971413
2.4876146193316857 0.22918841462271536 5.36668224805845 0.47271020432554295
2.4637026516768503 0.24621165602727063 5.459309406778032 0.5063491030840045
2.5599238786843186 0.20031285633233334 5.271502089291335 0.41523028286821045
2.554048338697685 0.2354085073492092 5.2804271159957406 0.48051127858820936
2.3317876615731263 0.21650552606488976 5.689685743235402 0.4470570669031538
2.374731731943324 0.21902253046729253 5.662491854452826 0.44734670041213775
2.409275909009591 0.23985410917361047 5.543052859482456 0.4896641610302386
2.277870351813059 0.22340598700953812 5.849128298618075 0.4588819391673921
2.2693429910115954 0.25171462151151897 5.849257064146368 0.5169039323954243
2.4692567710482325 0.24224856490673918 5.4600025097389935 0.4964111200561852
2.5610528164972055 0.22552366990937484 5.240223061093632 0.46486079570250693
2.3988462623102578 0.2502372585895012 5.6142586264009795 0.515080947508001
2.535443636201851 0.20672232576876617 5.259886481060321 0.42524582057666493
2.383885853634337 0.21062131527483696 5.565466261342754 0.4364011381818661
2.514423765269003 0.23869195801984577 5.364019927758463 0.49311054587021697
2.6033634217180905 0.21876333269535472 5.177835598599813 0.4519871921142303
2.2716970415297766 0.22377333596482585 5.838295908151576 0.46192489464124886
2.6968723059543205 0.23708032228395637 5.006745969508205 0.4890067521076548
2.2752795350453043 0.22211993713134764 5.837094072839072 0.45870474149113816
2.276690963313585 0.22090685277029207 5.840062198326851 0.4576318849912018
2.2841374180880027 0.21011828172726638 5.845654229141191 0.43633016368804745
2.4292165503377254 0.23825822184833004 5.55315875444038 0.4887988222951081
2.244585318037733 0.22146791481461753 5.871759262272455 0.4578026068253199
2.2487194976171145 0.22979069139126107 5.863637732651789 0.46987077630510127
2.4696301075545373 0.21681129010462974 5.45374470536945 0.4493216110302848
2.4006119196003772 0.21571473232392194 5.553418952034878 0.4400451323183299
2.5086288391812586 0.2327608386903059 5.357522249644026 0.4780880769767176
2.4576571304543813 0.22586806549966298 5.4572438486611565 0.4612247308088098
2.554763713061427 0.22587443903245366 5.268847048486759 0.46843163468679144
2.2550252676422993 0.2017916536630844 5.849287323846278 0.41320022513230314
2.3932016354923045 0.1975271398146001 5.560881352838887 0.4083768644986182
2.3606540737136728 0.22820999402783712 5.646319994557313 0.4674671743440799
2.5329132798620098 0.21536720148220184 5.337236045478756 0.44667115118273115
2.6797193198961518 0.23024028540122946 5.0018608996169105 0.47505798274535604
2.426677552537684 0.2227744247207994 5.540880011617169 0.4577293683752372
2.3721931838238275 0.22080284521061166 5.649019825541764 0.45388222745626366
2.447713590810792 0.2235981226357796 5.507045398299085 0.45683383819816165
2.6065006614649127 0.23264733852887898 5.135887279840972 0.4789311153379543
2.3622874390298807 0.22599787044786976 5.698930099257112 0.4708238252865028
2.474862548376225 0.22645104147845116 5.376574043598267 0.46434635934407453
2.5525133278784002 0.20349987786253973 5.222965487967377 0.41787523967818885
2.603205269867062 0.24182045449766404 5.157528098347406 0.5023877677762963
2.3674986172267003 0.23709719724941358 5.648405759369682 0.4917069677275324
2.3943882025470806 0.22666162791914413 5.608101778747323 0.4653010382607162
2.4438391644888844 0.25089424942910704 5.5194542496775405 0.5167177157189852
2.202488157150001 0.21996905751802787 5.949358173136098 0.44776885105586556
2.4351426241820597 0.24017723585494627 5.530832420614207 0.4937590654427316
2.2744428080308974 0.2258025131147838 5.79286548596218 0.4661700152746922
2.5178326494476373 0.24360569865843956 5.357921380748034 0.49893196182293215
2.4500747683107003 0.21233595995417504 5.476801352899561 0.4343333109603719
2.574415791818514 0.23055446654494444 5.237654094323965 0.4739179471060948
2.217221732107081 0.23117765506277 5.8920912439575845 0.4753043265832683
2.5743691705796916 0.21071545006524509 5.272120070320213 0.43022366993314426
2.393258657462081 0.2508348656809261 5.628175196338209 0.515501004210259
2.6776442862990777 0.2188417070081719 5.052406145292334 0.45460298963588536
2.5856131742372837 0.24617214524364733 5.188651308932964 0.5045544823493455
2.4824054370195996 0.23612796798821223 5.4230615106877735 0.4820886749721019
2.6134623857551964 0.22104392306115989 5.170344390077496 0.45430843763330964
2.701319559968987 0.22728535270287106 4.995874098397094 0.4681107913478318
2.415936128722289 0.22699713420178713 5.515500605226774 0.46589893509177377
2.3245305161429775 0.22227901787458487 5.751434741145099 0.45735632825172656
2.4237365877160952 0.24297887791743342 5.552998407378718 0.5012121456332423
2.7216540044918016 0.2309406085701723 4.9064034097568765 0.4721524001526642
2.3611372103330135 0.23397048206717058 5.662486814705753 0.47462957247296006
2.7958312195088135 0.21651584026278692 4.776309025658505 0.4452313813045078
2.294169491328315 0.22955171942172012 5.797042102172423 0.4702268021981201
2.3273826667982256 0.23250743691697487 5.7409156629581055 0.47761453431459044
2.4927995985277684 0.24361652286311644 5.394996048278999 0.49858859599117783
2.659186183103619 0.22598135978489392 5.09338030791063 0.4670231039264861
2.4365582532832066 0.24752692603752255 5.529093165547454 0.5129995396934649
