4.706285087704247 0.6473929680969581 0.8236463829713325 1.33866587474501
5.195950442487211 0.6741234453029662 -0.10803135217611436 1.3765301748566643
4.699777520226084 0.5408698059938988 0.8335819233991673 1.1088626491020854
5.196703448043348 0.7185470267405075 -0.162003439609919 1.4669984999317474
4.603687189667545 0.5340791989887816 1.0870879377662845 1.0995568825256423
4.569050823345983 0.5809805102547962 1.1189523899639902 1.1969253744927584
4.977271807964575 0.6819965876280982 0.2786885549215431 1.397995297058722
4.761529126126051 0.5715440339696836 0.6694354499625366 1.1822005461577616
4.395684156036555 0.5175619276695155 1.4587911243999137 1.0658331609512632
4.979628224347156 0.6152948194160063 0.2493013962341588 1.279593085739915
4.554742065263582 0.5879112304037517 1.1394734422389132 1.2093920451679145
4.861944069917321 0.6271033493283437 0.5189851546697521 1.288511496377537
5.182623289951456 0.7230289762428267 -0.09543208638565567 1.475085527880152
4.4508369696946675 0.575618304122355 1.4161022674948014 1.1689554523119343
4.711386431273349 0.6494086943602618 0.8083251613763422 1.3296247405364048
5.461916945056624 0.7700099438955732 -0.6724545299529268 1.563635392068445
4.692879250648811 0.5101804723753606 0.8883211611098044 1.0413522489661684
4.1776614694997 0.4842956181786955 1.927544983921735 0.989353489718588
4.635308367595015 0.5728504325927497 1.0521767829901671 1.1665849535693278
5.178952977846144 0.5961953518704572 -0.17919958393960506 1.2379784798386804
5.021847623931951 0.6980028003097253 0.2439914622553721 1.4247496372410675
3.990879545795841 0.4473581664488868 2.2616527677649847 0.9120389332256302
3.895671344030327 0.4086745620961234 2.5395688652005313 0.8364480916689381
4.760961900165123 0.565772018255666 0.6580472248960808 1.1757550688825087
4.829501657301356 0.620371792496201 0.5723241181988445 1.2759323914296248
5.187647147673433 0.6670928698679985 -0.12197581935551122 1.378459184453128
4.266474296527683 0.4955085771603954 1.7797050645485386 1.0221813981346957
4.682041779777402 0.5886831727539226 0.9338881443743393 1.2041384211212476
4.70727613189683 0.5504954384891272 0.8709726592169493 1.1279073983094083
5.69984034465492 0.7575826567531369 -1.1440174935795056 1.539666231408007
4.196460183085198 0.4220813405697584 1.9012826286273925 0.8639356956521237
4.372721736833737 0.49420479858746713 1.494007560004622 1.0302155142629987
4.530340272202183 0.48297093497258825 1.2570767490204549 0.9928095089873838
5.106665106779835 0.7232736759546852 -0.0020107203319052747 1.487382131902949
4.521680749179321 0.5074822527406616 1.2578058724368266 1.043424056876205
4.850799366162008 0.5845554657002184 0.47414455414567547 1.2027736605090698
4.907660199778947 0.6158697773891655 0.4566777372861144 1.2647541436842975
4.662807897554846 0.5192015832213095 0.9212024331332085 1.0670159476040912
4.97891452820493 0.6037109483340846 0.25983524494196386 1.2447585823990297
3.7147698491015895 0.35852088916649616 2.8938339934095385 0.7468305292679147
4.77832050139678 0.5728922234548742 0.6997113449550951 1.1694988569618803
4.847212301133638 0.6674423387321055 0.5937490268456462 1.3637909647214783
4.877028504558779 0.6475359152546399 0.6151286762543553 1.3197239755293022
4.519950856030976 0.529094369455983 1.2764860556254354 1.0903079247218592
5.538406641703805 0.7724224414734723 -0.923250415087551 1.5993074195783854
4.698330416386698 0.5876694284749352 0.879562427235053 1.211855707324537
4.74092098573953 0.5415308816318813 0.7160546246492331 1.129792662758498
5.093592063347531 0.6329615631448587 0.057918383914799254 1.2956146197332477
3.7612180479305035 0.39388638524544306 2.752358371034925 0.8165437938095647
4.109114648774272 0.4491424670059701 2.091573100216026 0.9198367365041805
5.636903647481109 0.8543215192856802 -1.1085520568622647 1.7573479313128235
4.531043872471441 0.5187767234778974 1.2347304967617059 1.0605672261742427
4.76079163712712 0.5761157864696336 0.7650916342764176 1.1806812368325303
4.210886344661246 0.4223560086713896 1.8467446261906053 0.8651551812291839
4.619230255963701 0.522752628805196 0.9594528596612014 1.0906090947392582
5.2185194724455535 0.800519996474157 -0.10111404646204183 1.623605956185165
4.8674650436669555 0.6315390008730901 0.5048569536227674 1.2947755274489459
5.618218331501135 0.8664827768522483 -0.9463627678425335 1.7646122238243316
4.899324026049804 0.5771169055271587 0.4689717980649871 1.1876508622229103
5.01978112128549 0.7234089743902091 0.22579287032401416 1.4892947530995226
4.9842964454241 0.5894281943957105 0.3248596529545815 1.215676200536045
5.094728376534903 0.670064702526519 -0.01354733379341408 1.3865075004275047
4.6494128654016995 0.5264294500650029 0.9392593202218319 1.079835314287824
4.713491627355038 0.6025319526837494 0.8682428627604273 1.2290248211465296
4.4322470774548375 0.46631151183020625 1.4409506367590934 0.9596325718671146
4.5926090577546566 0.5831170227774637 1.0072702048648425 1.2075073285063325
4.537368688092076 0.5167029008599666 1.1848847661995463 1.0606937962926832
4.62620621976653 0.5342608098630511 1.0949409631220455 1.08510489160337
5.589959386742921 0.6875639453188953 -0.9887708474576018 1.41150360183179
4.061573923516118 0.4007713078830978 2.1780285430461808 0.8301918268280497
4.789480536549997 0.5465220922157723 0.6498304167237927 1.128729421686713
4.232955390089701 0.5049408392730613 1.854610948524427 1.0305512974748479
4.401702923077378 0.5089375034211879 1.4582813991047923 1.0396896072885586
5.043576058534866 0.6765814077515494 0.175905959500895 1.3921883660983299
4.718026413355574 0.5940869164726351 0.8371170092064326 1.2177502547352719
6.2296896788770955 0.9445001918453138 -2.3108844496790537 1.9355175875667465
5.402751922336593 0.7131317236927249 -0.6099311608087263 1.4656480433978456
5.297685266436991 0.6753147319968795 -0.2926245691294695 1.3818159599298738
4.679826200577613 0.624001919127481 0.9643989270755996 1.285567626645573
4.89268856756776 0.568331099591369 0.47483144854031223 1.1528901283867676
4.637083729315579 0.5425417278181788 1.0876649594160572 1.1183994966163906
4.776274977335415 0.6173238832762817 0.7268446896148166 1.2635823341708987
4.8605699356574625 0.6483067639906989 0.5191380185831269 1.3286593725985065
4.702486043276073 0.6548956514460417 0.9335241974573505 1.3268965939091848
4.506565149364112 0.5984963373368596 1.2375074057367441 1.2397179547954342
4.233674259678088 0.399796875758065 1.7759797643657544 0.8204692849580523
4.16196402761244 0.46221451123109736 1.9486322125277054 0.956217683896721
4.512348524377689 0.5103694704604943 1.2268154178771153 1.048306824664961
4.82187077680762 0.6412483135361214 0.6386571009178796 1.3276373547564324
5.833005412644162 0.8846144947950578 -1.4597804151500866 1.804381310396792
5.372129628540419 0.7469135704888514 -0.4872459118267248 1.5400032493096512
4.5436887298490545 0.4897731904310309 1.2000313574564339 1.0034592271727731
4.354747677948206 0.44639927099886473 1.617060551872188 0.9191514565759028
4.8204396542997845 0.6118967512401614 0.6439983437674255 1.2445010495883686
5.229774212567988 0.5602536645623017 -0.18992320241670066 1.1493002993979125
5.653280245891027 0.8158176959603068 -1.1553668897786564 1.6922291044620408
4.082545065717396 0.4910368015220326 2.14997411752308 1.0007490134370662
5.326756202827253 0.6839542618440559 -0.41716808793225224 1.4002903555174295
4.747635946098704 0.5388168731932221 0.8476021508830569 1.0933597273646625
3.9509999254268826 0.4347712748373771 2.4207197203802595 0.8924568769912176
4.4049258568887915 0.48530931912295183 1.4771378892202132 1.006841539737753
5.349640997323134 0.7210674715503033 -0.47373242028871265 1.480523934224931
4.406213311890771 0.4870034918879946 1.5159922123016139 1.0013564227559166
5.031849285215262 0.7356660288387987 0.2704905667957266 1.513114016405449
4.792211139326518 0.5647268633559873 0.6477326210838534 1.1560421258481446
5.012321675679585 0.6703466930053554 0.23593231229905864 1.3777729717433416
5.415711356752754 0.7365973743243514 -0.6308724518177905 1.5078352645978677
5.8222982919212205 0.7680406860893367 -1.5298694090353495 1.5926651425548437
4.771670114508741 0.5317998284807008 0.7819213197818895 1.086664079188774
4.621632452313095 0.612984945517254 1.0103628929968025 1.254466166241577
4.206688420254003 0.39895304148800553 1.9549377195776363 0.8129405708921013
4.791763076821751 0.5978467411120568 0.6809623892856311 1.2112101706309941
4.758669673432214 0.5956229130436269 0.7652563053225634 1.2264289524192322
4.905979415481362 0.6334004653505318 0.4313351193080117 1.2897670217713317
4.743044577743206 0.6315008623383849 0.7360189211830996 1.3004205024991713
5.252405377167192 0.7316989837644733 -0.3097742697685868 1.5056556557415846
4.402410343396882 0.5731028683807275 1.4810135479110642 1.1803544979661649
4.703785933676242 0.47097901970211925 0.8294151262240459 0.9762772922119605
4.581406204976311 0.5400401304855346 1.1936185868549039 1.102060383231793
5.691182694365722 0.800425120255476 -1.2225039655425043 1.6540551573189757
4.780616178995036 0.5961677503837689 0.7261668388134699 1.2072851196010586
5.08327522354336 0.6666965266944146 0.1314990999418293 1.3795892995265653
5.004529093711925 0.6979021252456541 0.2722341831259164 1.4251426925349215
4.567920291283951 0.5099141139335023 1.1663239424627228 1.0449888798583375
5.702689715706217 0.7962007771620168 -1.2282850821392877 1.6249279664284533
4.739441743205071 0.5014875703758733 0.8103443142272077 1.02680984081817
4.786393098082975 0.589255273693155 0.6328430183235257 1.217728212512556
5.287732870928601 0.6584875915629463 -0.3798572636825315 1.3586568728671264
4.808487669618268 0.5810797636079983 0.625695788853826 1.1909159444722617
4.382714235072527 0.49304510551118697 1.4859653686518504 1.0183155798946184
5.054888180609337 0.6499605496688473 0.10724322210342152 1.3379582244533517
4.956488689694587 0.6651421842473615 0.2757784185390945 1.3687035351843853
4.49301758460896 0.4516541254332216 1.2220407800201352 0.928519576240058
4.729531769594224 0.5749594077663436 0.8146784503674365 1.1735508086214312
4.456982583927278 0.5558912023382354 1.3744806259875766 1.141375999131603
4.583762044134753 0.48141397529499497 1.0532422831049733 0.9938747823286084
4.284907923341583 0.5307417837175359 1.7234667855896593 1.0833982496371968
5.429540120158431 0.7943673173180782 -0.554681709173765 1.6202512418117652
4.692316492063028 0.5340241606311544 0.8441802786414123 1.1085441106791418
4.454541411670496 0.4895276053559998 1.3290104847222302 1.0027526940809486
4.73945528496595 0.590899895923214 0.747562420541024 1.2244834905113122
5.163123446575829 0.6987784706268808 -0.08640789690523437 1.4270355235662466
4.9431530091751 0.5597494650914112 0.30055805601178315 1.1532950729649054
4.3612604702749245 0.4831326571738511 1.4837943312242963 1.0054155921202352
4.401401484372133 0.5280908580657927 1.4309359830515258 1.0918286698257715
4.915832845608662 0.5712980069403729 0.4099183895665174 1.1789257389708045
4.28757036137481 0.5307222605822254 1.7169915356553862 1.091361516561348
5.029530192318754 0.640110624268017 0.13524288959320957 1.3075925046042451
5.422246314527674 0.7728644409282307 -0.5536905428044447 1.582300086925841
5.0712914020758735 0.6749303099143485 0.1105512025426712 1.3861594215345134
5.000709160279257 0.6811335253027728 0.24176046261140152 1.393225232174449
5.20390049105889 0.650264690434141 -0.13486135220842987 1.3340085887792308
4.844626451379289 0.6241152693809454 0.6213051873703761 1.2665348922483466
4.829444143332603 0.5457693109424238 0.6101991429435815 1.1244374978192218
4.175856884027782 0.4547758207152792 1.912946993238644 0.9300613343895152
4.947254742465935 0.6688669300482216 0.3940683071351916 1.3617508533984592
4.960533162272216 0.6159564767076497 0.39530109911084044 1.258046042884055
5.5988261425473675 0.8558144495400604 -0.9222966025305158 1.7517822566694183
4.923688091101556 0.5301453648014662 0.40842973386752013 1.0914657427202197
5.025244554381768 0.716942364070594 0.2688018403914241 1.4531522328791933
5.052027568679147 0.6112731252675299 0.09179458619353686 1.2534178358103005
4.649307942258913 0.48934204516437857 1.0631511876020283 0.9992095345195313
4.884276772431734 0.6129732540915865 0.4880995755558729 1.2535389370516175
4.911206256237291 0.6446916583607499 0.5523291907498451 1.3090851521133304
5.004584743113532 0.6689177529558635 0.28699182389783595 1.3550528131229718
5.651743633685092 0.7835943815002421 -1.089524297885544 1.6113305203991513
4.897614604172627 0.6477576978502488 0.5106998112085008 1.3204761340358102
4.722680875176579 0.6470209808917343 0.865633815275233 1.321716499799162
4.345835181140114 0.5052357333829829 1.584938993040319 1.0367482871836524
4.5029168627121905 0.5709381634064684 1.237121046284836 1.1766663454719175
5.6623234318708775 0.8777937431236643 -1.194386768071607 1.8206839766815281
4.9117125012807925 0.641910360659501 0.3819493791219852 1.3201435859873598
4.645843867866594 0.6086742235265742 0.9816989691608784 1.2458683563930057
5.183640062302864 0.7500107012978401 -0.14720107802988233 1.5508179496325007
4.891020622971711 0.6830054029914174 0.3526106717047417 1.4178980482591448
4.6726736359355705 0.6219742739733926 0.8586131696720305 1.2866578373817956
4.5990061584849915 0.583036102305238 1.1527886699193455 1.1900337737166544
4.269851061743182 0.49408219950974586 1.7083138382641292 1.0193092964673973
4.840067597448828 0.6137638527355854 0.5708406263035288 1.2614556420916079
5.402964515522541 0.6854865118041811 -0.45870003111840474 1.386225784223492
4.844009375023218 0.6276632354826203 0.591677218176922 1.2936503274153641
4.3319322504373154 0.4446481316825187 1.6854000561415483 0.9125165553815774
5.116033214347812 0.6415317981128003 0.04191574404549436 1.317346349659841
4.724068425085787 0.5374534927519771 0.7160752410539217 1.1163490940819019
5.600227916520421 0.7859570893618905 -0.9067065049192891 1.5948016768072897
4.764435771484816 0.6452704572049645 0.7237033003600979 1.3128890361560765
5.727965875566813 0.789004544266559 -1.1454230603776572 1.6009870266407649
4.591365346151605 0.559145751153954 1.1257726693673196 1.1487370621316992
5.775037175405699 0.7113626264801849 -1.259131759211188 1.4468042349892685
4.2733678490127485 0.4587545345022195 1.7080384740252095 0.9615096377680982
4.486160490108059 0.5784603298622675 1.310761933371273 1.1966113146372888
5.150540931550749 0.6770695767447262 0.04137075982734101 1.3794105511922181
4.702248187830843 0.5800110832377612 0.9257530089478535 1.1730431427940446
5.252746497774249 0.6956724711523763 -0.328706224659284 1.4299602990637015
5.101758231138108 0.6666177058652152 0.026501158338690156 1.3683712573579898
4.701428329376894 0.5189273079774911 0.7856366416827545 1.0747263896561963
4.600248940866598 0.5342237329374111 1.1300149445631642 1.0996461227935381
4.535512000968965 0.5686863310357523 1.2381135446741247 1.1616391674658537
4.3666730325389045 0.4439437547425262 1.5793793637842028 0.9072264518435499
5.78118567467792 0.7864741102677411 -1.3195350992140003 1.6146154500211503
4.4191830415209115 0.6241211214063654 1.4256697400313012 1.283365236734568
4.865458000246884 0.6195986880265216 0.5296233511291814 1.283732679733751
5.372056180253095 0.6677536400706167 -0.41487371611407925 1.3666452249356795
4.307345980351903 0.5116169309601023 1.618348520713199 1.0544013056530148
4.6915378014343805 0.5667111043769028 0.9338170709548737 1.1637985593761466
4.713535552420614 0.5745472880073363 0.8628227261398077 1.178635281357941
4.26411684205833 0.5113854303591605 1.7142041463677227 1.0562481746280186
4.736577121957873 0.6212076340288041 0.7867355933623146 1.2721294448482838
4.439017615173994 0.4906638897548418 1.431810515293982 0.9930267534656074
5.019946824435326 0.6645301473750842 0.2744903860670487 1.3679985518011986
4.957156453987489 0.5750785353959859 0.31752188064651843 1.1921712744170787
4.528153383825695 0.4812154256947627 1.2557629975821323 0.9837128516541966
5.577338161395739 0.8492510638140636 -0.8457164397765777 1.7271495467356661
4.963383077428822 0.6791618459452876 0.2449311707702598 1.4072526836871728
5.114201703149052 0.7026371841345406 0.0034556760733838524 1.4316405206535818
5.307303786163205 0.6958325839717439 -0.4139851137589152 1.421572406715587
4.526177641858326 0.5067543872694827 1.2438418729335894 1.0380464854322886
4.81822502927308 0.5919173970173623 0.5872265472145417 1.2333922746116104
4.5163227434359 0.5062307174643711 1.186087496488938 1.0438008986387317
4.651696270244306 0.4984803482552727 1.0025849939679707 1.0221537124946207
4.563521995298504 0.5361642095817114 1.1123813505408902 1.1005056154558026
4.395890534254649 0.44818471000289617 1.4435170800015786 0.9304927863794514
4.347662897359045 0.5405306143914634 1.4854381056089343 1.1239713502623174
5.022343920339171 0.6585324612387613 0.23389077773218958 1.3357285002900674
4.184551826461574 0.49525474588249674 1.913021541089178 1.0163174247456777
5.402827155965522 0.7818457803799596 -0.4847807901528996 1.5966169686545055
4.823565100928668 0.6230013699558644 0.5718346542147593 1.2840134964014231
4.826182789414977 0.5948878416012389 0.6871943527722348 1.2018358108753864
4.740482722264867 0.5748233685727381 0.7801600872953112 1.1736871960099393
5.196548479147635 0.6170615195765743 -0.15652782398920673 1.2736871366831544
5.40637398196664 0.7452194601222312 -0.6243492338131799 1.5444234632324962
4.40113794011371 0.5064301952835929 1.3489971988222902 1.0516438271202744
5.8243402562489175 0.8487630703228956 -1.4888355513342812 1.7493531839512717
4.526206532047469 0.5622823161334062 1.2593099708613371 1.1509550105941238
4.570239346080834 0.6244690064618504 1.1496559726383133 1.2707184321039264
4.679239376419485 0.5863474309087611 0.8629024972522193 1.2141554030998758
4.574165859233032 0.5807712171163338 1.0727436597647413 1.2033091304769346
4.298018400529015 0.4743947895796605 1.6825449788517242 0.979336786183024
5.455059528780543 0.6984327215409315 -0.697783857632289 1.43561877815222
4.196440347965395 0.4281536757391077 1.9021085924690784 0.8787292144217917
4.311961494096438 0.5204565859525168 1.7366800714739536 1.0574077731657943
4.41046179635245 0.479468617225803 1.4868049358869773 0.9864262181204755
4.145128111802385 0.5153201404523191 2.0157793019045736 1.0568855382993336
4.7621605070248485 0.6056156003998331 0.7955898571857143 1.2324081288381323
5.644868769857693 0.8079816559253842 -1.2024863059468753 1.6783954937897942
4.947297867361441 0.5599711365083545 0.3566796132156893 1.1534839509131312
4.194580533372989 0.49933812619536283 1.896915816370691 1.0261203116703517
4.721251544490606 0.5740132972324999 0.851122309406922 1.176818313218605
4.555182981757624 0.5532279437380789 1.1585098588597238 1.136055840970358
4.370581259998435 0.48170625175876225 1.5199347192435892 0.9912183402197121
4.32579344793882 0.5012478292271046 1.6767977408747532 1.0281940590446434
4.7823103656530215 0.5961390063966527 0.6640390362017463 1.2221539427359251
5.275781488245798 0.672917955724271 -0.3806972577332278 1.3880230164643272
4.605420128816473 0.49770507599871255 1.0719077345959365 1.0273688764630613
4.273269105393734 0.4422627076233859 1.6915199407483532 0.913256014215703
5.702979557717381 0.7409443063118256 -1.1576878062940168 1.5090474724493539
4.497825808197843 0.49080164801701187 1.2619514041946323 1.0143908145123584
4.383010502068192 0.5236144397076284 1.489143461259194 1.0758014409620247
4.189497306143972 0.4696590238221291 1.9251110059570773 0.9709898969785887
4.642585184971864 0.5195742735156734 0.909035194938467 1.078329789229779
4.2347849137973625 0.4551199262436627 1.7644402778977828 0.9507354243149636
5.0554829843272655 0.6305435016426996 0.1363126874874877 1.2894599561923434
4.897938464684602 0.6177096516143966 0.4858639914712819 1.2644930168264537
4.86258782341198 0.6575284259644564 0.5277925549395368 1.3511271835134482
5.0531551219996835 0.6684756961468965 0.1955164012443032 1.353556296924737
4.704846700757782 0.5558109319293772 0.8722730430221393 1.1418017379168837
4.780958072593487 0.5835476327824789 0.699882657437164 1.2056627007210048
4.7735916972905805 0.5824352928722156 0.6282733984218316 1.206829206783283
4.627618918053939 0.5636030595353586 1.0592681032479572 1.1449037373449868
4.931283154568959 0.6493791284440859 0.3685533276043851 1.3425635271946346
5.111580119704538 0.6789099986694915 0.08914561232261856 1.3876841980113979
5.037686820332784 0.6585639915362602 0.16030720486647299 1.357463032191118
4.592449801439904 0.5164925242384067 1.1033928368590022 1.0742253306289329
4.780149326561743 0.5891583606578876 0.6486155367829505 1.213279316683675
4.764826719994399 0.5489617952762705 0.7288977078795223 1.1250724929766378
5.215765117762942 0.740791544870969 -0.1981897107323891 1.5286720586963618
4.740464282360927 0.5967486253776781 0.9063721521544426 1.2153476976852529
4.605215286765208 0.5923882471338467 1.103254906875974 1.2031020158628487
4.949286954083487 0.6256144822227757 0.3964741672301913 1.2835527964437938
4.719316378651952 0.6155780997516258 0.8187146274323416 1.2526868463859973
4.4962889342973815 0.5594634472893786 1.2691295145479233 1.1475474159261472
4.565019049777161 0.486695212404559 1.044997826177546 1.0065749160727995
4.713547531855034 0.5813713535545098 0.7905842011030704 1.1995363875660257
5.117893860315181 0.6454392636069258 0.06351037933965809 1.3259372691881541
4.958109263376182 0.66303925668009 0.3595789522750846 1.3485589864872718
4.424601621963652 0.5267385414249273 1.3943893791572983 1.0783723936803056
5.1976000850915725 0.6797418691017263 -0.11705118857224073 1.3924803573063267
5.169766282726437 0.660721190365705 -0.08631910462089434 1.3572993521682193
4.298271148045926 0.547646379877077 1.6324049159205547 1.126972804760361
5.2367587454831765 0.642414807890227 -0.320727694696559 1.3253468907012254
4.621723760397446 0.47600061405113087 1.046098986925669 0.9745718443227644
4.585584719618056 0.5039717354922761 1.1639451752217116 1.0299987836333866
5.304710772128613 0.7529292226304064 -0.3205262833593483 1.5551926426395897
4.845023507447005 0.5956801234609833 0.6140398540744022 1.2189034835315102
4.853154659968245 0.5584164034163372 0.5320693700913801 1.142460405032788
4.842757632347489 0.6070045991073343 0.5636793881300719 1.2615167206634437
4.104819088039687 0.44811737813392677 2.0873303582464464 0.925615651648271
4.810452703094354 0.6800601671711393 0.7189386990394542 1.3955709519259687
4.62907794969667 0.5098027761643573 1.0635088392559928 1.0464307162872843
4.694825441195068 0.5484715697338053 0.8835134588255381 1.1299586960120485
4.162997645034819 0.5022578186090829 1.9994407026134988 1.0270955322907795
4.936995846675442 0.6455971145828797 0.4077284813495812 1.3211348997007908
5.0696809289938916 0.6103623628968234 0.03659703714575625 1.2656112077164758
4.876356653888655 0.7101430590518042 0.5192073593321501 1.4548252184147308
3.9310952890669766 0.3906349852174208 2.449743684890297 0.803161252567394
5.1247703899074875 0.7017108571182871 0.006969850110011916 1.446214867265099
4.4864268919948085 0.5674462613160101 1.2665984847408192 1.1550507672870955
4.402613069307256 0.5239191074783417 1.4335814175921042 1.0820839286793853
4.649563654595351 0.5289898313868633 0.9406047276202052 1.0767240395448503
4.781675956811238 0.58547907938641 0.6592849938585845 1.2012959749656233
5.157107065760327 0.6637949402706395 -0.09038110223267792 1.3682344675598535
4.749859911845505 0.6263527494726482 0.808876584672871 1.2894621603160095
4.932113809958119 0.5856555242631611 0.33628914230793583 1.2224644709159376
4.872651757784382 0.6233592947515358 0.539927182507065 1.2683060414089318
4.369423351628777 0.4632551885645366 1.55724882462449 0.9441893592907931
4.519391378444472 0.5740641009452677 1.2752167167240909 1.1736458758070136
4.853898650700724 0.5761460437638938 0.565890452912515 1.1807018494113517
4.495029760387457 0.58895911486846 1.2587631646235016 1.222999265702252
4.720507103767549 0.6186219868107361 0.7835492071167444 1.278688082525084
5.428437113988476 0.773118776956492 -0.5361221751905438 1.5711626917736212
4.239621201226621 0.5351472917497683 1.8458603120398434 1.0950871770642603
5.034234348904899 0.6813924630606961 0.18799819362772524 1.4038640477023048
4.31475689845443 0.45584974343927614 1.7834411592210477 0.9212072991142527
5.191322311344673 0.7170396020028128 -0.21857246403410127 1.4873255070782978
4.472508510255401 0.5147662154414198 1.3388440861680388 1.0563309878017264
4.291192123872033 0.4786007687445354 1.7177879499476354 0.9805416086888872
4.754266476643538 0.5721329457540376 0.8393176383511951 1.1639298817278574
4.314177237089017 0.4578594885328433 1.738592445391602 0.9322167589809818
4.578797706849549 0.4880527725856434 1.1377910890820815 0.9986199563591012
4.58637986447113 0.5340373346736903 1.102385296395172 1.110888380058576
4.601112771686012 0.5440629676591108 1.0572478942407 1.1202726166107957
4.420436033936389 0.5244965147999535 1.471790176985869 1.0800733554457256
4.668717074191924 0.5816353985664094 1.0272156964974564 1.1762872829281807
5.307941156112146 0.7096455843207212 -0.3602182292758863 1.4552907508325768
4.581561557149422 0.4938350481151943 1.121095156649662 1.0037579096278018
4.514930211839479 0.5368070029795543 1.264051879875153 1.1050453696472637
5.17586478840602 0.6648239766295402 -0.06113496092327783 1.374371696460966
4.869361879390725 0.6032448801066885 0.5328901706511476 1.2395104644435369
5.054142532415483 0.6200587396507016 0.20364231582954562 1.2615832839995835
5.038750521334375 0.6280982572588747 0.24127803942739529 1.2750813240782606
4.88847931935976 0.5504755729734284 0.49586197862744724 1.1208668964295032
4.678885663267266 0.5599389448862773 0.8706197838748716 1.1453269628517249
4.719402327735847 0.5398445764629846 0.7305283747836446 1.121387565971998
4.83499937562307 0.569410263512305 0.5482326409123337 1.1575199381181618
4.7831587337620185 0.6239312981182209 0.7357303827134924 1.2698629070050516
4.589169850834284 0.5554067082732982 1.1276331234923447 1.1337086321850225
4.856773972916596 0.6323548610275216 0.5557208781100025 1.3005623652510008
4.647351723284428 0.5371131553208256 0.8485494066346794 1.1230015851975563
4.929792547527018 0.6945248768921535 0.4277814509427906 1.410382985545687
5.286869627538171 0.7220822838459605 -0.37012704830270204 1.4833164511314676
4.545092390831551 0.49036385814419364 1.2307144467641824 1.003339294552945
4.884128680862451 0.6196585426376842 0.5182960455850021 1.2684730494854701
4.345752183670436 0.5308596662943916 1.5590636692733002 1.092635079868069
4.586989591546507 0.5031931721207638 1.1065620739804365 1.032889579348065
5.009764115381216 0.6420147615110822 0.14923768833432494 1.3253390804993366
4.447271419589162 0.49000604445493506 1.4020411674909408 1.0126507730633525
4.955060397787391 0.5721890352569518 0.30105311906670795 1.1934588208138672
5.048334342349314 0.6371697987497453 0.12272999869088622 1.3130359914216285
4.821029227710136 0.5392252681210374 0.5874873555955004 1.118479668606149
4.219463805912659 0.5387717635206697 1.7956532171936268 1.1093713024543512
4.486504461246552 0.5638136176892863 1.3233017919019479 1.1615343904801545
4.42826945815469 0.5513657487860604 1.3994247246223672 1.1298878121028526
4.140856747195449 0.4675810371902799 2.0378880438871683 0.9566482580284006
4.9486801499264 0.6061228858291363 0.37607376984619434 1.23555479698788
5.011400976174379 0.6863557028398157 0.17086130027628693 1.4087954812433598
4.696307499236681 0.5565043691542736 0.8002742761214003 1.1517911822958227
5.047912205184878 0.6023807016357121 0.13321214808419496 1.229481981711624
5.581328723028225 0.8949995159316539 -0.8433690105708116 1.8361566333679376
4.589241105557023 0.5409402297568237 1.0743292899202146 1.0984038178748061
5.42397801137407 0.767049430679544 -0.5088398982549375 1.5735732476627131
4.8536511120424635 0.6394606066233751 0.5471311758922323 1.303635956931379
4.953584346132853 0.6243343711158174 0.3028072039251504 1.2916286410327658
4.820715947434959 0.5992014795197509 0.6067380925288539 1.2307718031400021
5.2321356185853265 0.6620194171013045 -0.22904693654236102 1.3573714064719935
4.777661913529995 0.6816780867493234 0.6980400560396134 1.4009295198965472
4.598665924886111 0.5076532771121987 1.1680940474216035 1.0356044469810175
5.049914167938586 0.6838367909169235 0.10363839943182096 1.4106436015816348
5.012864090749167 0.6554310905713195 0.16519343821049795 1.3493610560690128
4.560833183874319 0.5377330514167498 1.1315515172545942 1.099640835607382
5.393362555376801 0.7415922638113387 -0.5312046495910902 1.5096069399159033
4.859237747453443 0.5710274195967284 0.46551167115315273 1.170544291945378
4.26277885688252 0.46864898161731555 1.8266996869719179 0.9643848625857177
4.581453614287497 0.5407132750881891 1.1304126510855164 1.1017570779320414
4.537114826146494 0.5586649970263439 1.1999753230324277 1.145755130618591
4.670198132752855 0.6236970382213205 0.894181800599024 1.2802703632705965
4.990477350877139 0.6865105651920121 0.24452223321689592 1.4078045464201718
4.828877487706201 0.604760255390089 0.5413261110976477 1.259413226476892
4.609682589998094 0.5408474418498587 1.0398603266031334 1.1193760929823864
4.8563659091720774 0.6238122757995446 0.5518007790638553 1.2837305946052278
5.215961817789146 0.6540828894972828 -0.1968124759810176 1.3483935096175397
4.674960855253775 0.5133013127374205 0.9334330196952871 1.0584819308301892
4.677341530001335 0.5613846537089894 0.9300320213530692 1.1605155902636606
5.352145197888657 0.7779231600788071 -0.49211894565642283 1.5983737961466362
5.472142300107322 0.8462824042808061 -0.6486392529582079 1.7305172882436948
4.491181290012415 0.5569397685184092 1.3034370290758923 1.1330203327947816
4.577004731911158 0.5611839382678667 1.1048087507680715 1.147261717527047
4.645882053344081 0.5908075091764303 0.8912793153732186 1.2166854891936574
4.494869151087105 0.6019952828835091 1.2755551713759852 1.2473361840450543
4.747804801257379 0.5266495607947327 0.6917341903090937 1.0804461956493023
4.529246009089513 0.5179580062269943 1.2045241553701391 1.064625560963187
5.251209664581262 0.7368719741547277 -0.20343964079926685 1.5110887144004754
5.045442577530453 0.5577770999254302 0.11775971482306331 1.15182175844912
4.786267033376392 0.5837301797693075 0.6822305392050194 1.1973104457362227
5.268278024298198 0.7975886874905646 -0.3051270859982716 1.6509117698621318
4.387179414865836 0.5657972365851148 1.4678838108228303 1.1784204535405007
4.300384754579294 0.4389065257337168 1.692720344679035 0.9048994707074497
4.391393162718814 0.5338514048263969 1.5683115970488921 1.0846088070580666
4.689008585080607 0.5373231293885579 0.9319550261113404 1.0931325759958437
4.958849664167003 0.5929705160635624 0.386827160696709 1.2104681807905309
4.615248021455763 0.5067226183887696 0.96378190287018 1.0486344184794387
5.4095356687367016 0.689244157302046 -0.609840082292678 1.4334093887557688
4.943425625480173 0.6531896207762045 0.4790109286314223 1.3248799599554675
4.280022830921208 0.4283581133627453 1.6885188526522672 0.8807829632241448
4.426292499142698 0.5705947821060883 1.3582929193370665 1.1817930296270365
5.158550318075988 0.774468576837907 -0.12898721627029777 1.6069949878393426
4.580438309836344 0.5570471728107812 1.0643036743091956 1.1509310843985632
4.404067056524683 0.44534029498999805 1.5279965874805357 0.9142667294412442
4.63862774864724 0.48047521000750687 0.9093059670617663 0.9984752201177648
4.873068871573726 0.6005519792464088 0.6570216589063863 1.2190735530758299
5.052354941472997 0.6125778758547594 0.00796489664724749 1.2988204388007927
4.810576008914694 0.5627528713979877 0.6797873845698924 1.1535150278152329
4.92155244291556 0.6310666745820507 0.4157605474326352 1.2940588947415441
4.636178937499375 0.5589374177534944 0.9207981869123252 1.146265912573888
4.145180246164864 0.4841256876251882 2.024721786776654 0.9963400791936653
5.446763060631525 0.7102728735034062 -0.6324420695420354 1.459827920465617
4.2770239819918245 0.5129590907777141 1.786314619283711 1.0393316877190772
4.807847856445451 0.5025080359730004 0.6399034406832474 1.0430019546037084
4.736057271282494 0.6031502241874558 0.7626746325447187 1.2490469229247556
4.141416027099724 0.4723690047031922 2.0609141003734854 0.9691868058416493
4.2904586727236556 0.4996375678667005 1.7370788317494685 1.0209319308362326
4.495820175477751 0.5150772247708548 1.1788711976108224 1.0549516740958405
5.359491120967654 0.8488885955579187 -0.593412177524473 1.7519521636011122
4.074229213328339 0.4465357665742894 2.184148187784494 0.9168425106899233
4.322930333841942 0.4333558761269524 1.592451298800527 0.8913665161411024
4.798753280508032 0.5400111345309002 0.6709379928167742 1.1100638356090433
4.333665768633242 0.47573214984252243 1.6169835754635125 0.9781293487620067
4.6316352653124975 0.5032671967547454 0.986209727235192 1.0319632876912246
4.693049056947762 0.5269597154700787 0.8837896808913104 1.0807770576754814
5.122740239160278 0.6858432134491078 -0.011107768826402499 1.3879601384093567
4.86855753808565 0.6627195070414684 0.5878832183269579 1.3633735042891888
4.724302965014873 0.6228310954186387 0.8031060766741125 1.281555340638042
4.793086907141868 0.5874719995139122 0.690695031998246 1.191075466613156
5.267430339429709 0.6811183403484382 -0.3543598558788108 1.401386698453034
4.835020093041192 0.5158994895180294 0.6004264999877836 1.0723957784941736
4.66521572841888 0.5993491926840722 0.8960855856528283 1.2375767842321883
4.822029505657814 0.5749594841420846 0.5964243397944827 1.1700565321333405
4.6585039055528865 0.5783110690188108 1.0121199810234351 1.1578381105684543
4.524519034315529 0.5895502694955744 1.2306366054888351 1.215585882361356
4.324610822087854 0.49073625689950895 1.6162775169666634 1.0134673312769775
4.72645062444286 0.4949985827637682 0.803516602117613 1.0088877993943006
5.205580020423794 0.6246238699526261 -0.2044069946855583 1.2836936751051182
4.923408213391261 0.6475382194744903 0.43050912227288546 1.3164507832925962
5.090519636137372 0.7146564685387045 0.09140715532395494 1.4504283276623717
4.539243286168201 0.5130349212292128 1.1133880414045443 1.0562635298317253
4.42487157299643 0.5178201804204172 1.4452373622509462 1.0595525799984502
4.799791842082963 0.5980280296499997 0.7157665244511289 1.210846347541917
4.592145109597251 0.4971052607417197 1.0270494080224501 1.0193502820315665
5.551211110429213 0.7407311929251743 -0.9078327454210355 1.5220647079002008
4.6185890095510835 0.48971562637058974 1.040270888992907 1.0128053628375753
4.457455581671458 0.48979810781184996 1.315835404599159 1.0111214032297666
5.17907984098648 0.6774755914696947 -0.199442693388899 1.401576138017926
4.937793306665714 0.5999399997918218 0.41378877931768543 1.230295382693432
4.755524810419827 0.5796200680215707 0.758791948207713 1.1816551549113432
4.981622617169332 0.6140442008334553 0.30068459422492116 1.26579284234744
4.447182889198994 0.4822326511645008 1.4167357260397921 0.995388230912858
4.960939302503409 0.6676559426899009 0.3508923757412502 1.35981255757927
4.5016208756998815 0.5185145781482131 1.3538023142228341 1.053038908478302
4.859954556089186 0.6065252541099359 0.5127500811271499 1.2518475068043522
4.4754048527521615 0.5024078564582493 1.266067396128156 1.0370205190446016
4.788509329912539 0.6065375904442271 0.7723773952187198 1.2395773526696996
4.919893592976969 0.6614933976264493 0.437754642505242 1.337767265615218
4.576116824198327 0.5353964810895474 1.1076015752038595 1.0951187500194368
4.651860871230054 0.5279878285750721 0.9266336036943379 1.0942538636434789
4.311538816997043 0.4876892669908684 1.707043079612403 0.9846532454924042
5.3433837065770975 0.788722833488128 -0.38582528328810034 1.6186159449233781
4.4807070863541565 0.4833902134763767 1.3477138635068575 0.9961601890114425
4.750966763948689 0.5674317667300085 0.7910377658512355 1.1604711288490532
4.580210712787832 0.5040613353248172 1.0877777953057337 1.0305620508493882
4.9910348455147595 0.7044604461498073 0.20822088233072292 1.4451800596641766
4.752659804452319 0.6077563490948096 0.708841692326264 1.2728305540424916
4.695808486058933 0.5547850133578043 0.8890347075112272 1.144972900371102
4.7061813492245586 0.5780595448835574 0.7567282360847079 1.1937709997026804
4.947627703699052 0.6271027054863916 0.3593668813103795 1.3052295522168458
4.8759169282843455 0.6188123923097176 0.5543439625495302 1.2718255162569252
4.453091650934242 0.44550780417132213 1.4212421440520733 0.9092718355818035
4.433972427059648 0.45147215806587243 1.400198856787342 0.9283673456430281
4.844646705699572 0.6196155267956615 0.6112108571264114 1.2633923097628696
5.0777950989193545 0.6797654606102792 0.08865325537893173 1.3968508161607114
5.0497844302113055 0.7227870277287044 0.16417788858113783 1.4663744158015954
5.468460721314281 0.766687192765633 -0.6758555609869796 1.5614259793429877
4.257247779812722 0.508880751831924 1.7385209099875332 1.0512692188202946
4.431004184380869 0.5415462306264399 1.3864050410865476 1.1068553147473235
4.725766041807404 0.5944582566325626 0.8480116505910062 1.2286957956563784
4.671981689777162 0.5660879913022788 0.8999669218109543 1.159309552360105
4.3452006273061095 0.5079659172425421 1.6321475790800093 1.0480279907527517
3.9202356223955155 0.4393598191218405 2.502935358703019 0.8962945442518296
4.5332791607213885 0.5599762191430083 1.2630935297370152 1.1411185370438546
4.492348496418812 0.5048564317964833 1.2820501468160486 1.0422046577695894
5.076151686449251 0.6700085069536634 0.11992911262132303 1.3609074048965848
4.630270420166057 0.6050261208615394 0.9670132465341164 1.235263233402818
4.925833306924471 0.5887362972740275 0.387786194100463 1.2273288662808435
4.45677123890989 0.5948875380705549 1.314996242686391 1.2413168748492969
4.582171487553341 0.5844382106343645 1.1284123987124501 1.191105169025515
4.512952378643208 0.499266411328736 1.245372863664176 1.0227783795256213
4.608022067075604 0.5790251455455396 0.9844004427472779 1.1789458444079801
4.081902988047268 0.43569348372134253 2.031237905870846 0.9134077281688477
4.526136820519749 0.5158710327500051 1.2161630048100673 1.0605299608379621
4.402875169695326 0.6049012921845823 1.531874339507235 1.2393298654449854
4.134000819065572 0.5094573399068847 2.0092628523333653 1.0417969361634165
5.2018607519402735 0.6456053846144181 -0.19171783461664427 1.3236617148222949
4.81028481043314 0.601617992780144 0.6849135317819774 1.216432592722696
4.974480862119086 0.6379474282044334 0.3149308366588112 1.314051043810191
4.607944490355953 0.5387887912939894 1.0379066289016292 1.10368077160795
4.417672465400367 0.47067585040897486 1.3097574173716362 0.9753198379312196
4.953930981065033 0.5975905188986477 0.3320434220645475 1.2265194211747312
4.62442229807599 0.5275486301869758 1.0143474017122878 1.0839861180426433
4.662585747300874 0.5491267867272912 0.9058920869334882 1.1354905999954854
4.744921277256257 0.557147871281954 0.7564695560570032 1.150323359766588
5.0489591245866094 0.6103432523637957 0.12478106184801674 1.254742528206364
4.735474854741242 0.5639998288541775 0.8487296862481478 1.1497489196110735
5.209515025983938 0.7194421245405519 -0.2899123424902635 1.481735037945821
4.321310414447332 0.4645369876910285 1.6434353764713343 0.9565536066515902
5.088034638169104 0.6669093829588303 0.145934113095985 1.3640351878058583
4.571681090825845 0.5194024143563717 1.1569313273462611 1.0664020313519467
4.58075341332983 0.5056204219918923 1.161186637826312 1.045113426344163
4.930922438188727 0.6364434810447691 0.3343821014529246 1.3264118728199472
5.061781970063849 0.6303777757778607 0.09372127361123243 1.3032630438988033
4.497699539327906 0.48631810305216244 1.2203254565971726 0.9970740520311132
4.63777121301186 0.5654933996130918 0.9461202635049698 1.162770347446754
5.5279642898942445 0.7541849061606744 -0.8545708637635374 1.5428355607605453
5.161594516781447 0.6963754839242587 -0.10904015938633757 1.4342128621110948
3.933768310461897 0.3936224399502144 2.3651009735049224 0.816898532216976
4.497896947749651 0.5132719486009563 1.1769660487384657 1.066553258908747
4.099003240589562 0.4175957127217759 2.1439273522709046 0.8530032144611716
5.071729449530265 0.5932619628722436 0.14249211632130307 1.2031214253753633
5.067676081009234 0.6026646897670958 0.08236317151736668 1.249647214783049
4.722811871818221 0.5493105528752975 0.7755159081155725 1.1283021382938199
5.447694750000562 0.6888589835213675 -0.6417973044133309 1.3961650469433227
4.677075990789341 0.5463826419882779 0.9300552069887182 1.1245341540305456
4.299321472569521 0.5509719229559358 1.6226309700609243 1.1439936977936587
5.402483757307895 0.7144592066200673 -0.6214879541505394 1.4737812035054774
4.763416990593257 0.58850061972107 0.6980417228970035 1.2194501803175835
5.041409925458848 0.6459372551727118 0.12905766597394286 1.3351256911635676
4.973539795484321 0.6932037395810401 0.24100614673762527 1.437440133697505
5.3283633410285764 0.7823147086161826 -0.32273086250521676 1.5815170890752108
4.777119890863075 0.5946625596400463 0.7153099081651448 1.2199234805577048
4.872972188147222 0.6224167450125018 0.4765410721163597 1.2788669857368038
4.62381487920538 0.5616282523973919 1.044419769694601 1.1691505024324413
4.933479961419599 0.5917908382610096 0.40516474314864515 1.2054456051814049
4.7992531256746105 0.6432277965741975 0.6551551945904786 1.3240275778543957
5.557690214977681 0.7455765289325054 -0.9498153697010696 1.541058599724988
4.649894871349077 0.58999748934014 0.9378850437230677 1.2137616757531597
4.927427864863397 0.5655003703752748 0.33550500684475004 1.1606962588117946
4.33109955028598 0.4271161524557227 1.6413156076867967 0.8818973512433503
5.423845117041855 0.7546221059787724 -0.6367190889097505 1.5424031922139336
4.613697649508923 0.5814189728211558 0.9735267503168085 1.203110346016994
4.806293774778621 0.6585531719820757 0.6111730606414953 1.3515519051894092
4.669345771106732 0.5202678807798049 0.8758677889317711 1.0762056092801495
4.348882740252989 0.48195979046567755 1.5835265341682914 0.9930142331126225
4.750969857562049 0.5532309403386562 0.7582925387544286 1.141997049751255
5.203144049050697 0.6902229250719932 -0.18264755398840238 1.4192436158671426
4.207428557448996 0.44702266672300306 1.856553286720341 0.9191913876252464
4.660522483308474 0.621673124549605 0.9513659531231704 1.2728476011532996
5.479590789056524 0.792843591492678 -0.713419172408466 1.6254253572187467
5.069815653241422 0.6670403262650324 0.15787287367773756 1.3527955663507474
4.8024608168414735 0.5696465343673536 0.613623563816373 1.171371472429186
4.25306896483152 0.47346271921968847 1.8318859845699853 0.969893620552128
4.883273485398063 0.6950997541792963 0.464460214741854 1.4187533391979887
5.789167276489335 0.7915129141491265 -1.272512996459715 1.6150225087294858
4.561370337189716 0.5418533705948821 1.1446636240030852 1.1166999285885149
4.737443593165608 0.594291163989358 0.7722481172114541 1.2252886262802876
4.888290820302237 0.6086097536810925 0.4991549873945478 1.2551138847595982
4.361362384528938 0.45642851376241445 1.5596017597757752 0.9384430651311061
4.309713508013966 0.522496856646377 1.6154234394877762 1.092971542124808
4.137926820816348 0.43979159047385236 1.9805414284405929 0.9002932032519557
4.388900960211087 0.5185601493837235 1.5293110208610297 1.0703908315372905
4.514406415693555 0.6004798960773884 1.3184370158876184 1.2260238728113522
5.279172556883478 0.6715905017012327 -0.24224456159440916 1.360828544221122
4.443747325022182 0.49849239237509524 1.3625303793986663 1.028990864050437
4.614254238710174 0.5538197064410721 1.0581138066103781 1.1360477801008733
4.613835005266713 0.5311798263666009 1.0410916031984208 1.0895761692761106
4.610965430030268 0.5631810740184615 1.0493946704175374 1.1635724102049536
4.266553918780217 0.539545257663756 1.7717772289646465 1.1122295968548317
5.120652391419204 0.6352868966292677 0.004069704099403271 1.2988949082170094
4.2858455159780995 0.513345117712248 1.6791010535766902 1.0528784488263505
4.464172304489777 0.5487964036066972 1.3633403441259473 1.128645359478578
4.020513121061957 0.4449182205821464 2.260546449319517 0.9036486334472825
4.744446082096498 0.6189264947990879 0.7437764085874428 1.276906041540729
4.73160226910597 0.5621469512932276 0.7605070722290859 1.1578406769069618
5.118955419624171 0.7048153840648641 -0.03431953978313648 1.4466342083694064
4.447731648684101 0.5037280845617271 1.3531626891389157 1.033405990401666
4.98224186182785 0.5818618169828803 0.27776775180523544 1.2044192654145625
5.117321726298603 0.6379859894372688 -0.011965970050972524 1.3108829660244976
4.218861447795163 0.46194183877638767 1.8856963542268836 0.9502774719875393
4.701092298463777 0.6045856804467198 0.8884266409753534 1.2316167931263793
4.086383144002445 0.3953084070411998 2.183010418562792 0.806689842481905
4.7857597877619895 0.5209697217285837 0.6481863730681219 1.0741635517232808
5.384693122640789 0.7716058571911143 -0.5928046135186504 1.5992221393040476
5.380541211893325 0.7950403400640685 -0.39173038895115414 1.6074321532998601
4.762122780088608 0.6011338720513304 0.7411195538805981 1.2469276306513775
4.895435750819317 0.6261657573718048 0.4736588001299755 1.2783458419755602
5.372142206508921 0.667317086003531 -0.5758382464457279 1.3757452401352397
4.291371308769485 0.4796738050363399 1.7475931372531672 0.9865736306351777
4.763077006064128 0.5967248062555213 0.7462192390683459 1.2335808925092615
4.210245528174352 0.43659460918795584 1.9852622871677146 0.8833628382478447
4.814002618432723 0.6280935372089917 0.5229322035750303 1.310694007615981
4.7190999659411315 0.5806263983117321 0.8746599254767764 1.1866195567025446
4.947720223211563 0.6237305083559382 0.3500550800574663 1.279699630613356
4.927020450440665 0.6133141720949862 0.21313053752581834 1.2653695484330936
4.283256427998863 0.46279788619122514 1.7889484028819584 0.9399959262840161
5.240305204379629 0.6262991063968182 -0.2627195896844315 1.3032581221105803
4.7608301676305365 0.610994787328341 0.6776525658658401 1.2808491856707311
4.354983497691686 0.558610697984607 1.5875924768843563 1.1498318521582018
4.735474605691939 0.5340371331121175 0.7863817525276317 1.0867433072054729
4.825383923345846 0.6274703876029808 0.6168527952411407 1.2773039213251662
4.818433375693601 0.6161295618502091 0.6141828237710262 1.2714437129289888
4.47941250388474 0.5290392382174505 1.2732086364662833 1.0768598651026664
4.467277094292008 0.5543044170993837 1.3414109510401495 1.152860852934138
4.583749881083374 0.4916881297256149 1.1202279528331087 1.0113879941382187
4.6456946529255845 0.624613841946002 0.9611085901081784 1.2929037398062995
4.994120176760424 0.6247651375674264 0.2546184988221023 1.289314075936523
3.9544913803292436 0.41843717487118853 2.45276594919444 0.8584446094096583
4.775319118978956 0.5766319128600632 0.7065693978249425 1.1772017684947493
4.297368309305899 0.5049586595824925 1.7020650624278504 1.0453327250783913
5.183567587666236 0.6308560903872245 -0.17609484255362579 1.3045061190764622
4.454472123489984 0.5345980821967861 1.321282725114469 1.1080519711631007
4.336392715941169 0.4807360006634297 1.6698259593157894 0.9904014452465404
4.5225002711354865 0.48362914285593267 1.2599620422375564 0.9946658775904034
5.126246356673036 0.6906020144457615 -0.13898148053662135 1.4323780526646877
4.749559136793772 0.5738462963859008 0.8091529515902411 1.1559019286972843
4.702090029503539 0.6546782746906852 0.8236606029486846 1.3404482335487269
5.0810268201183035 0.6474165940183911 0.08727592266341265 1.3276345989559146
4.159263676053058 0.4387361730754541 1.913092413848903 0.903525790507166
5.356702289127137 0.721422146226973 -0.42115863695294714 1.459895529397886
4.38996044785719 0.47868465871678667 1.5327756638979486 0.9819855071278466
5.4636301204058935 0.6062129472066149 -0.699437842143148 1.2446531509100496
4.545550464112097 0.5768121719517117 1.168852054294951 1.186447405494925
4.570558705331886 0.5726473677961342 1.0544055498907898 1.1901214751729015
4.9834143287131605 0.6150822064243254 0.3373317354630225 1.261090893267153
4.110050466765397 0.4245162332947936 2.0214386577395747 0.8815222691812435
5.52323745155481 0.7591724525108288 -0.8468046752437624 1.5627359087377832
4.223116652038579 0.49836396618806306 1.7772136998340509 1.0424026372294817
4.443626952234984 0.4759453308812167 1.3966484936762529 0.9703142016364843
5.3241361789272315 0.8125438886535349 -0.42099214004473584 1.6775871280919532
5.155738135636668 0.6737697898061 -0.06606307814684431 1.3680426947834523
4.773469767128889 0.5700715278334548 0.6712946582344084 1.1717783340905823
4.956303192311646 0.5259678375427663 0.4190162949718792 1.067045617511468
4.641136350214252 0.5144553894707391 0.9643013921301776 1.0517263513712167
4.489167822618866 0.48038326047786317 1.305458494322491 0.9953704000798721
4.947569215762124 0.6320076296434783 0.3985786626984442 1.2888762949040502
4.821073930603191 0.5215443647343956 0.6131831207361411 1.0730640493697137
5.113083844277385 0.6641507767805327 0.017082374760799546 1.373246241635677
5.776135516545878 0.7738777892285046 -1.3399319272401118 1.5957099511268336
4.297838451829579 0.475314213589523 1.7076478523580296 0.9772755506789419
5.106801689484893 0.6779132818110475 0.0017021817360620348 1.397267806214496
5.250346490798955 0.8154073329011009 -0.2721091860238346 1.6830152842270911
4.7724682786047055 0.487492563131318 0.6432704274002505 1.0097996996724434
5.023384683153408 0.5723606279814835 0.2081138601942943 1.1782145241974988
4.593735071419497 0.530785703870839 0.9882578483705162 1.109102732774575
4.8062785881850925 0.635333810732887 0.5881141523827991 1.306235122885505
4.861518526416594 0.610147774162062 0.5756196219914242 1.243802051770571
5.218576008911651 0.6399621660633414 -0.17838770193105447 1.3189945407023802
4.385836806991205 0.48021775998030314 1.521670099375676 0.9858722211791303
4.934944560363514 0.6992052055428829 0.3964429372234775 1.4385527708400927
4.092543159398728 0.3943939200890769 2.0991288433995745 0.819633605115497
4.950982754047194 0.5647382948170961 0.37167950946008643 1.1555591108789547
4.794040867334317 0.646864531066315 0.6820993851419983 1.329353367888856
5.051140464269209 0.6127024312149071 0.09922064166215255 1.2647028806210892
4.690475276175089 0.5945675777041894 0.9184935062773942 1.2109347535298913
5.1531541802396665 0.6626421544999674 -0.09031573752573252 1.3486193926189016
5.352705457224893 0.6656883027259239 -0.4204599010271862 1.3481111807759747
5.3281382703214 0.7066766683420022 -0.4315042701323053 1.458062283760386
4.440120094897329 0.5089652888268417 1.370685008778621 1.0548046911031481
4.604793163525102 0.5367443854697592 0.9683179182742083 1.1140489576712522
5.139860459017193 0.7097682087700522 0.048500519248494425 1.4392458630083846
4.688982808356688 0.5175447048907577 0.8844290701278167 1.0720782648287015
4.280482218461485 0.42246651046523337 1.704203491902913 0.8726630189913996
4.638456954219425 0.552866256459217 0.9495503240845276 1.137753931032522
4.738004051212185 0.6391569878952386 0.7743864982214049 1.317460749227748
5.4162221383636995 0.7593517947194027 -0.6480465109821509 1.5731827973364305
4.782259959340087 0.5764269179069816 0.6470912386525876 1.18085160269329
5.30674720738998 0.6255261296733065 -0.38279152594046073 1.28809941843619
4.958339846328601 0.6447418926373993 0.3450258011511639 1.3206265488795499
4.561264326017531 0.502519838752462 1.128299123812079 1.0380536978119328
5.205232634775915 0.6851061130693288 -0.10724853054510375 1.4060421609047709
5.4278028103907765 0.8371035466850552 -0.7391611268916627 1.7410475309177431
5.222280836053493 0.6953845204509587 -0.2107507573732914 1.4182873659445527
4.8241694515084 0.6388660827611172 0.713556561492481 1.2862988212855617
4.794439554397853 0.6281335625553509 0.6450337685922743 1.2889452005526296
4.69993224671666 0.5756653716042813 0.8772434471168546 1.1852716451778476
4.747477296919534 0.5554351636264648 0.8089157220337646 1.141451989737703
4.38731624643992 0.5135874960033446 1.553060528648901 1.0569384520220668
6.380927793600819 0.8777223854538813 -2.4951346775447263 1.7844936594649217
4.240930572764018 0.37074441043399003 1.699672219262772 0.7623509589537174
5.178920570805676 0.6092196005897859 -0.12269722475540813 1.2471056128762927
4.444139626323521 0.5009976128575058 1.449295777169597 1.0250981357278548
4.94046270102845 0.6538303679400488 0.31002598255761527 1.3532134193808971
4.821734583979806 0.6567568879856724 0.5746034553283306 1.3552681550036334
4.198399056185714 0.47643922303871034 1.8167000185713071 0.9927443009058782
4.60613120488402 0.534291001812569 1.0542888223727764 1.0915282962946353
4.65933620807788 0.527844162057214 0.9088630330746198 1.0963463991468585
4.202008065423574 0.46578475763266775 1.837721395151052 0.9670963457906897
5.583595364490593 0.7785811285614203 -0.9091225988002485 1.5911011557461363
5.527015001106874 0.8445189596484426 -0.7186387092409066 1.7078444522303498
4.746504881654326 0.5353765464904242 0.7495491358428277 1.1033628318713653
4.891975409159386 0.6084369816089685 0.5305293815404875 1.2371692326488521
4.881229473493254 0.638812031612817 0.572966326206606 1.2933882198628026
4.39500761665949 0.4783300329933052 1.4767955765302725 0.9865483427091621
4.318770640011461 0.5406144052379518 1.669921209598154 1.1183233361508507
4.626414843599252 0.5644686924614026 1.0502453973804107 1.157098959855719
5.105640082271344 0.6668989202245541 0.05250305148340411 1.344485239790962
4.6085296864995975 0.550826383919274 0.9518667912712089 1.1436842782505563
5.022752543354716 0.700773834104161 0.171548337648965 1.4435295237779222
4.5901347317233245 0.5183496050175141 1.1416767050191945 1.058838216977382
4.625336179464712 0.5488536433344233 0.9862352814252366 1.1180538958514321
4.9172239387351055 0.6956884322209227 0.4194446024782078 1.433968762849721
5.18530817800245 0.6605171639208262 -0.3141483660498584 1.3753101490923652
4.819360044786459 0.6023138315216288 0.6084063509273573 1.2419272197182691
4.478910483813197 0.46959793556976637 1.3607978800310079 0.9573677116867756
4.286694191081951 0.5077790036038378 1.753858700204404 1.0383671087714201
4.965719623409222 0.64387597835314 0.2967068456799215 1.3372970117457694
4.428877483414455 0.5106006973453832 1.3253725675096335 1.0671107804456987
3.979306052654596 0.4263612726622865 2.2962420241675567 0.8887805952397025
4.637296464193926 0.5460639602461201 1.0574697326710027 1.12024255721073
4.212597521405508 0.38056397890303933 1.9760800647262695 0.7783428717955047
5.379569488309432 0.7569748613757002 -0.6144191214401544 1.574498835074755
5.0984411262036495 0.6430426276745946 -0.023454790789729243 1.334330816646209
5.235776851022705 0.7028238639493857 -0.3829052345917388 1.4586498528677505
5.013404917419729 0.6644422806231799 0.195632947857804 1.3703386865499518
4.5333016542669515 0.5596967868561886 1.1378235155033005 1.1546591389378797
4.310794781262818 0.43398388109259894 1.7166805698948528 0.8946191395661037
4.982764443253421 0.614383872766894 0.3358394361851209 1.2422094194290971
4.87566839054447 0.6586350091505925 0.4950941146152045 1.3507224215485671
4.588355365032005 0.5294911301886922 1.1086247431655147 1.0790445306498546
5.032921267986746 0.7056881500749967 0.25338778258950445 1.4425624377313948
5.505575016483087 0.6812475070173487 -0.8189649510617438 1.4034519318531924
4.472488714022808 0.5260601720775804 1.4265540274188286 1.067316963880159
4.469573216517272 0.5272310147071084 1.262223815368321 1.1047196840898434
4.92457456225198 0.5740970848060332 0.30357450246915363 1.1818628187984603
5.008752419968359 0.5777018540368591 0.1669825362801224 1.1869822429351553
5.074617752001135 0.6193183859153082 0.07870122834344975 1.268687373252597
4.4152226286296505 0.5035845596072815 1.494342410312722 1.0187637799133709
4.407195409362712 0.41816401120053553 1.4922892660772658 0.8509163265983537
4.989326753051747 0.6460561480021685 0.3381071234793459 1.3081687322184368
5.299187675810467 0.703159603628716 -0.3648340128333202 1.4396548916815735
4.107796660346125 0.44418510734759614 2.067177023086796 0.9192712358588806
5.173644631773328 0.6211794409778733 -0.14804871585058313 1.2786169385010056
4.683171908045703 0.5152000832948993 0.913434731942832 1.0675455372101008
5.137291892764219 0.6597844869063221 0.03949954814051666 1.3454647504794557
4.825591238590107 0.6205721966263741 0.6244170141084937 1.269946616902903
4.464944812492691 0.5203577945227839 1.3487073794415811 1.0686757370099036
4.69312677665746 0.5704983032659726 0.8843416066074129 1.1625608738686657
4.853119701775185 0.5642537923008017 0.4866358269582062 1.1594492996379957
4.525729507601432 0.5246073029516338 1.2549607938910312 1.0718054463273539
5.276082304273458 0.7608097264937217 -0.25926515412322765 1.5460129526344277
4.111168826072908 0.4442076734547716 2.093576843032765 0.9203374902516274
4.8297260678980205 0.5646552610912823 0.6678017547922563 1.1558788037226928
4.993240821872297 0.6579214029874642 0.330102122312498 1.3467177059141813
4.955084841302705 0.6018038847228818 0.3812864839605595 1.2402175002110774
4.435041337618627 0.5339650077207801 1.4200576001209742 1.0995745517510656
5.437681364726956 0.7527418945463966 -0.7213659996698722 1.5554214699858497
4.332794394933531 0.47329135215609847 1.596137720234205 0.9709740883368038
4.436481306909444 0.4538756573632806 1.3923029825316706 0.9378183875371443
5.625960599585577 0.7944192149686994 -1.0658431783153826 1.6288679720507597
4.648459973536439 0.6167403244933946 0.9843443270323353 1.2565470622384787
4.455342173543472 0.47718084730343635 1.3567999040929757 0.9795148946314608
5.043403196114577 0.6177953436076008 0.2131801141369572 1.2580724526600688
5.22850297853598 0.7418436464995866 -0.2901450779260666 1.5388683779635701
5.246777444973249 0.7545418406430305 -0.20252221677862303 1.5411524125620462
4.643230833553133 0.5874599340482201 0.9024113693110071 1.2226154071250033
5.191975858093822 0.6735309734346013 -0.15271029048619195 1.3936870812488675
4.687830792121406 0.49880970410666164 0.9024454160875321 1.0293807314889143
4.57699879450432 0.4609003182283527 1.1101028625054172 0.952671232785363
4.541759278938798 0.47403409621002 1.2128480024129193 0.9649950901697213
5.166136971096622 0.6658276571189077 -0.1662001775515836 1.3596435490322083
5.0203199662489855 0.6103067588654616 0.25765465365963014 1.2519169355223865
4.601631069075411 0.5665914271420909 1.0127549045329125 1.166883657472705
4.358670476066759 0.5123201590106033 1.5289889495953066 1.0491652864108818
5.057230666160136 0.7318955428371692 0.1490542987095339 1.499154365031001
4.620814614387744 0.48451424830735657 1.041415575362025 0.9944233433912077
4.659291518593159 0.5363057603358378 0.9709864337784934 1.0949732519952273
4.734539810038893 0.5517647484145634 0.883538417041912 1.1325707361803687
4.614436903034777 0.4888268515203778 0.9828589934959752 1.009975099568865
4.376499383404099 0.48263782118849724 1.496982240804733 0.9855013661777622
4.021000857866619 0.4785528413004244 2.3414357606012515 0.9728328294864814
4.918168041448537 0.6013393532626327 0.4321028678155818 1.2286999872556499
4.142097907782421 0.4594500780481606 1.9420663953332267 0.9450033144277701
4.486342589358959 0.5004696187381654 1.288559516204831 1.0219957968030016
4.782381463563523 0.5829701071503821 0.6843289553508863 1.2055485731430349
4.773516918357192 0.6384202734247063 0.7420670918346073 1.3080155744816768
5.021303393008148 0.611479266766964 0.14962475897509664 1.2634607544834806
4.147572853730965 0.45189227449759867 1.9834796083476283 0.9325551354019791
4.561984741055074 0.5153380782513135 1.2068446534326767 1.0534966465917892
4.968478669808212 0.5932865853912331 0.33895046775316817 1.220425395290154
4.330126311183934 0.5523701833525807 1.624230394147704 1.133377189131424
3.9385810842862843 0.3768454637045479 2.4592364767215553 0.7717933441430854
4.070427386082016 0.45695150966515347 2.1616177682340068 0.925595952217774
5.370830647224363 0.7319333989225435 -0.5070134943112101 1.5019195549083575
4.941577502707579 0.5115350213285429 0.39101078586571747 1.047518095464611
4.4419961749782235 0.506578877871181 1.4138105701123407 1.041311709541058
5.9903867632669225 1.0602244144286863 -1.8173473093354338 2.1661480953415793
4.845531447724712 0.6264797092282813 0.5460184707651281 1.2990184622917678
4.782206052137884 0.5662118029014301 0.7581258708433285 1.1529116165589846
4.74832140003119 0.5941365098068504 0.7246636895125712 1.21978151912523
4.30878380310514 0.4489185401505158 1.6291616473775923 0.9239567841621845
5.263142117745277 0.6425895298761218 -0.30176176221700074 1.3179412650197537
4.928829084693818 0.6726324950060575 0.42498385068538236 1.377160803002651
4.886555145912693 0.6263079880940752 0.5036978373422856 1.2813715025481212
4.913775448125628 0.6262596025966904 0.38675089122058903 1.2901772127449975
4.912475001469881 0.6319805773778518 0.4837157491152129 1.2925219578505962
4.647130606982492 0.5318373814474061 1.0384404446262616 1.0855764458895716
4.534475928973915 0.536099187699654 1.1228177997313327 1.1097079150180094
4.793074503927714 0.5859026012379139 0.654995400614852 1.2117384687366417
4.684156715387157 0.5843026406949291 0.839968790581996 1.2099830631788295
5.143842290226074 0.6341949972032936 -0.0030567081545660006 1.297527491735862
4.221373828315024 0.4573190830977078 1.8947874425626456 0.9313316881055291
4.384800072759814 0.5161066930205644 1.4579395653053466 1.0608460447665982
4.183024779585801 0.5686627515291909 1.9174283510530004 1.1835010205418495
5.228782721698186 0.7636575648482209 -0.2208098418770323 1.5730174050017016
4.061990488668586 0.38897870983510263 2.184411343801911 0.7950441479966882
4.708843494333728 0.5159020580549836 0.9508790765816088 1.047378215389024
4.656819729720686 0.5978009314098893 0.9248851636169173 1.2243012748749422
4.431888650803579 0.5365363475529482 1.3813385238079787 1.0960711729656947
4.981837894736698 0.5915185400648775 0.2700058031504699 1.2189032692004058
4.90934773036947 0.6139076177838761 0.381283114393521 1.2724725716052243
4.9585543523438815 0.6310835398246106 0.3206337704551084 1.2894000206631802
4.549242791120433 0.5070882875883308 1.1557912619542148 1.0469013234975144
4.612451738370363 0.5132161800454947 1.0444588780111561 1.0377079598472954
4.467313290246681 0.4957907303800243 1.3582689538696036 1.0110603179637514
5.1300016717964345 0.6861214390016281 0.04925383312063372 1.4024727315519792
4.512942782372601 0.5683779159359581 1.3030590190100884 1.1589068618166019
4.429956761222564 0.47649283640637075 1.456469116573048 0.9685432361007832
4.386205916911635 0.498995138424349 1.4450976447380492 1.041809805912448
5.060768905812738 0.6676391818807078 0.12716018194340517 1.3630257159771666
4.3830662291183735 0.4751769363605837 1.462480802790857 0.9888947380937045
4.966125532554704 0.6232080155696853 0.2690122305283263 1.2846423493687218
4.473816635886127 0.5580286987086787 1.2681217848181563 1.139075142492824
4.295303012615639 0.5152009284184536 1.6443256822957393 1.0677483990946028
5.307626434813592 0.6769393685906602 -0.4194801447105999 1.393580823286433
5.004050727456704 0.6557334353223979 0.2529891474885969 1.339899753369661
4.390243429550967 0.5197727450064311 1.50774828185363 1.0740641664691546
5.419672160906399 0.7209078556323691 -0.6239534951027772 1.4943637735664153
5.014130987354758 0.6480475547175008 0.17955109058186633 1.3206447932002663
4.802845129911931 0.5961772176037378 0.5701742590032224 1.2361600823476109
4.440704148009898 0.5037217410095963 1.4110805827983603 1.0243030992395274
4.544242034429331 0.5037621993517217 1.1206537954873568 1.0460506143586243
4.333914733500489 0.5030986995411453 1.5827944159998337 1.0388206774207622
4.657322400284247 0.5357471664577182 0.9756426980132137 1.0816361180416918
4.33635164790533 0.5746997343006064 1.560395390238928 1.1875709975262683
4.790705003596457 0.5659574640692158 0.6314520720090055 1.1690844675420047
4.312092904319184 0.5078490504140944 1.692377193995195 1.030713574650702
4.704389825793218 0.5696126864284974 0.8729184563045673 1.157287321281128
4.642498079716457 0.5340632029762866 0.988329588546987 1.0893890833781785
4.54933855254559 0.5651949125899209 1.1694253856974899 1.1619263256152161
4.318325657318386 0.5027547123518118 1.6554923681327196 1.030186069328642
4.895309352193507 0.6020328303815087 0.4195905800605081 1.2361352091457354
4.635951603219829 0.6635591571617312 0.9940707264759745 1.3615694003043832
4.519126611279499 0.4711744123848309 1.2430810918361832 0.9754356849869212
4.781593636325297 0.5700576122012941 0.7078561638376235 1.1721271763274526
4.269401070168758 0.5247122174958283 1.7759947610179982 1.0727520787274092
4.4608576105282625 0.4816781939913835 1.3373672202144076 0.9944485171110019
4.845929033251936 0.56016604489537 0.595109318011108 1.144864322724373
5.0381422387197485 0.6506152482126999 0.07749956130096047 1.3537914000161941
4.349758270793269 0.4872834926144351 1.571428682822327 0.9964238698657634
3.9643982837528835 0.4123337343034167 2.4226651687329728 0.8424172584686259
4.199396767986041 0.4466933883831979 1.9201439453143807 0.9077679714067695
4.551671240662486 0.5059624278684002 1.1647077712020186 1.0430204286559315
5.093161506109523 0.6827292823650795 0.1267832159965711 1.3955729166066564
4.507515369397648 0.5469361418078682 1.289279441967163 1.1141131812244278
5.1773143921604134 0.6671483461193661 -0.0888718001621714 1.3641579539442739
5.528794352106451 0.6512637394478246 -0.8093283474439582 1.3365334419457466
4.119545634584312 0.4605626303985045 2.0079553353746418 0.9360406412611582
4.881840548121647 0.6456642306509089 0.4274328083739609 1.3354328852775432
4.961378942599195 0.5704696948317535 0.30898507961655636 1.1835039970454313
4.763157514343583 0.5299221085405138 0.7184713196551866 1.0898012309731695
5.213954987366611 0.6566497215106936 -0.1535605281347318 1.3408876144508424
5.1216996398833805 0.6704440539072458 0.04151025198920712 1.3822123887429096
4.529858676981614 0.4791957102859637 1.1793830560707024 0.9930847560192181
4.771967780494554 0.5748617517571307 0.7580934535530397 1.1714192220944242
4.517147725242088 0.4934346035790455 1.2035348633102567 1.0096678043262917
5.347818309239673 0.7601987055319029 -0.42530125951873565 1.5500825919195402
4.259629557970091 0.40826508597696376 1.7068131748227557 0.8441757611013789
4.833508969755544 0.64002938362113 0.6667526307589047 1.3041790058308917
5.138339244135973 0.6048465644395328 -0.034794117706556604 1.2384792481259277
4.580129377025974 0.5330142324107299 1.0432452264241945 1.0958218849550934
4.8558375346021005 0.6961084307125622 0.4872571498151167 1.428116649439401
4.3895683106371965 0.46474668283983284 1.488416146163264 0.9628157881151118
4.676760239175902 0.5350950765638864 0.9757993546895563 1.0995053712131995
4.924619405529883 0.6864769452911452 0.4122580327456462 1.4067468423978806
4.087186492056841 0.4231175611131658 2.1041706902911 0.8767275501518289
4.628280042343714 0.5408907569103422 0.9794881580675554 1.1141003921785357
4.383016404833515 0.5224178795759977 1.5822866856467346 1.0801028486859707
4.187027576331128 0.48829530190835835 1.9859642359224394 0.9944905154830291
4.606230893624325 0.5177103273096767 0.9662875109690557 1.0847247178329615
5.159328461315451 0.6610852330120367 -0.06630439566421392 1.3527728930399041
4.4918009428548515 0.5805600035755016 1.2465282785241136 1.201687585556198
5.108671506155147 0.7020437877430662 0.025472449032229623 1.440262665185962
4.4604558191354435 0.566226712257111 1.3958642677500348 1.1523556611439667
4.467322872814172 0.5230107328422785 1.3491509671379882 1.0758852928927254
5.109424859923043 0.5960018974272785 0.025156069653965996 1.2139420699593775
4.7744560282492525 0.5074853613537227 0.6870682975823218 1.0412042930007315
4.376656183360113 0.4882312731007871 1.5448552105831568 1.002247530033222
4.835810033239989 0.5910401954604038 0.5455271192853604 1.2027281060704054
4.780627248218445 0.5963611077342261 0.6540596878022258 1.2331314664158448
4.577435805030914 0.5400176109775322 1.161016331798793 1.1081171856552279
4.827567062890098 0.5735081411541125 0.4674961805079338 1.1870516260617832
4.610176031389678 0.5414660871101787 1.035298310098144 1.1067470315059054
4.168282512755569 0.4573951342300439 1.8921068402492365 0.9459646429896947
5.76728285001801 0.7751406455138076 -1.2804578394332742 1.5717080072776162
4.728965624519751 0.5832458420109757 0.752621729518809 1.2123722404247002
5.430148362022361 0.7492713387534364 -0.6738818201688723 1.5376326924612342
4.479304217871228 0.5389234748413274 1.2908677371449593 1.0983183433739079
4.41720684675791 0.5234950863918585 1.3786060104959128 1.0813250491546225
4.492459418166195 0.5234356969006052 1.2959802404022622 1.0871580277131268
4.888988799177309 0.6857184272964408 0.5182582155581266 1.3922804990066382
4.587745114751178 0.5572416896457352 1.1312129330183103 1.133696860788842
5.3485042161221115 0.7759515202282151 -0.47720471805411796 1.5807773964748377
4.8480235754323235 0.6225241368614347 0.6106498731839272 1.2705235983362868
4.539106769144388 0.5123961553473513 1.1384357301904777 1.056791482962108
4.859592086647222 0.6742265116140299 0.4540859072594625 1.400085641454804
5.426832065115816 0.7498115072317406 -0.6460189755859811 1.5527075373631465
4.272426557877193 0.4983878597901894 1.7079058658243178 1.0283843612071235
4.875306136908595 0.6496524695875033 0.5332931585103571 1.3329765500510393
4.637577884506308 0.5228756170863514 0.9902844123541272 1.0686223390536544
3.852382099074794 0.40936599793682593 2.5519684742749034 0.8479945195100907
5.5902575155919285 0.722279338873661 -0.9359196276573388 1.472063006182513
4.826474266206475 0.6253216184735347 0.5364340794360062 1.2919815796884242
4.464564692188036 0.5389349030803771 1.3053292248951287 1.1096341331487618
4.814377173338367 0.5852975350716818 0.5925680692707465 1.2086993002960065
4.968036721620699 0.5983628824111874 0.23142151010909348 1.2338174704882943
4.7342832049357035 0.508381882148464 0.8465447875070813 1.0443893860480942
4.793227435540757 0.6316417460562191 0.7190492990202473 1.2874825959425398
4.920141252924723 0.7145224268604651 0.4890918219561075 1.448974327728524
5.247950535139059 0.7062529815767501 -0.31072984050011776 1.4505696196270446
4.585684739951574 0.5572683629136497 1.0947209143628505 1.144406453482179
4.448890773135275 0.573273571456259 1.3960054235284283 1.1818654743107238
5.292480388320312 0.6820462379287099 -0.3266196024188287 1.3994620981694044
4.325667205511805 0.4798819114070592 1.6423199866297225 0.9903160340459278
4.422770284809298 0.5068015711881231 1.3918410889011308 1.0515899431468807
4.922466017241929 0.6585981393128959 0.3211997983202346 1.3614784413469538
4.660792289370196 0.5940807505146825 0.9184549139331433 1.217311337599858
5.068687360158412 0.6130839719751022 0.1589235668899491 1.2509684861291475
4.242254095969372 0.4770774711519623 1.7772345629637631 0.9783218694848812
4.568890381726733 0.5048450943518422 1.0595593632358895 1.048142963727759
5.032196236135903 0.6755109658768078 0.15494758444531972 1.402204146987479
5.371072941250851 0.7810819728055004 -0.5906206346765109 1.6200102349065448
4.122329208085835 0.42956930613839106 2.0867677936920677 0.8824636498046008
4.739451400387834 0.5696876248967192 0.7818389090593956 1.1721597141974485
4.494221482158734 0.42058883212326936 1.3415387088348716 0.857445540370373
4.739755812835158 0.644941428846455 0.8513764438213954 1.3122339929206934
4.943331939800485 0.6389972716381137 0.31610026424907 1.316600461393462
4.738464881741707 0.56751576857744 0.8016453364207853 1.1632582442388437
4.171055881047278 0.46320433649048776 1.9474679460429674 0.957006935609863
4.357568009113446 0.48280047940002657 1.5371349482672474 0.9911680842406665
5.035599594700089 0.6149574927134658 0.22278285672028084 1.2611694530008244
4.282892805934477 0.4517425312391976 1.72492426674531 0.924645994846578
4.718629115311045 0.5193372624109956 0.8312039594285101 1.0721928908410778
5.554653460458937 0.7595256645592728 -0.7419778950106761 1.5370498186643657
4.641853498067775 0.5282152203146475 0.9483590602181156 1.0977267298743685
5.328517472811491 0.6596898808403295 -0.42736259360120066 1.3558468638233316
4.22949487816302 0.4830478263162012 1.8691571297175404 0.9988239586903753
4.959247524869943 0.6133094451718304 0.35672802321153435 1.2719524849313983
5.283335358069633 0.6094869481644299 -0.28456174041754057 1.241889422148334
4.809981219967465 0.6475632608378085 0.5905502370585334 1.3333145041681302
4.968922549677043 0.6406938085964733 0.2954022676274303 1.3138408128164334
4.23591344831007 0.47381485129965445 1.7957875511092825 0.9749432005015609
4.480879699462131 0.4783718041662685 1.3424928439257018 0.9756996439355555
4.3834750212089055 0.5508715075887879 1.616055705314986 1.118702859165697
4.652148736870094 0.5717588091227315 0.9019070327233168 1.1896122517769017
4.460408372540346 0.49431741593495404 1.4222540621125552 1.0080206376313507
4.651002153015183 0.6519941501384175 0.884662637606678 1.3544695814118968
4.7187917122104786 0.5900788831962254 0.8297069597282308 1.2100513827277892
5.0556673231055225 0.7527954091258883 0.059533156887635746 1.5623839724160569
5.5806668756939555 0.6448391823174228 -0.911701128904779 1.3184257998473767
4.572128778560734 0.5467010668264847 1.1219440257775493 1.1212777340249054
5.393881406276851 0.6744331434469885 -0.5509746031627174 1.3851733317849286
4.618393614175857 0.5680953915793504 1.0375718043104265 1.179285702550033
5.4929147558545095 0.7849144774663518 -0.7828103970402829 1.6175023966283835
5.310705372078608 0.8077236395653921 -0.34785238626524095 1.651913912833047
5.130268912039863 0.6321940238230658 0.0596759599847036 1.298232722250259
4.518243996631043 0.49390575324122554 1.2382835189718957 1.0296067873464045
5.151294616318403 0.5639394565667893 0.03183676038214736 1.1572980115908456
4.868635834279664 0.6007501012690759 0.5394663481611557 1.2221719235162616
4.589892643014715 0.5246679170756152 1.0513007324710832 1.0836720618757971
4.793930110582376 0.5967616822073107 0.6510629140165247 1.2267804937163846
4.67686330639615 0.6104820273447324 0.8897710631406905 1.254848907913524
4.4890847831219585 0.539825978615244 1.2930007562173624 1.1170415192594485
5.601122512455021 0.837299734141993 -0.9606832705603171 1.721092224766468
5.0694754643916315 0.6557228523362402 0.04690597736450022 1.3461276808992473
4.233874513873774 0.5102366884382962 1.8072091345158685 1.0513326063859616
4.813223820828018 0.6704379268880856 0.6683519298265523 1.3753492903853828
4.4133893415968455 0.502478936907976 1.4714811488272819 1.0363588590435786
4.993139582370725 0.5910788438073504 0.2789750617903123 1.211921239186729
4.8304356868746385 0.6344516686308189 0.591051705016745 1.305166263810973
5.123512769757479 0.6349791091486156 -0.03848383448921147 1.313823562210514
4.430639445263806 0.5013795611689604 1.383739979554776 1.0377621884916146
4.407887489844461 0.44679255211155594 1.4901879304944856 0.9109489348712126
5.2041753873351535 0.7167997332047391 -0.13796690439790749 1.465635729381041
4.5345564053940866 0.5541992939988581 1.2129259586120589 1.1424130752644581
4.516949976238582 0.57087798403807 1.2385942925604438 1.182004848000223
4.918529416017192 0.5990150819788527 0.3430232839212507 1.2297868574323056
4.505463772079476 0.5267124558739215 1.2940750964941647 1.0778137884322068
5.639603095333255 0.8435589489699383 -1.0729665916938282 1.724761586745054
4.292300703264191 0.43675346360176015 1.7249244500856116 0.8948327662698943
4.914606419281279 0.6263090860220158 0.4524948653224423 1.2869059018743367
4.9789276263102025 0.6951676233840379 0.2780163812376185 1.426407058293456
4.343853941690331 0.4479214411896828 1.5876082946290317 0.9140103281915033
4.898291300127104 0.5886183654051689 0.44294549129362937 1.201890774690601
4.251558906910603 0.4610552071566931 1.7710950753818366 0.9481488676060971
4.996759540978892 0.6473381095804953 0.24947903502312696 1.3312458868368473
4.790773092132484 0.5192352668861534 0.6427539737927962 1.0715847775735832
4.344655533396388 0.5414743544018643 1.5887321069485483 1.109396162353058
5.047584306262388 0.7111740897613087 0.13320682656782595 1.4635118871942774
4.5370250627380155 0.5437674320596381 1.2039282671660376 1.112170388979752
4.152233892536035 0.4922118061611434 1.9968238558972886 1.0103238153733198
4.257596242419265 0.4929662813597541 1.745926732734906 1.0248470485893553
5.4347715818788505 0.6594142997683891 -0.7576112976071956 1.364884365403861
4.697476597305402 0.6625053168830323 0.7685144092869891 1.363293607734113
4.993344338638502 0.7054963494354569 0.19592800585356784 1.457018181661818
4.478865066145679 0.45296808680270717 1.2387496292008078 0.9286049538110671
5.163569759295156 0.7407877411346812 -0.12586150268476962 1.5180082691329357
4.743853022216214 0.5620247351733516 0.7600228995420533 1.1561818761005422
5.076628481763734 0.5930848609984484 0.10215632434762585 1.2121464442929764
5.785812452954196 0.786294244133471 -1.3225807054426952 1.6004453170607302
4.889431611410128 0.6488457759335654 0.4687430333230583 1.3395471445927352
5.068573827112266 0.6749469748953792 0.12120004674545824 1.3795329310665359
4.955141722223287 0.6590271633825695 0.3906146313860798 1.3401528613433813
4.264681501013447 0.41341409298558657 1.7750546024472855 0.8519186005488419
5.188623657431165 0.6087352290746907 -0.19126116852295666 1.2535553601272136
4.700985234837165 0.5802712131689507 0.8820832170357746 1.1794276788342652
4.326608028487181 0.47434215769019744 1.5864998422162004 0.9694710144295834
3.9584555576635156 0.4071301213481664 2.3529990966228147 0.8500760289173453
4.944041271221101 0.6570413967394083 0.37156625157212597 1.3594555960664934
4.671681807212636 0.6194047519224195 0.8617175221590345 1.288565727204299
4.569748451262354 0.5225074283605077 1.096380203651632 1.0679161630844884
4.872253740289606 0.6005372409424888 0.5391954216328486 1.2324222174627706
4.443832686150676 0.4965876179153809 1.4221075570452868 1.0111195642940227
5.076092462475115 0.6469592424223972 0.07599783140066205 1.3349693691018465
4.511254114494021 0.5245722621758464 1.230988471695594 1.0920649503885536
5.11368190700675 0.7019090922785759 0.01320888801363962 1.443594641168923
5.057080081304971 0.656134210376737 0.12096458771584234 1.3483239134481626
5.70221373565885 0.7698253781694354 -1.2018916583279067 1.590696426221166
5.245914297737763 0.7013292260276095 -0.31921881772453103 1.447553241680555
5.167412629949305 0.646437915529467 -0.09785488223339214 1.3318908887227126
4.256112440858439 0.43594678881103205 1.8149079743217027 0.8932172681909495
4.751131072999223 0.5613740472197093 0.8560185579733262 1.155900893638825
4.912810679567711 0.5520604381735895 0.4676510084435445 1.12983280841428
5.618138789514987 0.7661725155214969 -1.0416632266379462 1.5802374424447987
4.730001885501581 0.5591693051900952 0.8848797378523302 1.15512659991423
4.99177876270376 0.5844962094752206 0.25427624729426035 1.1997303381433935
4.249373382925064 0.4928965248770631 1.759870241038107 1.0200874418806147
4.950664198448402 0.6672220639946237 0.4207295430927457 1.3581521607351204
5.107648557298062 0.6804786767630406 0.0015639860104260939 1.3810649791429013
4.432561498667897 0.48920589374932605 1.3199092297547144 1.008902276148595
4.805099210807155 0.5911401536848567 0.6311469568662038 1.213576495347165
5.480546842854219 0.7842195711999967 -0.6559692623808522 1.602196332349228
4.373755050589436 0.4683331922591599 1.578760838701539 0.970972867721884
5.037816499392939 0.6810464982447505 0.22156533865281802 1.3817970310067718
5.41515229695613 0.8493247833678176 -0.6499050284016888 1.7419437697146902
4.7391544377546175 0.5833913454826867 0.7356173027511281 1.204505114315775
4.376190240913264 0.47179799359859126 1.6186520569198528 0.9626072028220759
4.424609700066666 0.5352089779014371 1.3954961055103023 1.0897100590760387
4.646333499752085 0.5500984917955783 0.9599158908245343 1.1281774289042885
5.034616035812863 0.6399711668427717 0.18250557034518475 1.30554438340111
4.165747692408903 0.5168818319945899 1.9435740684594258 1.0642603837076052
4.3186439635111835 0.48344084490026334 1.7016180758297155 0.9902825193953253
4.928962483744863 0.6579567501849953 0.42923770159644614 1.3478535119517046
5.710093939285102 0.7594136816024086 -1.222893230835902 1.55656734641476
4.770444983466118 0.5829379472829869 0.7929296454425032 1.1943049383966136
4.2697454659636565 0.5544919851035492 1.6867506049817336 1.1512609710343178
5.802924764539815 0.8718562804385115 -1.312166752086616 1.7839620501408182
4.433129953213088 0.4835632856876853 1.3637804416294736 0.9964663533924362
5.187322610630964 0.689607022189215 -0.16192011139906057 1.4079047959651403
4.685199438937918 0.5540769952192698 0.9136306339031892 1.1355200689344953
5.259270747518 0.7109673080805254 -0.2765869404553361 1.448067651429541
4.897686085510296 0.5437144297176478 0.4160423718503227 1.1216114142089462
5.15768197359444 0.6586899488813401 -0.08691755040717303 1.3472549690407873
4.889694787091441 0.6960718394428761 0.4644336544260306 1.4320304180585224
4.2856226347670745 0.4339816530504079 1.64734623261131 0.8961483163128977
4.822549963990722 0.5857153202009555 0.6127050433902312 1.2020025126637641
