5.987851205232209 1.2515237209919186 -1.7954061299025772 2.566612690443245
5.264473135696051 1.0034212666349889 -0.23253509789128854 2.038364493588832
5.752068556965682 1.2071763617932305 -1.1883303309931361 2.4528132733644035
5.389232484016288 1.038943896535414 -0.45749124079587333 2.128549119694187
4.242184486747746 0.6492609584334282 1.853076132214618 1.3206167650590028
4.479047178910005 0.8286244630790958 1.3996116340118379 1.6956651996057734
5.545527833812074 1.1147251219086747 -1.0058415872760325 2.3028121062136
5.0038569197183005 0.96419762177626 0.26146452934759085 1.958024827311504
4.7893981332633375 0.9074817273904326 0.5913659316962475 1.872742038745051
5.552127527297614 1.1733525017984068 -0.897949650962713 2.4156420055209358
6.212077130729805 1.2536766444246423 -2.1952473243179433 2.5735923401927177
6.18936032264019 1.1946751180701258 -2.1899596979441296 2.462627387507861
6.700012668775744 0.9203995479789443 -3.4800610639827694 1.9262910178310688
5.928300125823402 1.2090475623812025 -1.5989467595540412 2.472472570403683
6.333388508275769 1.207586951830379 -2.3446586351108163 2.4598916394421213
4.621553986563189 0.79608578923369 1.027894226668276 1.631544247994488
6.420130916573171 1.1165603990540522 -2.5513955229893415 2.260052108278235
6.55037347875802 1.0175458525184837 -3.0067963264152464 2.1072613341005875
5.059223551018208 0.9913111382039956 0.22350401922941393 2.0227496736330406
6.467536968734975 1.1851837854642628 -2.658618738514157 2.412599574990432
5.193078205755237 1.018465906159812 -0.17516000247106664 2.100101439500278
6.208676086703129 1.1813579729698365 -2.225561840049723 2.444885349727335
5.623590582482258 1.0609889104363692 -1.0396970030199835 2.1950719146419333
4.779787437938019 0.8934696105795359 0.7615981090359691 1.83331252498638
6.505578210543227 0.9954854179266387 -2.9678504732648774 2.059869324511919
6.856537819197001 0.8187097292664978 -3.7588372935223378 1.7133885827547368
4.917889985643102 0.9616650528511373 0.4750603046999966 1.9786786093489501
6.047006844783617 1.074349444751737 -1.938914836131302 2.2069937921377463
4.929587917675404 0.9318940348354459 0.39750788367793544 1.9112578026117486
6.0429367289020846 1.2551270359449775 -1.706550210641073 2.551865911680665
5.971615509868931 1.2524785220631625 -1.6354293299534788 2.536143049178287
5.711235689046699 1.150273782240591 -1.1840600870000313 2.360928419940873
5.132885707706564 1.0548733596833357 -0.19909603394263758 2.1853292155409743
5.434790529933839 1.062811695867046 -0.5878642710503874 2.1791904449957644
5.139231328350138 1.0471011903523828 -0.12253158840417758 2.1900796512182787
6.708169824913961 0.9954202261621282 -3.3198494919418775 2.06612901187429
5.82605696256312 1.2204537974456653 -1.4430629053551907 2.5227515023846947
6.194901712202893 1.038599725516159 -2.460750361573732 2.171066947151279
6.528408721334021 1.1839322748087886 -2.759735519968538 2.4114797397342462
5.676063215923797 1.1014903289330553 -1.040525741640248 2.2573661072835587
5.734512568290903 1.153020901280399 -1.224171705772672 2.3600513731558355
5.84920390922175 1.122399158881976 -1.4838261896968596 2.2965238341761376
4.740680483219043 0.8020193974409623 0.8087175205189749 1.6487421134662754
6.173956766262866 1.1326658435033174 -2.2634744469161063 2.344505586347378
5.046295425053254 0.9692384293205252 0.2893939015885426 1.9678452462286717
5.119237930974528 0.9766296649780256 -0.004732700514493815 2.0046418830317467
4.693968580675911 0.8591227103478818 0.8126649328072626 1.7805118088336955
4.59604984377533 0.8466406469114266 1.0650430297865112 1.7397835433063766
5.996195720082542 1.226932751644072 -1.8205804620616237 2.5116692394410194
5.448481235746092 1.021185383591466 -0.6544873667152977 2.0860645332573013
6.162017491778501 1.1724892665743682 -2.134707359294908 2.405549205938618
4.789214311958495 0.8486984335151686 0.6928148679523778 1.727875681950861
5.85421086920163 1.2025354796613184 -1.39146953984334 2.4335556401711886
5.551734620042627 1.133703750864216 -0.9730930468222951 2.350591704319712
6.747775266480431 0.9861759473637022 -3.330573193843735 2.0129799525069414
4.891537993510411 0.9424455145630045 0.5178727695799392 1.9415058066619042
5.021418025862278 1.0534536176080074 0.12259195771478282 2.1758175427188813
6.928106146923286 0.863757411730077 -3.69534497677798 1.7699557241424055
4.732753382851417 0.8961873625811687 0.6610958905486317 1.861883988440832
5.484652135605508 1.1433084231338175 -0.7363237289432193 2.3494250946047037
5.548839992415714 1.1543431926417171 -1.081237261419762 2.4100330716789586
5.92590420194018 1.1766642543123305 -1.744079140548057 2.427857581737226
6.342579667714577 1.262213612176602 -2.435620002053269 2.5971616747008803
4.443645320823318 0.8176043693212955 1.3648425428149866 1.6826444344132876
5.485984702543953 1.1277599244629386 -0.691970966611841 2.2857733699997014
6.283568208705258 1.1482810599465223 -2.4592037473879973 2.3822463690655846
4.764385054010713 0.8256650760946664 0.8849274750823649 1.6717023058459406
5.453986283809235 1.1114376398306351 -0.6024640792654916 2.260181735377642
6.609576779119987 1.0978832750713674 -3.1092790694013104 2.290305009953228
4.9216499075731655 0.9696215570321661 0.5279628360403427 1.9873387443871673
5.053576584690388 1.1479412726251013 0.28576278150093487 2.3370851435979336
6.792870898445346 0.9620927190573072 -3.499739741464329 1.9807073849896761
6.0698026843325765 1.2088238898563988 -1.9178170428725763 2.4836086397041
5.898719921939856 1.1820948693654396 -1.6613449187029583 2.4609954541353516
5.378748550833893 0.9750033173635447 -0.7070534546246909 2.0275670500953784
6.192009274260748 1.091723965576832 -2.4114713889396606 2.2863750100278852
6.00075082706817 1.1244078786056755 -1.8831938524727176 2.30716679232805
6.232554172270041 1.1826737124294373 -2.2888620715674874 2.414785631037863
6.523340540930851 1.1191033336146086 -2.957482618094916 2.3058408926270677
6.088809260031162 1.2454935962198155 -2.10031072493356 2.579136038058573
5.081219929981067 1.0037119805326433 0.054503319184073806 2.054397488476432
6.09226697321388 1.187741674662936 -2.1069836640346105 2.462713913602576
6.975131782169533 0.8419728071020867 -3.811080223838788 1.7446182721828198
5.691763066476571 1.1590275823632785 -1.094643940088845 2.375039166543864
4.66448098078083 0.7747466174061083 0.8578081791442178 1.613731858978465
6.365398045178148 1.0945860963701624 -2.534499982287792 2.2530636840186395
5.548888408604977 1.1727914910806412 -0.9603570362861124 2.4145382951903955
4.288515485685498 0.6954541887975201 1.7707757726513083 1.42054454175421
5.267772155622289 1.0213958082286816 -0.18911951287956752 2.078589192632145
6.191437757336168 1.095975033092391 -2.3206479543096803 2.2477807289260103
6.279429329614306 1.1390846195546311 -2.500121561483003 2.3547359995599577
5.48943407501247 1.1186525852856257 -0.7200878769842258 2.3112648633972768
4.432899916771244 0.8179672560329957 1.167846985594401 1.7208272731546108
6.52176622102418 1.1066184984105418 -2.7656990302673696 2.258521980833245
4.722852115167198 0.8580455244835401 0.9986938769815912 1.7320442080816134
5.992820574302813 1.1252787986187984 -1.9770128872781396 2.339874208073976
5.648526935040466 1.130104273835838 -1.0910577772842063 2.3312731076303495
5.691600098872557 1.176350233453778 -1.277288841777728 2.425742354165954
5.739045497064324 1.1458277831856025 -1.2218858604826623 2.3597947775295895
6.291467580142847 1.1577036981999218 -2.352586753639924 2.3874134034906174
5.667454310018665 1.168767995702966 -1.0191281777270884 2.375598281290236
6.256107923046539 1.1738978646057279 -2.3350920609547856 2.409793985986129
5.548493306346546 1.0578353790242747 -0.8296642577866837 2.181028928748191
5.131715040182522 0.9730294735206692 -0.12237826086766196 2.0222949916780246
5.911315232631043 1.1662435901556392 -1.5873189210997176 2.395756586622713
5.201089020785935 1.1205153489802973 -0.22031321751871075 2.3050388047537336
4.575972985045622 0.8637058124074904 1.1492814158386722 1.7565800423632063
5.637132452677202 1.1267922995193789 -0.9238161183796774 2.301361343845042
5.144974108301273 1.0278385989041798 -0.11718773787542498 2.1144303355937337
4.751452165787705 0.8941968171728382 0.7680785358680168 1.8398704906646908
6.05561357978028 1.1694897860732631 -1.8713063781468873 2.4054091532184096
5.3776144314123036 1.2156336652381636 -0.5791765756331897 2.486464154205669
5.492189236941321 1.1049782744362 -0.9082906382879796 2.295664750339834
6.409061994662199 1.111684043211207 -2.605004415690849 2.2802606836286716
6.477471449232497 1.1078833642932648 -2.708702448959602 2.249428881277032
4.8627043889877175 0.8623825588148791 0.5384381358914341 1.771245401743331
5.102249700429844 0.9228571309170629 0.13601145495774772 1.884952556954342
4.799166725786815 0.8700046724578583 0.6520206786710999 1.8038918293513948
4.949735481228224 0.9406913199234322 0.5043630157744851 1.9108498404584247
5.028160223358766 1.0771371681871744 0.2885730463829564 2.2095853698596306
6.619264411540921 0.9943427255552926 -3.2306861701113383 2.061463086677167
6.291084376343176 1.087359862218223 -2.4957150232982976 2.248490181475784
6.259798546594652 1.13069487980997 -2.274571289765978 2.302787104711823
4.163804469607621 0.6778641695272157 1.9567367521136165 1.3951026427450883
5.436129707090538 1.1368899764417537 -0.6708488447358464 2.336288898452496
5.9878023779095635 1.1550672634267485 -1.6311949307657034 2.3413138081673592
4.335881243800836 0.7417979679551323 1.7684448131449844 1.4939084535760798
5.0298657330504675 0.8853083758273915 0.18708413345975414 1.818972831319114
6.593475893522568 1.1347590538411114 -2.9232399581257074 2.2991655075055455
5.324712313824333 1.0679075089076915 -0.32960108981699354 2.172134398821607
6.181901542965592 1.1357115005294618 -2.3607600380339195 2.3630010224381683
6.084502210622824 1.1842998485468756 -1.975165517896876 2.426789038051069
6.023366288569281 1.1681904832957417 -1.785986156963976 2.4007012425296415
5.863534263753886 1.215610380073767 -1.5223047781773742 2.491892025193211
5.691897661975977 1.1640118135408153 -1.1149645476566459 2.3818248101584096
6.731176541990253 1.00425302279069 -3.2460075879120076 2.056909156388932
5.2608482145936115 1.0030480660930006 -0.23199290255690308 2.054707663001808
6.746418149314204 1.0869282844687773 -3.3016539318842986 2.2210206601563196
5.472294079398793 1.0945655583587404 -0.6709737060426845 2.24003615280685
5.250760109016136 1.035929567052835 -0.4377327382198023 2.1470148078496964
5.117349918218905 0.9858078643765326 0.11501543708860172 2.0161705523460833
4.467531298397439 0.9045514079036705 1.2961353766662274 1.8578803995678488
5.764398076620287 1.2235307624026266 -1.2917837269466272 2.5211476042377288
4.520839086844724 0.8096196884831299 1.1349018275145097 1.672890644281992
5.313421709888933 1.0414336972965872 -0.45939365588999087 2.149304107849881
5.88836579378212 1.2399864541337517 -1.426956369590815 2.51733858721473
4.9634876818403555 1.0718818707416322 0.4016177014081418 2.175896791130681
4.7868570456767365 0.9921250980442338 0.6879309756317248 2.050391145216152
5.059109662005984 1.030180639152575 0.14846536886673356 2.1031386123538325
5.395246760899111 1.2070277398951186 -0.4597186417482342 2.4424030355170285
5.4173282439759 1.1288534320745882 -0.678237033723567 2.322448551005116
4.934250306717045 0.9662930749857733 0.44796737435330786 1.9746719662090915
5.507584449544105 1.0766540873260726 -0.7680250805698432 2.2017048552061316
4.756474451846094 0.8992902844581379 0.8700671789359844 1.8117377115105158
5.312206971554707 1.1713826485655765 -0.3787283407803449 2.4011824620176574
6.4003671537812235 1.158722623493451 -2.5175127371232673 2.3499160566509887
6.1623180214791375 1.1935141647356005 -2.0358314625464997 2.4316917683203445
5.362996789329993 1.1921911558161515 -0.6050038024916478 2.464144844962529
5.173116581325539 1.01489308974931 -0.15266671312395602 2.08334007312062
5.3010940639076445 1.0479527375189228 -0.44334736630857907 2.1782892498275834
5.334136384640766 1.109434502520974 -0.35978018867582545 2.290737020059242
4.549953512041514 0.7668188714751676 1.3057034633677351 1.5504507276663784
5.564412576451973 1.1154696648720215 -0.9208667668197121 2.3023684697332745
4.938892857871888 1.090572516404911 0.4240459031566032 2.2266795634253786
4.5946390084269275 0.8276007657475537 1.08569731154949 1.6998157838035928
5.5181557225948605 1.1601191315200365 -0.753499122648585 2.360087448957157
5.795124820823011 1.2956667907904822 -1.3748672677196643 2.6628597434623416
6.829636168299817 0.9183547818418262 -3.616381591462263 1.8891834861410173
6.07145601768487 1.251534573630754 -1.9191104272965411 2.584832373913819
6.804094930794516 0.933811975289796 -3.4647735072637786 1.9341522891215006
5.07389238140046 0.878879999888915 -0.029171547536096187 1.8206198959796103
5.599461319814774 1.1693737296665008 -0.9809703170305891 2.3815707831602033
5.405481189998309 1.04625777305457 -0.6775417660321746 2.179989656496298
5.435754336721677 1.0491458792222395 -0.7441938257322139 2.1768304187610377
5.58183666997706 1.220632165923581 -0.7541188484753778 2.4838012473820834
4.69814307445609 0.8852036976934093 0.7818323782785495 1.8370698832140226
6.70169735946405 1.0118620440716655 -3.1143019379090013 2.057572953765169
4.8588973879929345 0.9244002066368046 0.5588047550168622 1.8880168462386566
7.058285074167069 0.8644732940604646 -3.6857640559027747 1.7460200810766364
6.193414766034627 1.1670291444939016 -2.226958119370503 2.4047666001492876
5.137755624163747 0.9708120002727134 -0.002730801143532951 1.9934376983417375
5.284705152552101 0.9523658334672747 -0.37388023710475865 1.959274761946037
5.527089864282189 1.1265058053699877 -0.733564770209038 2.277153053905883
5.712591538997684 1.1409853195076756 -1.3119991048019823 2.350568684274891
6.0009699675879675 1.1681818926180954 -1.9758577676306208 2.4253927246230753
6.02785348183321 1.1915676137070959 -1.7623183497602666 2.4312110450604467
5.331988796759065 1.164904765898674 -0.4251177573891547 2.3870628018129447
6.3815687092141244 1.1307696031812484 -2.6407513108285525 2.3178525196141035
6.688580306752861 1.0307074857348257 -3.336092748925765 2.1331207862088726
4.981342830000427 0.9578610294392177 0.17154655588211948 1.9990973599893733
5.902574200630879 1.2444413520026583 -1.5913537676791387 2.5651205129535164
5.416329976447327 1.20864668388233 -0.7412018232735528 2.5220730309002115
5.1960363295754135 1.0286157645659577 -0.12269438139743205 2.0988267149541873
5.570500720127908 1.207581927597009 -1.0358843171491041 2.502632363198601
5.752175230068929 1.2976362090427638 -1.083351351738981 2.62928477893344
5.803188961913741 1.0848924680874945 -1.4284406291113418 2.2591426893303916
5.26481036564037 1.008090588377307 -0.3720570104962934 2.095716860187506
6.040023406398058 1.2340845079219127 -1.835368822060333 2.530905116278656
6.037158815787413 1.195530280641152 -1.6877671327277928 2.428021473856209
5.212050750676213 1.1471120869318512 -0.22399698157972808 2.3616997872188428
5.540926066827803 1.145221074732851 -0.9716169233004476 2.371355880950726
5.671853843674257 1.1686965865473409 -1.164840148045284 2.40667182401637
6.5835602633377945 1.0568078337663618 -3.145286720670336 2.207049316922507
5.479846543167688 1.0779106588550933 -0.5552501322542495 2.170588795811093
6.949151860665777 0.7610404278799467 -3.9427631285400735 1.585487488570077
6.35612845930778 1.0874191157065187 -2.5407294430915126 2.256737093387997
5.162453198710615 1.0300747122985132 -0.015015962698768912 2.0938597334150733
4.845253083012432 0.9400971053756795 0.6362376641171639 1.9177635921656098
6.118995909237616 1.2877758376195254 -1.9171848838531362 2.625192922914227
6.770448565433629 0.9929587019151233 -3.495377412057439 2.0538298777184965
5.804976000309182 1.1809903456178388 -1.5057875069147604 2.4562573919548796
5.112915588993393 0.8887262407106042 -0.02172777173088121 1.8238412572583076
5.537204262018006 1.0611914731303262 -0.9007497325134997 2.1767402510520837
5.973234089977293 1.3551950937728359 -1.595674285982476 2.7338889143454335
6.009197129508172 1.1438814006739975 -1.8302115461691026 2.353419367757503
5.903836474184706 1.2349645217334815 -1.6171416170382522 2.5539905409637225
4.992746085446363 1.009475183369205 0.2482189933930249 2.0703015445549613
5.926409478084346 1.1289654606783235 -1.6777463346590522 2.3399902386504907
6.690492462888109 0.9264658567983374 -3.383672206580293 1.9340633139154628
4.587263357388718 0.9131440620560527 1.1840811811514809 1.8422230511292461
4.710366805040733 0.8904102563175892 0.7997887824034576 1.8453734288375812
4.500735024548236 0.8449647466927146 1.2502806198259113 1.7325843353093626
5.19589289191572 1.0590501775292702 -0.4207286001082501 2.2350508312443185
5.053845881506511 1.0968931220446994 0.09421384804396365 2.258700958106432
5.74779829955744 1.1293947527834607 -1.2250889350354046 2.3147079363370704
6.116764088223336 1.2353123796748724 -1.9894842125093968 2.511975851532065
6.7223787435754225 1.0688592840579458 -3.127479234183488 2.1674059564653536
4.6515724908854 0.8469843936836621 0.9611759270216453 1.7421342150225694
6.251407853964816 1.1457584570998487 -2.3707574230676816 2.355483904349079
6.355377750821363 1.2001048049455658 -2.2302919388845925 2.400413498467763
5.7408662558343755 1.186982779409118 -1.2306555879187973 2.4344318521852233
5.099589037117673 0.9465902824542434 -0.04044841374575969 1.9633193208811206
5.2886209269604425 1.031162831566637 -0.33474080606368173 2.11027684317935
5.749789017076097 1.2515118392856945 -1.363171497833147 2.561030168548931
5.328381546758234 1.1309566215290714 -0.34588054041567484 2.313607452408384
6.639050402539787 1.0934935573737212 -3.076616724823089 2.2507160772583212
6.257434766721914 1.1708189037307255 -2.3881521183816505 2.4259354148139707
6.256920790904077 1.1526938902568884 -2.4095073354646153 2.3643588047494215
5.669510718282854 1.1289741722868607 -1.001096369918299 2.2887924843344543
4.187526883179413 0.6883213445535368 1.8908902936427476 1.4076579127780893
4.611958877204325 0.8529871972313695 1.029064438268899 1.7505935277267586
3.927177512085202 0.5881009558486482 2.5161428047037178 1.1950062571490159
6.361387979901201 1.2072391208730937 -2.5261453901663407 2.4726307988933263
5.527512954839283 1.0586283668425853 -0.9967722039176844 2.2083591743880917
5.455174627143687 1.1360067387176818 -0.8067701435931768 2.3620292083791616
5.953322533646757 1.1965716381187408 -1.6354901283600751 2.4455141063073387
4.923741326890882 0.9969379485145757 0.25387277791805096 2.079066749253118
6.1180090840543935 1.1818002064232753 -2.0212107472985705 2.4201945392933486
6.469780602710961 1.1482526725965805 -2.6301576261521475 2.3210738967652387
5.450037735220851 1.2070087058335028 -0.6413916283481325 2.4742046517727645
5.243569027812679 1.0711765783075866 -0.1337237667619579 2.1845440447903006
6.028823615764795 1.15574807770208 -1.836252239888734 2.369819748170403
6.336516521963722 1.1813941971358015 -2.4591213452917993 2.419647798986107
6.004868256097109 1.0994973603067735 -1.8854367018147258 2.274328776035522
6.268386034958382 1.2002934508126166 -2.5053955755840733 2.473027657971445
5.965276445543719 1.1547683226021523 -1.7723788644033907 2.380617990501956
6.495933923309209 1.1474280477155352 -2.7175725431715017 2.338022971590948
6.104106646509317 1.189088534553649 -2.0922178397460947 2.46015922805391
4.963488901552969 0.9942453589476665 0.4380660625964621 2.0219347929544145
6.527086675159974 1.1094281100247185 -2.847563175566185 2.271835190289789
5.523978284247956 1.1564451740095207 -0.8231865449358817 2.3615494492032885
5.856198187945837 1.162626448870512 -1.5175066311885876 2.3949161868341835
6.361837962903406 1.115048533313978 -2.684390056555471 2.32601033121998
6.7670849641272 0.9972000921367876 -3.4409741237790805 2.063640299810652
5.027057222186991 0.9663657697125495 0.047135020701013025 1.9916357070918937
5.232642638243617 0.9849967805855435 -0.18374095253187553 1.9989733192706738
5.385031493051294 1.135989056756045 -0.5616202721567138 2.3506405105615458
5.49794901867352 1.2026186905928746 -0.7354369709389266 2.4699769584739473
6.562646370608241 1.0370768584912733 -3.0371579445979107 2.1524726872063247
5.206342830393979 0.998723008315668 -0.3480111932753501 2.1043547761068404
5.774039216882928 1.145419715243325 -1.3902731848255443 2.3507734289868014
5.798938153345766 1.22405976426837 -1.2388640420345318 2.491022618106302
4.852006165532211 0.8849612390215782 0.5396186905379092 1.8253243907732162
5.076682859379545 0.9517535143712319 -0.027573677954153303 1.9749133349768373
5.8673014099954255 1.2180676170165312 -1.7294793295550803 2.534004099933343
5.673137155343543 1.131862871181697 -1.09032864307728 2.3313496317574933
6.287712677688366 1.1800077861989364 -2.418286395078338 2.430386710556653
4.967418620551536 0.9652925028817532 0.2700205582668467 1.9787155122595514
6.243011904439562 1.1558395471171345 -2.3596885887482717 2.391931354702139
5.272696330856766 1.1203085367617738 -0.273487687708197 2.273858481713455
4.544729011964842 0.8785538481486123 1.2373641282705283 1.795335538611111
6.316575409752863 1.2463382075928167 -2.350599744623972 2.544434247988339
5.757861014166645 1.2329850898325054 -1.2892234140988026 2.5114062996637445
6.183501392083899 1.1796364407664899 -2.0632065511119793 2.381782632325033
6.8487047515565855 0.9888964579900407 -3.5318084343571785 2.022243893392393
5.730379727441614 1.1474974077573012 -1.4737128673627313 2.4083700306321707
4.157025385252603 0.6484991147293729 1.9208007852634497 1.3263907732156817
5.875551783251405 1.2240109283008764 -1.6151505227772658 2.5297651357593716
5.7980696192547185 1.1284120252951708 -1.2353866112445644 2.293619877066279
5.624953511391515 1.1411580790813343 -1.0149935157807022 2.3441873252504495
5.839699909332147 1.2004281024477006 -1.5298345110789393 2.477423863493338
4.312181186768983 0.7393762614765099 1.6842072493328386 1.5076501966284506
5.000979830237817 0.9202425006609746 0.03329112628141878 1.9402271342169144
5.713135994767978 1.1674676919764246 -1.3502808126076753 2.4315755370635856
4.482823740169308 0.8614565727405096 1.3593195175960073 1.765084393262126
6.65282820347308 0.8596327076205998 -3.4190858898186938 1.7942145071335864
6.9825215791483215 0.7868683524476646 -3.8588901238964546 1.6218910277907956
5.507738414380334 1.193453707451314 -0.770100978125537 2.443187683540087
6.432769566510193 1.0845247562947846 -2.7945411254444985 2.2435302157363886
5.111106357340235 1.022840257644532 -0.08961798205050062 2.126969121695185
5.071120664225834 0.9550212225099449 0.18489253731373276 1.9377013686400404
4.526984985396762 0.791346560300633 1.3008992777930097 1.608904692238423
6.123827081882901 1.2082457146363637 -2.0668234160334915 2.4870665009417383
5.605881503087551 1.1081174278340105 -0.9619102450024795 2.2784935602185326
6.620219640163098 1.0906741820726045 -3.078158646963033 2.2582739580987266
5.126234047837961 0.8782691832923347 -0.14561452158278793 1.8258099766030533
4.716446973093495 0.8374904505818918 0.9491823662931382 1.6942691626429605
6.628252155485097 0.9638606804964172 -3.172639512339394 1.9702453925862218
6.160170059931636 1.1412066297555108 -2.0913809871947966 2.331348680353161
5.805112355204192 1.2220549738975068 -1.3629382955719316 2.4909456120592024
5.4054119360704735 1.169353062275552 -0.44603538886203237 2.3943062020291466
6.375874994749386 1.1670536537263698 -2.674174108321952 2.4022948659778773
5.466464847602479 1.0676732885124156 -0.743695150709166 2.214610161538924
6.5124379940792405 1.0573277024066818 -2.9047765702946475 2.160488387341076
4.2346764105346875 0.7639976358012992 1.869824843318201 1.5428790391245473
4.9037956306123425 0.9818085032515143 0.4759439540326984 2.020185051367136
5.690991675359861 1.1828376435056522 -1.1702238191750816 2.457339183819075
5.0213165368842745 1.061818586938647 0.3362237940639973 2.157862800647777
5.86864482219074 1.181377661341815 -1.7530909177656375 2.475873072520502
6.287612857759028 1.2246165920912817 -2.266056285358629 2.4796077730820083
4.857843681412085 0.9159166050613278 0.5895424743956428 1.868191718077172
5.996678086180199 1.2651915658081418 -1.7342560307133819 2.584975480165413
6.287670990500834 1.1285167862105208 -2.276447327488698 2.2780058572177753
6.088499183301061 1.241873056561709 -1.8358184947643945 2.5060317363108675
4.686526069833954 0.8261050380755365 0.8422771685374395 1.701506361501766
4.844963703456113 0.8441269582617865 0.6744558385803684 1.7226538349319902
6.425990815539691 1.0714957693332268 -2.7395053281847885 2.2083487274811526
4.785314601732776 0.9423119744153547 0.7259578353901175 1.9171909160677998
5.171379803556553 1.0551761108595237 -0.11980662598709642 2.1587088852449483
6.218676481057301 1.2045844848329648 -2.123417938790741 2.436038657925536
6.687143367086131 1.044199261579364 -3.2378296656980123 2.1540410121606017
5.464179538041352 1.0841476301104924 -0.6915925053175495 2.2045128472485893
6.729601730475666 1.084499220964174 -3.267940760775197 2.203747359048442
5.181252861297598 0.9176566139373837 -0.1543985833319504 1.891314179082337
5.27132909203496 1.0169564390043375 -0.4210691478568608 2.1023488111550828
6.855440291409968 0.9826352916433834 -3.4277126396623387 2.006730663200346
6.649472506425319 1.1298874081755879 -3.036629747555332 2.304124506401559
5.353293201343602 1.1750698850111478 -0.36856642970354153 2.3972069917232957
6.492553233783666 1.094006225100252 -2.8561476494222235 2.254202828186928
6.511464435150563 1.1603364299331895 -2.9727625296443088 2.38564717868343
5.6031896622000215 1.0939498969238868 -0.957075830329315 2.2356697336997082
5.385710267611399 1.1208207234897645 -0.39969299477770814 2.277259640525009
4.944053826454764 0.8822198597917091 0.3432802645632994 1.8224528032409026
5.801166543051858 1.203118016667645 -1.4792121914433778 2.4725489132013045
6.641763710919773 1.075091767042183 -2.978990999565325 2.1782540936321313
4.65214151834353 0.8516709646695944 1.079443502791305 1.7253969464835817
4.951994640263673 0.9445216115018121 0.3585760463876571 1.9206777171451261
6.128942221605921 1.233658104362946 -1.8524111682041995 2.487849145685513
6.289939585238832 1.1408657305788106 -2.420270065128297 2.3625129027304954
5.4401706750502745 1.2070166724502323 -0.6479168688997006 2.461958877167523
5.180176668705758 0.9720436390551767 -0.057865981811559 1.9794686266779211
6.93236127857633 0.9687253805648139 -3.480729082540905 1.9581685591554463
6.293751145149116 1.2564565840170188 -2.3769495863950008 2.564752691278564
5.740782504419017 1.140420373328732 -1.4647399475397636 2.3936335043250274
5.182949587204373 1.1098682699828275 -0.3063133957990317 2.3308803196062455
5.429570964331241 1.1977864462207868 -0.3903999375856958 2.3842899291792663
6.025261904096864 1.144429570685186 -1.9021409151560273 2.3578048481781493
6.59936807798451 1.08673296654193 -3.039277438241654 2.221526689492819
5.269546062390408 0.9977317714030096 -0.4700399131679998 2.088893520409894
6.249815408302226 1.2542122530457402 -2.1364596943279732 2.51393097898824
6.158343630656436 1.240628195780113 -2.087301045675252 2.5301309315831206
5.684432512272825 1.2820201716920558 -1.1727547407283705 2.6350397760831505
5.914783190793324 1.1458346262458865 -1.488964877594212 2.314750891165096
6.792759065215568 0.9562476218884818 -3.3858148405471544 1.9590300975155954
5.429851337133241 1.0473030024802823 -0.687768790817455 2.1720334687520126
4.670611626782026 0.96141066574208 0.8924502492658879 1.9850303784419898
5.565189104301899 1.1182247293881509 -0.9811767994682368 2.309278291969736
5.325710554714071 1.123388073065756 -0.42703249987976266 2.291629395367931
5.0137439062472895 1.138817161232594 0.3390285323346383 2.2890010936533054
4.8144958237102085 1.085500574109075 0.6508046456358921 2.2253424911314417
5.28751420780335 1.0394137692933512 -0.34277708456027334 2.1360992913393226
5.8836729865085715 1.2041706023710672 -1.6684004433736703 2.4903663374720595
5.05019225535608 0.9156061988214897 -0.013163359273952888 1.9195388910672757
5.2948477579241295 1.1192692382357678 -0.36114567125966923 2.292472485370611
5.479451169406929 1.1133640339359299 -0.6712461953748026 2.2851165750505293
6.414164689630285 1.1410696791656942 -2.757151763801746 2.3555758023751223
5.354819757228533 1.1364173930721855 -0.3686046334390711 2.3232826184021764
5.013850857737604 0.9581391690956162 0.38243745829560183 1.941820275059092
6.2262242993308465 1.230783668431618 -2.2296706218013442 2.500646420581227
5.652214294431836 1.2347929642899704 -1.0714391233646636 2.5098233849070977
4.661735281647391 0.9567914216275069 0.9874546747901134 1.9786058656485577
6.135881917431201 1.2966434043230937 -1.9712346449338787 2.664580946719467
5.1450080243422125 0.9498170956982337 -0.02453430788752034 1.9314997828855185
5.126418154764089 0.9547515276837015 -0.008946465953196786 1.9729486698994465
5.658988885842287 1.2270409309156445 -1.1445972545971816 2.524612079234263
6.783368629953497 1.0209584283093962 -3.266209613316694 2.07403660955242
6.629364595639643 1.0781773893638587 -3.076524912847436 2.1913259646784744
5.30544531625714 1.2431552391733882 -0.3865768446812744 2.550860629248105
5.41584704771898 1.1817186065384404 -0.559194537928612 2.423347365689878
6.222094394121816 1.1901257904707243 -2.196293424850386 2.434985738569097
5.038829828284408 0.9238696525025915 0.14459969010516238 1.9079141177204686
6.236565019758061 1.1426528237060254 -2.189803585317139 2.3116296038903874
5.712109822047979 1.1398070050460452 -1.2069772537972332 2.3410888044325433
5.543728352728349 1.1185095992712908 -0.8609339499212569 2.28680700125283
6.588801577297999 1.0492317486582639 -3.0238867380941583 2.170758391137963
5.014233213146781 0.9064960766096953 0.2276333444794115 1.8863660285743824
5.123791279677189 0.987339051287414 -0.1302408275610089 2.0417435507771455
6.628963138037042 1.140573361053535 -2.930885224547029 2.3160929961231784
6.138942548514058 1.265434887934074 -1.8679169169369476 2.56560785708435
5.4023934234254565 1.143054038301731 -0.6824322832893371 2.375779350696741
5.249961515312854 1.0528400808908271 -0.2645203397653272 2.1582506137978137
5.694844364978895 1.1090817452984647 -1.2688221422069987 2.290609453082756
5.834438111267566 1.1579580360743242 -1.3680229075955315 2.3800101561821885
6.630150514443159 1.0981437443399753 -3.0026014992472936 2.238189065099179
6.606240723728516 1.1792397806065034 -2.832443548540404 2.389405664601076
6.721228346275396 1.098368840450666 -3.416295589930962 2.2595919081865685
6.633409914107418 1.093059133512619 -3.07301076849018 2.2294081000415207
5.318481129764848 1.0616292360879365 -0.4355798315639951 2.1911093677628846
5.002467499966723 0.9645890934384249 0.34708787521318174 1.9649921940399808
5.246728514124529 1.0932807676582776 -0.21342268113312768 2.230119719140473
5.761152583599069 1.1338308386409903 -1.434408935427104 2.3435720995988665
5.39199406495038 1.0650015739734053 -0.467049712029037 2.176457381522135
6.579865208068339 1.1157138183364803 -2.9666121820422577 2.287404326085556
6.387413697466103 1.1496810991792832 -2.5758262075695733 2.3559754906831625
6.025530906214259 1.1470865427853858 -1.9923969659130165 2.374884828694434
6.412861890607687 1.0859826303730746 -2.5960158682165098 2.2191121648217664
6.815273610947891 0.9144441728892417 -3.507185817741827 1.8704607668205728
5.573813191003294 1.1331613765763269 -0.8440879684962496 2.3229089624502572
6.10966563785066 1.1507184166113766 -2.0363461830098206 2.3634652817312034
5.408048665198937 1.0509363710002348 -0.7229112606452442 2.19938522740499
5.735941603792391 1.1720029766020408 -1.1886430870850513 2.384768437008281
6.790558700461266 1.0074835260570303 -3.326539599507244 2.0484206519734562
6.464653646429118 1.210162621839794 -2.712386992112385 2.4667439240531905
5.936086197705838 1.1456469065616484 -1.7540704085272862 2.3788851355970566
7.003308407042898 0.9061713586520861 -3.8108370591855403 1.8527839024515649
6.526323724759989 1.0929002793971996 -2.824666523541505 2.2427768779436383
5.7324251914285185 1.232690558915837 -1.1097934305824122 2.532509452924944
5.959079350320966 1.1962918474152195 -1.7666415136884757 2.4672315211729052
4.410554054464811 0.7726818672157847 1.422214190048245 1.585119986357779
6.246676821377273 1.0737362389992229 -2.306236829376431 2.1944678744415653
5.547759002869391 1.1309669493003425 -0.9283008211690187 2.328220932213154
6.929843658956532 0.8735499353727302 -3.706355185610022 1.7851116267660294
5.888283367494835 1.1222293387722244 -1.6129287257346472 2.303786092390478
5.638359400083582 1.2349875088973201 -1.0461966926518804 2.554632344665991
5.44434874524581 1.1168243475679656 -0.6184231656633092 2.2746807509085123
6.14647997980443 1.1709622611658956 -2.133548691831585 2.414442005835843
6.385829270317552 1.0774658916183004 -2.633657857511248 2.231823873000828
6.294990363338659 1.1671234359916907 -2.45041956071512 2.3906178462521552
6.171901799814512 1.1834089028729107 -2.0910811182109574 2.4120936600392495
6.494011277441155 1.098520957530609 -2.9045424802579216 2.2780889053851423
5.390605816110871 1.1257115054046611 -0.670034940748367 2.335331771832942
6.457569168996477 1.1099599171270131 -2.766908638000068 2.28323025989648
6.3046187786319905 1.2818568930575356 -2.2513631577805207 2.586599060794638
7.022094029399506 0.7762932435919296 -3.9050715298090575 1.6031262461987474
6.085666645486754 1.2208604855046012 -1.7009765608140692 2.4276203603478246
6.326353641987572 1.1801826316220725 -2.4367611879189712 2.4100744637551847
5.046839541895441 1.0133738594950212 0.09144987031277196 2.090391699236011
5.690952629215939 1.1266054993391634 -0.9986130272401588 2.299791036935061
6.005308862110921 1.1249680072808972 -1.819843494501414 2.3013283395526667
5.381562326415525 1.08963140727918 -0.6458511193709302 2.249211247623267
5.452839135335582 1.1525455080260907 -0.8110862038451725 2.3999700826599253
4.893105659110516 0.8739534506632157 0.5209541491717804 1.7798002071769168
5.328412732948662 1.1138795024590373 -0.3968410068821123 2.2819468640289777
5.201381278430439 0.9974487024439413 -0.18170923684616208 2.0465122523003485
6.21659574098911 1.1533705368929756 -2.3160134942536326 2.3959715260602854
5.236732659616008 1.0872706214845567 -0.26081536604998057 2.2257286329094677
5.476730222772257 1.0228792020971136 -0.5606346721173372 2.05303647099217
6.547583002953807 1.1151316547317673 -2.939329905329381 2.281674011047618
5.0139311822187445 0.9357591184256723 0.28455733593781757 1.9236725453172698
6.466480250189331 1.131246523869784 -2.794851492609526 2.3295405246163243
4.813421362088448 0.9588468834456839 0.7340181464387389 1.9454599190099808
5.990406865747609 1.2350285241640133 -1.8625154878921493 2.558377074334125
5.131644973465879 1.008501987690523 -0.097007231440845 2.0978412088153418
5.552187850196143 1.155438090010422 -0.7467862230433109 2.35731266794043
6.580555757966268 1.0145943017375214 -2.9792764721153127 2.097264034806835
6.375240235183558 1.126163958798636 -2.565130590888183 2.30132019744208
4.7506791071599945 0.8106177871163992 0.7723428702360822 1.6694489568256334
5.497485210980956 1.07582643677647 -0.8487068364924425 2.2247503462002323
6.242170843854481 1.1161817613485518 -2.4433382300521256 2.305776571215114
4.719758666700713 0.8810055899608564 0.736043540089993 1.8222324019422431
5.641241394589903 1.2493571778234138 -0.94279516942318 2.5367980243092614
6.131639892687113 1.1136230804604887 -2.21458946194453 2.3116796501119437
6.149000001391679 1.1582316140215245 -2.1810715322175094 2.382361958565676
6.34072603357834 1.2025123731964047 -2.341999162183704 2.438048713075843
5.128086987679514 0.9202914289660962 -0.07164857097057525 1.8916181331834594
5.545899630940804 1.2370434020816103 -0.8648004290692843 2.5371619985151725
6.1001650382201245 1.1737324119962014 -2.0785941328834534 2.423879879050961
6.074426021157151 1.307554768467983 -1.7148587496456857 2.6221830352148823
6.257324306301925 1.1809794830878828 -2.382833473980668 2.4325560611623764
5.870169431238596 1.062612661814167 -1.6225571117414774 2.1872602387072195
6.067632802847562 1.0381814008557089 -2.180877944924532 2.164443927050699
5.234354465116146 1.1750196806758997 -0.22062856927017027 2.4094639368119832
5.860483415867131 1.2025583819819847 -1.6169819139548123 2.49538348640287
6.575999608924271 1.1830113129851603 -2.938122116612356 2.428820099520363
6.007651390549382 1.1376528392494765 -1.8863512911092144 2.3350367373782803
5.573356594178745 1.083291646218491 -0.9530979344873112 2.221318312915369
6.831380138663112 0.9195872946502673 -3.4965445404194924 1.8777110206698255
6.153579564583364 1.1975277531352329 -2.108925832396781 2.4403803705565696
5.763558514010311 1.2380882000471198 -1.397981071387091 2.5623164342832494
5.843573591120416 1.1998727741848703 -1.5605106621434954 2.4852009603946876
6.491466068278279 1.0868611405707551 -2.8129708828675275 2.2429548241882693
5.5527787482155615 1.2077990721581564 -0.7725691673699722 2.474332005884287
5.889283613339917 1.181896739123231 -1.5446780919049867 2.4240959513646096
5.734094610457104 1.2486662399323611 -1.2475140957061424 2.56551563994019
6.2069083258158315 1.2970514067649008 -2.072235501704353 2.629784354156265
5.531501994984285 1.0106451014173654 -0.8516892753242233 2.0798059742389996
4.24115555151926 0.6803221892549746 1.8463443594733646 1.3902430401488401
6.447519015376734 1.0833580615173377 -2.834283307151116 2.2566034067977268
5.067888479600352 1.105923982720749 0.07547358581437408 2.281240032189289
5.695142937638577 1.2750700973151858 -1.2611567474432723 2.6271950243326043
5.950449743345942 1.2332207398718844 -1.6180899038005476 2.524587576709668
6.105271081582087 1.2614238654505217 -1.9308391037597636 2.5812396541288822
5.192816213516302 0.9919945780239026 -0.25237148446571533 2.0414616115339994
6.567664875062555 1.1162173481628563 -2.8543545495192184 2.2474668770089608
5.964127365856973 1.1752241648682802 -1.6053391693003722 2.3849471359388934
5.03387739502968 0.953678411900414 0.12879511292419477 1.9807832851396832
5.321625895646182 1.1313387455820492 -0.4063207263968902 2.3224276974127473
5.03095763463821 1.0123922382234227 0.16010063129698124 2.075447348564119
5.747903404516004 1.2806078438996704 -1.2476374129889187 2.6183715629444153
4.556652349103122 0.7923990078254863 1.1722849214427327 1.6388366005308959
6.5997470512985394 1.0074852670417622 -3.088465603437758 2.0484335205441355
5.656658425280455 1.1011236734269583 -1.0236203866638913 2.234130052288956
5.910778381548758 1.2346045766887637 -1.5185329207079037 2.5242709573523956
5.193508320049384 1.0486667020165878 -0.0281643426467037 2.1240605508036676
4.9606082945715535 0.9034610034428489 0.33947064480760697 1.8702151979746455
4.654979824425871 0.8680162679491324 1.050939235228624 1.7616242923468173
4.948875793948183 0.8124554172901713 0.4024319103854118 1.6690521110078043
5.828018445126652 1.2048948394851486 -1.4429723519542734 2.468088861843269
5.374167501556809 1.173425607154482 -0.5543110423759943 2.441362944054317
5.429640761968658 1.0744079619670837 -0.5804990881863628 2.1875969360389704
5.612354728936362 1.238760264368654 -1.1572220024772282 2.5649010677343056
6.043306144497581 1.2597715397560647 -1.9006217662921743 2.5769247338584558
5.824768357075582 1.2203453125763357 -1.5690519339160023 2.54305046481477
4.519177943578335 0.7905343329533889 1.293264791981332 1.6192601934982487
6.0559178859245915 1.1643226384655798 -2.0066590580446446 2.4166061242672563
5.692629948948075 1.2350071533865667 -1.1795855231846009 2.5664309848785156
5.353068791854515 1.0620200401951931 -0.5337388347202536 2.1923820423189384
5.870359411333457 1.1629923258493133 -1.5153917835219226 2.382023138151204
5.786707713023439 1.1350447481903378 -1.082802337222947 2.2663644644632224
6.225826772985875 1.2114608766743162 -2.323865833430828 2.486399478495145
6.111998198575358 1.0830495169500263 -2.1328238916387 2.2503176792562503
6.331734522491875 1.1963255428044113 -2.436393063542977 2.430530336389816
4.472284101316055 0.6872574385241973 1.4063017907251913 1.4022041855521683
5.965862871526032 1.0891142749682852 -1.9097395403294044 2.265298540446093
5.826315558657148 1.1719118329856957 -1.412366307108932 2.405313467963296
4.975825207749979 1.06392783436174 0.5342517009258921 2.158520279894457
6.101758832539996 1.2383342920775084 -1.8114722286486171 2.51532002866502
5.312319192257986 1.0306830806032796 -0.5616902832861039 2.1498625868373398
4.594389998243877 0.8084263139119173 1.1413274088301353 1.655208109366217
4.692175872123575 0.814236263477625 0.9485614263226713 1.6612705188163552
5.49691025988701 1.054402855774456 -0.8447958558367417 2.1901580128688374
5.468354007975655 1.049190044521168 -0.7290308740990629 2.17637884936466
6.525167427421811 1.0710660371849317 -3.096804544454047 2.232202652256737
4.6388953248625615 0.8183153269763639 0.9942447471292459 1.6782931484739247
6.102566054354195 1.1260021095402184 -2.0463830347891063 2.313795049095733
6.764542064378567 1.0827361893501763 -3.2259010054249964 2.200804964375299
5.968742391162067 1.2530207484902491 -1.7105579128692003 2.558664104816556
5.737876619584048 1.1353311713782666 -1.3262686130286356 2.3409781409617008
5.9369168865371105 1.1582728152707586 -1.6369239287146964 2.3961993425809958
5.478889366086773 1.1066998522659974 -0.556460696363537 2.235674375765148
5.8501066572974185 1.1375609496512316 -1.325213516695082 2.3095328188902564
5.928006305781974 1.1661415938637933 -1.5677782551910318 2.3700139158456777
6.321269112841756 1.0893001013860244 -2.575426769328878 2.262378528769551
4.377897943506774 0.7511241676744623 1.541224959662482 1.5443488532960166
6.278790776039598 1.1869307303519225 -2.411650459570825 2.4265713537663767
5.613581898487784 1.131344544492004 -1.1926733509703928 2.3651634947692823
5.4660810869463585 1.0967178682146441 -0.6917800415591308 2.255688309443841
6.280944927666404 1.075287080059618 -2.5005158832177554 2.2368093221577903
4.494817581759918 0.7471331562939139 1.274391032842296 1.5469777337976813
5.664344695795172 1.0514798887523351 -1.1425060470093276 2.162764543091958
6.245092469139727 1.0976884829736253 -2.410083492223933 2.2726637922863846
6.271082946822313 1.0846652197709419 -2.4938670536057916 2.247819804863218
6.5466145272959775 1.1029336603449043 -2.8718397131428453 2.266190057204089
5.445756783566493 1.0887823242928227 -0.7066105363640622 2.235881396233932
4.878139833441537 0.8305745921627344 0.40434253524072117 1.7150998224659155
5.1362776334931874 0.9732340878986898 0.03139439537163901 2.002077818742154
5.824172484244951 1.1007141213212517 -1.5018858010220382 2.283232745424042
5.706158571079581 1.1605029926327746 -1.2110737438017818 2.3761974318804
4.885278131209618 0.8649917410123653 0.5415959618765346 1.765615517889293
6.460441708958208 1.0805112176002123 -2.7887860296198106 2.230231821314378
6.100074953326191 1.2001188144214 -2.0612352139403827 2.4788167674673343
4.951143170955135 0.8585060222169286 0.3247098633838015 1.7784877427617007
7.155714303849649 0.6605130634592956 -4.165387620151198 1.3573308640212316
6.186554138417078 1.2144620773921189 -2.0740299986295283 2.4726714727856254
4.921925961216786 0.9869242669677135 0.3805019741868735 2.0499922795619883
5.8516875260861845 1.2003802612037635 -1.5532942253257094 2.4787161677702834
6.828049575087004 0.9600762776464539 -3.468336430604026 1.9589016602188598
5.314410312500913 0.9632843263368697 -0.4053634847733527 1.9755801809529683
5.9501314056324714 1.255521044847291 -1.599171042932329 2.5387452386334397
4.642176184403121 0.8337821202094089 1.075860437005605 1.6880860792169676
5.3379541415061755 1.1208765565632215 -0.42666313734863537 2.2896659575540665
6.275920378351682 1.2107477309765646 -2.3164558612190245 2.4798804787878193
5.442568912358102 0.9876409815533846 -0.7125960749853293 2.032316277183539
5.002178792939521 0.9077870258437829 0.2087301162438121 1.8772509167146547
4.668809054003537 0.7927619334465501 0.810821589105824 1.649698542771253
5.900547603751986 1.1549638579916592 -1.6399883299593294 2.3843275905922754
6.79648482738014 1.015127025774176 -3.3274832212578587 2.0634178242837335
5.674002626022478 1.0393752057780385 -1.15646548287594 2.144320595947541
6.3127820792897165 1.2058165297218613 -2.25009590877636 2.416893255083803
5.925820742497404 1.2832349624870087 -1.670340533381634 2.6366087956928026
6.415433590518983 1.1583383452957337 -2.7038740903061167 2.376517656862579
4.7477179198129935 0.8705259594678089 0.8444724180251747 1.780563660096976
5.869692171751114 1.1525784437388802 -1.6811299583373978 2.3980674531050363
5.282916720783967 0.9451397977755226 -0.31620891390550776 1.9495936003668202
5.974805852800652 1.2200252455086038 -1.8294998894785357 2.55365032831207
5.896509286732295 1.1924786724259469 -1.4725644603492332 2.427751886893176
4.287379266992118 0.6503343824860705 1.7094501311713637 1.347185686551241
6.266172876014174 1.1806365374401777 -2.25092703208375 2.4215744768126948
5.22308972547985 1.0221269755040676 -0.2610227525651465 2.101909832212726
6.3430746938069005 1.2289732105932372 -2.5730479817056056 2.5298187803116456
6.70381625682565 1.0390167989097803 -3.301690914422888 2.1434388914534015
6.145205195486595 1.1437025795524207 -2.1718746383411296 2.379318822948997
5.275983927175034 1.1312176083444023 -0.3162768169793818 2.3173127636661257
6.333745414839688 1.140655414820831 -2.4797548687270874 2.3434866280142557
5.79228308748534 1.3230342395494499 -1.3296289249477196 2.7002577040240503
5.373551395728683 1.1222986638883392 -0.45158605206088875 2.295926482524193
6.494745701184227 1.074443499180872 -2.8012131231239765 2.192027930332528
5.868451882522421 1.1955781503978486 -1.5546515771222884 2.4670912385047337
5.903404451018801 1.2212766056568125 -1.5349348181969542 2.4793098331006496
5.1906970856759 1.0157478254849472 -0.12746300145188078 2.092219007070603
5.637687727711575 1.074423002258831 -0.9664556898202283 2.1963400753577833
6.416876153511684 1.1584344145136507 -2.7366624196973577 2.3858623558157377
6.286234021550823 1.2224917742214745 -2.1986169591411877 2.488747847519984
5.836995140545664 1.2562133179102835 -1.4517780587224214 2.559446852126086
5.262477180290562 1.0280593681137673 -0.36297457220962576 2.1148723094885318
5.6805814382541655 1.1177933181984594 -1.2563633768617415 2.3369127088032373
5.207988133844424 1.1295722198510785 -0.192754014235062 2.3127879032712557
6.019611703048859 1.2084292952104028 -1.7839812515314453 2.47042830549358
5.845038000305003 1.0605664116968843 -1.3824924904014804 2.1596858661790925
5.986769430358911 1.357776729968847 -1.7492730485341346 2.7640018293467166
5.630957087252326 1.210348154881504 -0.9513915300487623 2.471428985879399
6.673482233881796 0.9924732644063091 -3.2342930691894094 2.0554350086134137
6.099310957222349 1.2271739862496018 -2.0542859971871046 2.521285421423783
4.857707836716908 0.886287930425229 0.288854847576418 1.8465393209152865
5.872967466540606 1.1510201838124217 -1.5551250624768918 2.365202936964292
4.925018855788497 0.9216284116768241 0.35989681178949495 1.8936744429254884
4.839488268786972 0.9204913261240575 0.6627657559866561 1.8711043645892682
5.235305756234236 0.975795929191689 -0.14511073876768088 1.9832686031048894
6.286895129208222 1.2546391689608385 -2.3088780916457425 2.5547114015343197
5.143078078938728 1.0249579413301022 0.014119315672949523 2.096464607001325
4.800891382834369 0.7998792685502002 0.7960117432965639 1.6200131067646595
5.9645379141876536 1.2163155910972931 -1.7149751552758965 2.4895649658312724
6.953756056348068 0.855805377297713 -3.75852927577483 1.758401775885731
4.87222562487921 0.9253267399629176 0.4863884008128169 1.9037110115781248
5.712469968204706 1.166307631766312 -1.337425401789857 2.3983145383590263
5.144278408895845 0.9233118083025589 -0.05555128439563617 1.9000392639755477
5.1070922883936625 0.9524532297720034 0.020576423581740555 1.9708217084775466
6.059583279765375 1.2881833698354372 -1.7577818330105788 2.6054132503358525
4.85048907753755 0.8097234423678313 0.5205169421115493 1.6737642895121692
6.045240398889574 1.22009943881932 -1.7910819398734241 2.488367429043486
5.61653821067228 1.1542795402518098 -1.1820259530608972 2.3889649065133876
3.851970684464325 0.5663322599014023 2.61051335260763 1.1722291033939862
5.882167299485275 1.2038981757557259 -1.5588092286002777 2.469625495760911
5.300923578841981 1.0132661416203355 -0.42021515583727476 2.076200764129809
6.037667947293901 1.2233701079872414 -1.8557709627717316 2.5013059501651695
5.037401351648324 0.8501335566583255 0.24505119733521422 1.7326102198782045
5.279658525265161 1.2041388087534632 -0.35182042138888076 2.4660641607171967
6.5779523094184205 1.1014165489224577 -3.0187399630249905 2.2536068271253216
5.320032364415974 1.0646835370405237 -0.4817114474288802 2.217615565402238
5.771292270647104 1.1512674812517778 -1.4070141642067058 2.386394232339882
5.041688627871983 1.0082858857163426 0.0874559312257038 2.0789965045048695
4.033467068933472 0.6156126591165643 2.12064929412785 1.28176275159041
6.479381114035759 1.2459475516329797 -2.807043471360859 2.565157437471066
5.313307924935778 1.1609251097353188 -0.329833285025296 2.3675307818361007
5.163087769834295 1.1030788968330996 0.009777878986933275 2.2519467761876544
6.196557900594858 1.2173390032335152 -2.122900540113684 2.4872064363004296
6.2385189462005135 1.14185895053583 -2.5475358267786254 2.384695830285889
6.500669295118631 1.1281871386402473 -2.8476687827938076 2.3280066956047563
6.853541938337186 0.8620579479995897 -3.656524625246274 1.7757150719311048
5.162487734750366 0.98197482053579 -0.1399287480628958 2.018180921436534
5.808128106567949 1.1762023535741737 -1.4673668795119856 2.434910673942849
5.923892881913858 1.099916710358073 -1.6524709964777482 2.2492398645989633
5.318477040938304 1.0455373904509346 -0.4633820022632664 2.168906702318936
5.685465364614283 1.1196596795622238 -1.2072194352078038 2.3090040201542554
4.877032321412962 1.0207038058808113 0.46032438246416657 2.1197318495133293
5.48901042963057 1.0442246610703754 -0.6466357470812397 2.116148496126028
4.267694926548213 0.81755892077267 1.7514249414716505 1.6820991718083047
5.820645564402216 1.1614847967745865 -1.4567654058236665 2.3981420533133173
5.923484667540257 1.2288883705810565 -1.57290318650077 2.482603777786172
6.323955927824763 1.2231063063954977 -2.3051557196258683 2.48125210991974
5.132340341049842 1.0457470125069628 0.18402205256522663 2.1164489278610206
6.646938786011971 0.9558830301044433 -3.2636053987797053 1.988815983197303
5.474969759594115 1.1490915954154406 -0.661007951629215 2.3411361512038407
4.531357322870388 0.8136134978510131 1.2021717479238534 1.6914051091895457
5.648134564257694 1.0177104007006408 -1.1481413611431144 2.1078982711394643
5.592037108436979 1.203231482686626 -1.0082195646369736 2.476945931805976
5.8824556664205465 1.1782914555531945 -1.6180420481334128 2.4409535577272545
6.448541957334525 1.050762442274394 -2.893115481649303 2.1861526008433185
4.7685444208631464 0.9683487537677307 0.6480121580836565 2.014309107985223
5.618895826040771 1.1142791141443233 -0.9389779203124237 2.2643805493722544
6.849393294240786 0.9974422206399041 -3.5120024475196145 2.0596451594220144
6.278291532428247 1.0754974563416069 -2.2801236721341205 2.1824669727427337
6.0560175158128065 1.232676004516965 -1.9058428895887969 2.5372485526723754
5.486804124933579 1.2660329655324918 -0.5721298361643979 2.5426871404019344
6.7225877708801445 1.0003123848872173 -3.204484026122535 2.047513853739111
4.8630932656368 0.9921012095045493 0.5592269265822432 2.005885745939853
6.2272409594506 1.1046250867354437 -2.4862577565070327 2.29130685702862
5.713148259726145 1.115868388473243 -1.2851459558336447 2.3014557309987524
4.626001448158302 0.8530646830132912 1.0260406456674982 1.742183269174099
6.184995843222527 1.2177176331405373 -2.09061388900042 2.470576577198013
6.430047609987726 1.2141477542493628 -2.6348459499049657 2.475729650810034
5.988734349626972 1.285355478611349 -1.6992486653874592 2.6147492523946254
5.739563163558808 1.1179136213908485 -1.2546673947720897 2.294100040680805
5.031631584051759 0.9952238980807723 0.25243116932889453 2.027584806869679
6.520724890216728 1.077820285311414 -2.834769476589187 2.2064645340704088
5.478446243521458 1.0232647331670814 -0.682755518298141 2.0983600260639075
6.181953252519705 1.2771640540138385 -2.2361568053366603 2.6408238368648753
5.851847707446018 1.2501378950129918 -1.4916146056581558 2.552503728656963
5.911516982490571 1.0899192510672193 -1.8494124577153221 2.273774149029766
6.7678756740579065 1.0042412588885772 -3.2485481037720785 2.0403283768540126
4.726000827049232 0.8627234180271788 0.755938022861411 1.7794620398543146
6.053659777392955 1.1501902407691236 -1.9604922265322176 2.3677337641248895
5.00750625371946 0.8757610432923715 0.1867097924782444 1.8147867031243405
6.357229272522776 1.1584512211015214 -2.7014057522822705 2.403460178088513
3.7967788248982224 0.5529976195289782 2.7021141886770583 1.1343747134346016
6.05855863452059 1.2041812690252118 -1.8491843891125628 2.4788226668293363
5.610011438145905 1.1453772516887761 -1.0704223035165124 2.3735666982235877
5.833645383426196 1.1906715854280032 -1.3835912559376164 2.4203617925086753
5.718844327341111 1.2568749061304505 -1.2602633756554504 2.591300084429457
4.786878274010925 0.8191142561805645 0.6603705448485413 1.6778530143584436
6.809578436308715 1.016636424917685 -3.3068087273440048 2.057103256232166
6.549869356617528 1.1406334327268508 -3.0033569805307008 2.3585353340419473
4.10285160191412 0.6576954832175225 2.180523141264278 1.3445475334461736
5.939190099341423 1.2053053585813713 -1.6305220229571875 2.4808725606167075
4.0081949189846195 0.6080767396592442 2.255921974817106 1.2442271095773338
6.462888207909964 1.0627670415442396 -2.7661383665169357 2.1932984163994202
5.69688888385225 1.0815088111460527 -1.141648537216877 2.2063534219020973
4.591133525065102 0.7956347187281345 1.2161263853991944 1.6127743601654385
5.262913944611048 1.1120541650880784 -0.22968434769377655 2.280918166706538
6.293366953884325 1.2145572965656541 -2.3604753201322852 2.4787485569444594
5.640502578017381 1.1546294600037452 -1.0950227381631092 2.3748148931128283
6.401568248138215 1.168752412640241 -2.4775319834096408 2.36216003297207
5.1371138657801225 1.0489866279856497 -0.0326460246287856 2.148518998551184
5.662776275145151 1.2108228991536112 -1.0681414790161858 2.4906789961177194
5.9981304758364145 1.2771414614130114 -1.8372385387765897 2.6363443336405874
5.003416256785529 0.9214033408380782 0.359893482374669 1.861033125968901
6.17836363407166 1.1445850945149694 -2.3140544910514205 2.383848163963094
4.807454744386741 0.9338245554406371 0.6204022571306265 1.9388166921529328
6.4028084495887905 1.1752283132323433 -2.5012490094771302 2.38640364934116
5.130342640680448 0.9520502274842306 -0.0707843026437365 1.974265691601732
5.35631446990608 1.078229249632965 -0.5926649434086666 2.229679566437957
5.875833885619533 1.2621842263996252 -1.491741553308887 2.576892166562779
4.9353497567055635 1.010661782649523 0.4158483340928888 2.0863436886713607
5.549213831421874 1.2090016244403927 -0.8237381764394542 2.460909195239409
4.8404865049145105 0.9629017654654455 0.49375422565335836 1.9658041901610337
5.336168901376849 1.0839729396406634 -0.3683098371983963 2.2142389644356615
4.933700339015589 0.9276498315501192 0.42218021319049553 1.9090360371755488
5.549898753101283 1.1485563415600415 -0.8393324683243997 2.350229373241659
4.802063309217892 0.8334953382378725 0.7453552294314529 1.698752671586961
5.424275052003541 1.2190224683110331 -0.7480082388196216 2.5465161438954076
6.345292134631398 1.08485761798588 -2.7736529448405385 2.2722632143801462
4.8950873566760755 0.9436518242740014 0.3856679173215031 1.9558633753435597
5.648618353236396 1.0161370412722224 -1.0297567407934736 2.05731393137856
6.454858629473335 1.1294264911997114 -2.690783130668474 2.3052447238289187
4.855877277155605 0.8883168993815693 0.6473324852376295 1.8050705675539276
5.62178307867536 1.1874168611214067 -1.0089082240520804 2.4304936874953573
6.1912233427535535 1.0920811937898605 -2.2711836836267834 2.2675588914520444
4.843135272271967 0.9316470248873077 0.743345675611652 1.8979018478069936
6.0425226890374795 1.1217120940500627 -1.8063003379569755 2.2614487174851483
5.490336925795464 1.043685028689014 -0.7232331215036527 2.1335278737521453
6.3956261556317076 1.2014335839280619 -2.463472103909642 2.43914103940878
6.750963708797801 0.9372452974737844 -3.506268270159143 1.9498554824532004
5.18008675940173 1.0025608740700946 -0.022170194750200378 2.030894589166705
5.4236634364094485 1.1230327613950386 -0.6021714673929865 2.2996358433869797
5.0348287998355445 0.9959460019869599 0.14087036145967524 2.0395522749661232
4.425964032473834 0.8211081547847265 1.5265657222557794 1.6769325342717176
5.776931728508407 1.2701949296525492 -1.288132924389512 2.5942976622663516
6.1182418107099625 1.119455152376289 -2.0871414550296743 2.3125925103470313
4.854994432116891 1.0047473675659615 0.7365661971440423 2.027318566148254
4.094380460132898 0.6491308933725831 2.0188352826312626 1.3494002066939517
6.025592052216579 1.2103827210589446 -1.7191946993419702 2.47276316846627
4.734457357960196 0.8285543963616824 0.767301693842787 1.7186767586412763
4.905906324499654 0.8957519550310614 0.3855995867997857 1.848949756813177
6.240525802607908 1.10601595838823 -2.249773598839876 2.2684234586333902
5.9034820611099 1.2777647563914203 -1.6014270874632457 2.60231256996436
5.83114602628298 1.1132306636373015 -1.4046675924616903 2.261213042927287
6.516322148132197 1.0992976286342044 -2.7451016023064434 2.229977341212734
5.598951758491651 1.1543614831374713 -1.046634198125965 2.3879869922342865
4.69635022820409 0.8472037614753661 0.9042324314301896 1.7277086563619868
6.246014350790173 1.1291763996571407 -2.338565647611819 2.321234462510226
5.972534702539624 1.160183923187619 -1.7296902594055619 2.39248491402363
6.861414440337054 0.9389077729502241 -3.5525149571256582 1.9312244583778433
5.515652248748539 1.0810485538056311 -0.7354590734789659 2.1840344656078683
6.058457280248805 1.2657298595495887 -1.8063505426734179 2.576629060493345
5.8514694334092905 1.1250435963837797 -1.5738532265642746 2.3204887411639215
5.767527290305987 1.155009571895695 -1.4740354994443023 2.4000867822020706
5.807046135039709 1.0841880058413935 -1.5574678086129121 2.2515545410854156
5.251425530384152 0.9967569411376707 -0.20004384498652036 2.0546015873848877
5.271070217352108 1.0315437951263529 -0.4505358807005625 2.1400896736975534
5.9882952627958215 1.2369075208781508 -1.798641530142015 2.5572640940725306
5.524967080648931 1.1644634696889975 -0.6587557491459203 2.357922561178103
6.048583584603947 1.1826497302891201 -1.8861334185467884 2.430730303061063
5.872703789951087 1.2451066098459105 -1.4876050650740908 2.5443900185371886
5.68867128000484 1.0943795828477823 -1.1303356257996542 2.254525825970887
5.675427825777618 1.1404400250196303 -1.1820782961583243 2.3650959750639537
4.8904406004257766 0.9304795563433867 0.4008715315275149 1.9337318280508042
5.036611760856086 1.0782852264611344 0.302249362886452 2.1778306076113334
5.441064111589806 1.1710568756723703 -0.6046403857684002 2.3873044695814216
5.4516736764640985 1.1325560901215177 -0.567882429414216 2.293745034565022
5.8160484512011745 1.2265318998079873 -1.469835008863035 2.5248689405599336
5.857651966741901 1.0995707189056714 -1.5688845276448649 2.2390856698478387
6.555206527548625 1.0371804365056465 -3.0096960258756122 2.12940557621647
5.20414631785227 1.0154375185226514 -0.15278307718976475 2.085869835170315
6.102209513168093 1.1234031022552267 -2.2309791098536396 2.332846506532949
5.099557482201023 1.0743157530259886 0.045806173959730904 2.219289352147826
4.426227885124858 0.7926783718204978 1.441843525409518 1.6347264635845562
6.595734996525364 1.1484465914669073 -2.9675664958099714 2.3367430650646437
5.337564404150253 1.0441863719553786 -0.4963740537013514 2.1496916327908777
4.90609943390822 0.9353383316434789 0.3774588038371798 1.9196862022135415
5.836359595056527 1.2188392923527993 -1.5284004909269164 2.486759173902592
5.420331742671993 1.105837959034368 -0.6637174490423406 2.2891789246976226
4.655607241267584 0.8817382643151946 1.0390235156548446 1.8101875618364327
6.6144576842444565 1.0664568710542257 -3.0389263771122375 2.201906628447295
4.378245676493314 0.6989757068101959 1.5338137457410812 1.4364842603540187
4.467672816151571 0.801903887447539 1.379477952144349 1.6459630843893676
5.344675437476996 1.0904578605357673 -0.36747911424244994 2.20664614937925
5.755133564351183 1.0409822977515542 -1.4156439728612726 2.156121275825324
6.199760378729222 1.1434728010091062 -2.333641798149195 2.3799815673365505
6.237435910907639 1.1557214913410132 -2.276697948794912 2.3626360044712262
5.6266188349072905 1.2180084992099234 -0.9726713550383002 2.4891657085013748
6.434337671589327 1.1462471367089886 -2.58588135583065 2.3338857877929913
6.851109021820642 1.0132324186042685 -3.604680412476258 2.082859597136284
6.405036561791797 1.0840088177285485 -2.721094273512866 2.250211985199999
4.647500713886551 0.8211495429349007 0.958379692844397 1.6878550755556008
6.209020065780534 1.0712138173775905 -2.2013981350870595 2.182276410273056
6.016743791612431 1.2341692339832435 -1.8936600230896423 2.538507372798217
4.766052823013708 0.8092992718657628 0.5953841817865722 1.674155896554359
5.640237160700829 1.0193829222860373 -1.2617696158733984 2.1340467913375014
5.159741597922527 0.9395879228918296 -0.1919395042025389 1.9403246589178473
5.972067090500165 1.2649959552262606 -1.8148074808846657 2.613247037095492
4.805466312842795 0.7880779108688939 0.5626946037833511 1.6275354344463677
4.749870067149255 0.853408042242514 0.6739160223800884 1.7775814915478518
5.244601985742124 1.1416178045861263 -0.2923590165987852 2.3422300718996922
6.016048249427255 1.211255548494911 -1.9113379061665134 2.5161688720411277
6.217572913584311 1.1774561953904341 -2.2386955453166184 2.4289017197650327
6.373206441880148 1.1226482277696543 -2.5651758395933855 2.3172680848036857
5.228348963770676 1.0610104239172187 -0.2381584826284405 2.1842502108521833
5.21351270701118 1.1542475287830416 -0.1821058527864821 2.383205784514123
4.597393786006208 0.8412549049131929 0.9799388890507298 1.7259983144813535
6.947107744184228 0.9760927836175968 -3.6356552260170263 1.9847690389307688
5.208132075777723 0.944758925049279 -0.28899267820214 1.9639400533157383
6.8346938372182535 0.9379288033250559 -3.486378002115697 1.9233982641379963
6.034123677524255 1.2059630147790341 -1.8067182494440144 2.462813974685205
6.8368969233988395 0.9511945993887764 -3.514295404041518 1.9533439246656692
6.432650447744795 1.0731483381431643 -2.8029465766356667 2.2062473173874717
5.9030924659000155 1.3068309645957366 -1.6340170397057046 2.69650139309793
5.1359151451970275 1.0609893001816133 -0.009186022656607118 2.1566302213349196
6.308736431373271 1.1308804070620153 -2.4174518349862035 2.3164898411858403
6.145360071127932 1.0853300661647463 -2.351631214139002 2.259480926996699
5.546894191934105 1.1448032895647997 -0.8962300683628132 2.3565068816067494
4.070210245050123 0.7457324871070292 2.0563889134958755 1.5350118203924077
5.509837554252755 1.110515009519956 -0.933390633055007 2.298102662415172
4.401451719078642 0.8129488198619391 1.4399553670162573 1.6825541971332763
5.29234140150089 1.0618059669275313 -0.15729105006688948 2.1265792492047506
4.892948512872296 0.9130628678679714 0.4939480181628658 1.8579219826869604
5.909000281764364 1.2228873310605888 -1.8146596081927882 2.547214196864105
5.94935603649892 1.2485927957665233 -1.5860162290642101 2.535688587121784
5.173386613347478 1.0123208933260928 -0.1479700096990151 2.090021068184351
5.37005232777544 1.1692332253501718 -0.5625565982685481 2.395351780740216
6.279087219393404 1.1803884243978608 -2.359842270487663 2.40945218029918
5.28426045271127 1.0097827131846189 -0.3394555581410725 2.0833211044497277
4.729920436782069 0.8590688129886572 0.7964143221989783 1.7649131837594059
5.214084172516353 1.176457013537609 -0.18484558750218752 2.423998411541233
6.870993787921451 0.9096261195707369 -3.563213594942975 1.8626702817500893
5.118005605745825 0.8877083945325706 0.22887892989240854 1.7802712014016084
5.927140909123245 1.2788796582074906 -1.6906194542954398 2.6224825693788683
6.738893829434773 1.0114126006286956 -3.337870187639176 2.0685205195092307
5.252939630861253 1.0832546293335616 -0.4137758920954164 2.2625923971922446
5.446272873892829 1.1551129293775764 -0.5775202103556061 2.368555239115287
5.72736002694392 1.205737746316627 -1.1109787427413291 2.453626692272065
5.273584588301086 1.1443772753479275 -0.3029750537083835 2.3489695540431383
5.366914454841513 1.163709507462195 -0.5492711976774534 2.40228463216906
5.425665505555418 1.129707010083604 -0.6668442470255307 2.3184450674681263
4.423033800777635 0.7262219700932804 1.4442114023759989 1.4924630227768507
5.379367868103403 1.178346286921856 -0.45104672639472326 2.415055791623056
5.332960756729033 1.1080202460901651 -0.28074805004823233 2.2521488322351
6.461230477500621 1.1891232503140075 -2.739619333254864 2.419270349091654
6.483515918841 1.199383231273855 -2.715105647447025 2.4499226420431235
5.8971124198741105 1.2461898339519282 -1.5415883460256568 2.5716825684328226
5.601998003181584 1.2047750616995092 -1.034610780366949 2.468225037702502
5.498594070119671 1.0963344803216075 -0.8891421565749418 2.2913979449116506
5.609174287705279 1.205223011580832 -0.9614915059196131 2.46419713387905
5.523497663532304 1.1649345921297969 -0.764249376620971 2.3866667691534675
5.076039959123225 0.9368160610119936 0.12552002884983193 1.923403702947044
6.120940577709564 1.215564704237772 -2.0689178423865067 2.5089331244153708
4.441093731819807 0.7733968166523236 1.4295039523261888 1.5842271933774519
6.033034157786995 1.28369975027768 -1.7837890645765282 2.6191372096698267
6.087345185003521 1.210026773427817 -1.8818265936380922 2.479162465519588
6.570159927730074 0.9845249249594118 -3.1786564135222526 2.0413463480807557
6.331131286034653 1.2616077846495743 -2.4128499984980127 2.558416884881759
5.550954156109594 1.2144800914917393 -0.8907390727119884 2.5140756841940535
5.4099883427995294 1.0642840468269974 -0.5340941213393802 2.1618069584086927
5.097255956994461 0.9671180902774273 0.09057744558638112 1.9837257883534192
6.344707365269768 1.1717283536311782 -2.578858610405817 2.4258804736044794
4.852247152539285 0.9627593359277667 0.5134058501317886 2.0015459458814253
6.281968026393721 1.1373454531794194 -2.309069606520729 2.3078618922608003
5.666658515946661 1.1363987839923024 -1.1534552314260533 2.3404220087506666
6.023896186066488 1.267822129460458 -1.7859051201740361 2.5777022598559403
5.60427223298895 1.0129550732364019 -0.9449032320742554 2.074701392606853
6.415765735425448 1.1586776504542637 -2.7280667282524 2.3827606844067186
5.260942703460607 1.0220307344754587 -0.21438935133922465 2.0974910185097086
5.818801514694792 1.190158895226635 -1.5158935626213623 2.45683909548147
6.647556492108517 1.0189124944944399 -3.1722322405486985 2.1252491435874354
6.1299117650082895 1.0945310795282137 -2.082516701089502 2.253275191200392
5.39995013004666 1.1378522042941699 -0.6472226862590426 2.3655750486615226
6.451412779843569 1.0505798804248643 -2.8296010208333784 2.1690185320441056
5.976591844693122 1.1630678116447124 -1.7353788534119086 2.3900596193148145
5.276174865031313 1.0714122713689003 -0.3251294159990018 2.1926754768425467
5.859559209980536 1.143750517343698 -1.6887376416982895 2.369692523844346
5.87607580299355 1.255677413706137 -1.4822104422874292 2.5774755440156176
5.658325867644379 1.165048206946804 -1.0939591207793151 2.3911481949922617
5.034822837456648 0.8342025983246304 0.25420595092376275 1.6886579841819525
5.63875199432609 1.238940008390192 -1.1162007641368221 2.548203567714702
5.524243845408442 1.0236005201328484 -0.8079326898274605 2.1058601495227376
5.113073043039816 1.0104524572440854 -0.031379103680555465 2.0911625765974455
6.299722884318215 1.2180089682211632 -2.477203146137805 2.5263660907817402
5.351448952885843 1.090701543782865 -0.5480881748812544 2.2488835619296133
5.551919868005004 1.2173163138754974 -0.9448476684532823 2.519293979042198
5.261259477146956 1.180648470684062 -0.218856988787346 2.4126585068173974
5.383007735358621 1.0649766644016894 -0.5641857888933142 2.192196206437982
5.021900031727279 0.8913506781605804 0.1717094433849382 1.8332015852439225
5.983880493775954 1.1735433533909312 -1.6202700349218258 2.389318711499392
6.062627231264605 1.1496480860637106 -1.9321442173294945 2.3681412913615643
4.85691435597579 0.8261236046780135 0.564294723982752 1.6956923343311159
6.003803246465931 1.1634837602844053 -1.8167709519304882 2.3863530153692016
5.324989677538406 1.0305961018774772 -0.3976909085472218 2.134488500477529
5.9079450854290645 1.1808187436920587 -1.6152410396579835 2.422958031932646
5.755536581434917 1.194773696398544 -1.1927006872904555 2.435745484488277
5.843855483692744 1.0966025794677094 -1.570164346947512 2.25388810036759
7.157639667216619 0.7157698872296219 -4.108531063889375 1.4541237703431251
4.884479324961298 0.9851752554615073 0.46737163197317216 2.0226769909255786
3.93957498548839 0.6077853885331859 2.35889248189103 1.253259727285674
6.175803223183484 1.2557013929865586 -1.9572451461468532 2.525825427257055
5.478921399848787 1.1143588033965857 -0.7604022746461894 2.2799800196567754
6.2376994878829635 1.221599951838172 -2.2067347783199134 2.490515551746268
6.113868357924126 1.1756126971058416 -2.1769320495795457 2.4434708688594426
5.370900900508886 1.0674260099799295 -0.5240250634547722 2.173163457015346
4.4141908999961945 0.8064616790145156 1.4536285831910765 1.6502320125382723
4.370138562439264 0.7513844430111496 1.6235937858051366 1.5320472495193265
6.715527256357504 0.9833704116296147 -3.2564405419110605 2.02880202875109
5.833673542264593 1.2179115657873822 -1.4838054799387106 2.5134015945433306
6.092417393738193 1.3265251372546318 -1.976339034637029 2.70862876921235
5.608691304551969 1.1509541988889165 -1.051125919607447 2.3840149264205466
5.529634598733358 1.194805442110839 -0.897604813107201 2.4734774427436137
6.165484519043561 1.257822030278102 -2.1238888613802223 2.573622246506879
4.468689042507663 0.8453380278057754 1.383490716203541 1.7408820828661724
6.08310910556483 1.2282788757784753 -2.095981163574316 2.547809336320107
6.320077922826044 1.1794711203994874 -2.3440979846708454 2.3872941407343444
6.297520238535005 1.0587659771091 -2.673331914673863 2.2231622378893494
5.706918136422987 1.205294251665838 -1.2975789871603376 2.479057870219604
6.137639062877289 1.1012490995837636 -2.1549545068861917 2.2805231172189964
6.885342473054996 0.892384933640417 -3.6745062391604306 1.8369692564052524
4.881327723257209 1.049240060217721 0.5229140666788952 2.1419030214482855
6.341518983927765 1.069473863146492 -2.6461461750969963 2.2234642620620573
5.677305889998831 1.2152860876587148 -1.2739386097763656 2.538754893150329
6.584293818328127 1.0719487503550569 -2.979082538058416 2.195054559501213
4.433786966494422 0.805238547671379 1.3351866625110314 1.6519326277371353
5.308855648867313 1.0698485954341235 -0.4199611659368434 2.2094616998303644
6.5697857280235015 1.1587286953165914 -2.930020337810903 2.376986934421238
5.132880649982669 0.9887306979789036 0.0070153764439578326 2.031889033956875
6.138695374153785 1.418344570076666 -2.0963571343338536 2.8854672342056227
5.229212301023921 1.0684944024443659 -0.18228186870324525 2.1927711079387895
4.563491870749683 0.8328428173201728 1.3201995239825368 1.682041590438125
5.536806913872296 1.1746562043624198 -0.8902462330668535 2.429069103002231
5.967232160315811 1.2510400257052103 -1.6903384972303823 2.553569777761319
5.122715123784344 0.9393307664502621 0.07379795528348024 1.928830007811353
6.122726460277719 1.0677653203239037 -2.187105045178397 2.233354294857668
5.032822152003876 0.8889287115371448 0.20458826675647152 1.826659283974611
6.407534927834825 1.1339030340430183 -2.5416890004741512 2.324460390778334
6.186169065880025 1.1819790125557184 -2.092550515690907 2.407206162021522
6.607063980239305 1.1099533292225174 -3.0479600500523594 2.2755760705709682
4.9833164292309275 0.9609342109761798 0.2690075067116545 1.9749917071359662
6.593432165498518 1.027636562992427 -3.171411359601114 2.135710635125754
6.3587212200146555 1.1078805502700375 -2.469127968480702 2.2613782576504446
6.721797129245074 0.9295633091088766 -3.350468207900195 1.917608395680792
6.566652709132459 1.0493901669528574 -2.941305722174886 2.1432015873924595
6.298186138976175 1.1209873234574241 -2.4843681676397487 2.3055868595630935
4.937880349997375 0.9802378210878973 0.29461581497881256 2.0022481126421035
4.77538173531933 0.852158037207847 0.5264675709153943 1.7782985286137303
4.536375291027959 0.7565308073258009 1.1897473889901344 1.5552427819495123
6.118692663746781 1.209435601854745 -2.108622673772739 2.4998796479987035
5.885564621945635 1.166021044470606 -1.4856283487209132 2.378080897124261
5.646601561770357 1.19171746128074 -1.0483883822461662 2.435243854749231
5.410203179875637 0.9914704128887321 -0.8428446324889645 2.069540562848946
6.176306205199374 1.254421803025939 -1.9669304825974143 2.530744295104707
5.587789524352981 1.102866814976379 -0.9286066940696285 2.249297624753884
6.235912543765933 1.1920777285943984 -2.1960855244836717 2.421075215132946
5.167949248402499 1.0576548300415765 -0.019380214583439664 2.17113475610692
5.250046062852498 1.1348586699686969 -0.14377007773701067 2.305966318853688
6.473233136858971 1.1558656620673984 -2.757826836125916 2.380802066301509
6.082392009953162 1.259445212023343 -1.950684068549986 2.5913368746712884
5.1120473941300695 1.1252963870579835 -0.07849238972796108 2.3185702370124353
6.3826438811899004 1.1139314621594911 -2.575253450340492 2.2969422272011903
5.879202934481299 1.0529080769411812 -1.6442444727491903 2.189789369850241
6.347255748576213 1.126410498146247 -2.5172572562730324 2.3122796521399005
4.239714269834902 0.6121262918930745 1.8396117751335308 1.2410561637501087
4.331024904145483 0.7522851806662021 1.5732117628749764 1.5638501195066028
6.249203473202536 1.1152921215033456 -2.391137747734355 2.3123932755866576
5.227327556010038 1.0339932497390578 -0.2631840799981897 2.124564180768513
5.03017752551442 0.9981746144007946 0.09631535097432976 2.06666724968235
6.205483238087769 1.22367280643299 -2.318726352387678 2.5245795752440254
6.591051795145512 1.048853066399165 -3.139832092311765 2.1540304258579828
5.449291032354911 1.05487891852559 -0.5063267631547061 2.1396280817362903
5.158857788725134 1.0408314897226087 -0.1484375812887877 2.1486138835122297
5.816913119751847 1.2045127923820325 -1.2824284090468967 2.432342452552737
5.935338553604744 1.2224907881363518 -1.636629760569424 2.4970516025791483
4.6699532797343135 0.8893694799296296 0.8840241519194232 1.843594896114415
5.727222127491485 1.288775136624358 -1.1326637575393737 2.609382026289854
5.454798706024829 0.9773809283641205 -0.7854100101739021 2.022014540735438
6.775482179357201 1.1421343696126691 -3.1911716509325423 2.3133099042099623
6.920880151454537 0.823722678027189 -3.786801598594356 1.6967649083554646
4.772289898129883 0.9402163998539436 0.5405920218496616 1.959259611428451
4.725193890423784 0.8969680572188354 0.7712329682733557 1.8549238776607697
6.372507917790659 1.1656874862682036 -2.452633629538552 2.375000258828255
6.032393067709007 1.1956685151425301 -1.9558002366479137 2.460998034033297
5.8718867010548275 1.1268978819583286 -1.5929765835874694 2.320730419066092
5.627073354836178 1.1145179472884164 -0.7906960615148354 2.232270892991753
6.446962606938662 1.1268285955391484 -2.6636048999654687 2.3322202316281295
4.288292604455144 0.725894690518245 1.643634913199846 1.4990932457583088
6.67939055315685 0.9874156245321288 -3.3639032597515834 2.051690198092195
6.167757726162419 1.257272375403785 -1.91655116782468 2.552334433598327
4.837191233815005 1.0210677057193573 0.6109288155606689 2.0928526102299307
4.823928696214277 0.9289343212706042 0.6378137659281198 1.9187416710945808
6.656267356614064 1.057183100035202 -3.2270903341679578 2.182471592676112
5.921750425243755 1.2217563942623448 -1.6747796458030755 2.5065690392580002
5.78587932342054 1.096310659956509 -1.4277110951592786 2.2697118425934883
5.055839326481788 0.9621396653557114 0.11392736387996427 1.965079837098668
5.755390811322931 1.2113562398936766 -1.4104406268999767 2.4949819440985292
5.439461401247385 1.1861476735717127 -0.6329321327343915 2.423860746268489
6.665221067354202 1.0312609723843993 -3.1526559891760533 2.1089939266671816
5.457148377960367 1.1395154217545787 -0.7139142583145751 2.3394570095102507
4.693561894839759 0.8460941560404849 0.7828679232862061 1.765069751026883
4.979006683109191 0.8337513827033546 0.3557029763674151 1.7188028930650658
5.366157394572277 0.9372498653268343 -0.45063302861145366 1.9078729211937746
5.236265621688743 0.970228545180986 -0.2113329732072895 1.9692635804489784
5.980470835371456 1.210959989957004 -1.8178431917971318 2.513626891151233
6.345275422318878 1.1761495168933682 -2.3337859377441736 2.3898044058107937
4.8473592128819565 0.9948293882404926 0.6289491698472633 2.031665939675623
5.720378539991149 1.191916042675223 -1.2169070976542498 2.467256877955475
5.0874305236825155 0.9006549028347798 0.15946337342440225 1.8297292234697897
6.242812326157189 1.1853341711718226 -2.3807423648908506 2.448535935217971
5.988578193998315 1.2112983618030946 -1.7404676714453675 2.455904407288253
4.601240856717553 0.7572916965276829 1.1002835230317651 1.5429274147940446
6.8258169590276925 0.96287508909934 -3.5461215666827632 1.9766823793625847
6.010619002572328 1.2148369044012257 -1.838318620372366 2.485142690272845
6.205018620315335 1.1949922455907713 -2.088282076577048 2.427031595301448
6.330490665821682 1.188231597114143 -2.498610802406845 2.449822967913767
6.126349333174403 1.132510536314428 -2.0724971587669088 2.329970628196486
4.483886847592012 0.7194798671484403 1.3338489514076635 1.488623510639492
5.422715261267562 1.099909834846753 -0.4972561856279687 2.238726171936173
5.849532871269535 1.15677828606279 -1.5257673759220842 2.382251619522333
5.516490344353526 1.2340968775128782 -0.660300765085456 2.5191411064085982
5.742759474279346 1.2848200373305863 -1.270518478254389 2.625322593005412
5.140176909146604 0.9853888548603619 -0.11461398437370238 2.0475876035180787
6.229030516730495 1.1569367682618872 -2.385077325762351 2.4010198787726593
5.293774275820788 1.3485606289167165 -0.2869954593152525 2.7698981289099565
6.544236552659067 1.0540090419945864 -3.1040255968014527 2.1790809823766533
5.071773070847382 1.0243731899295874 0.24941208179936158 2.0598380803243876
5.470890456078932 1.0916894909488435 -0.7748166795087352 2.2488177952526294
5.726103733152819 1.1984062646151858 -1.289881557883866 2.4667737744083165
5.192563420942587 1.1515689074461521 -0.19781109964585977 2.3885138158215486
4.758466587793485 0.7985260506133741 0.7001749364825854 1.6457132207231562
5.37272698670873 1.0709463981375074 -0.41057162559843174 2.1960686971456163
5.002250350381127 0.8879936207211108 0.27632986819951433 1.8264756869024048
5.2005184321399405 1.0571420808935867 -0.22221418975020402 2.177533100721514
6.330352723640208 1.20732226371141 -2.49833573963151 2.4881623271932667
6.130007393216986 1.2109366144702902 -2.257147723437254 2.5375006092870023
6.05426091329611 1.2389600828401603 -1.8720995668166014 2.538363071061469
5.568371026441163 1.1719028485200707 -0.8912232915581019 2.4073523718049645
6.083967825264156 1.1847931864222367 -2.045217673015376 2.4546290787338134
5.963226978828546 1.121935962473582 -1.7321074549660098 2.3195742401661876
5.625694104708375 1.122154404569094 -1.1278968706112003 2.327660379112155
5.350953573128283 1.064370831149911 -0.5719485642851991 2.1928065501886254
6.055435771638044 1.2058988928622727 -1.9805645721200722 2.5057780284118985
5.489387167295246 1.2018032486594403 -0.7824519536878924 2.4852696807264385
6.554373990996243 1.0370257846200968 -3.05384156252191 2.1432119101897804
6.4449210236542225 1.1532967033628045 -2.5485484809075656 2.3404257990249486
5.642585296042559 1.1674173595778201 -1.0119879566540733 2.3767067369793407
5.9625981727515125 1.157533074449091 -1.8385144618577445 2.382656344065485
6.481851282968117 1.1178189438782096 -2.6765134122509533 2.284949720483567
5.434538739163057 1.0860789561507063 -0.6570937878292907 2.2308583266875734
6.137895120529311 1.1639223107959613 -2.039791582769012 2.374554358109936
5.102569435890189 0.8803396269582702 -0.09082114375598997 1.8122418976024481
6.7162973525681515 1.0722084561341805 -3.092541935890085 2.169256411912507
6.360243448048099 1.0920028618990536 -2.627995764851705 2.261080612216152
6.6020541306646905 1.0123367023019056 -3.1559483348291826 2.0897532130053103
6.45052965591565 1.1164244488000705 -2.677976549091124 2.2880867314170374
4.875429836298371 0.8693285332908987 0.3424890664082768 1.7957164014356144
6.039508298247119 1.216147446172718 -1.9120144391379852 2.524948546344806
5.928779042862751 1.1951071253899446 -1.6940378131751235 2.4840184802751435
7.002219369340047 0.8226565011684177 -3.8298060903547846 1.685909575494309
5.356982665343287 0.9986595617185087 -0.44527978337438656 2.037687067295489
5.178472974871013 1.0333205189719894 -0.08756734842700598 2.1176771939707297
5.220409849191246 1.039268687436395 -0.40691561221983075 2.18521932159811
4.844650588539443 0.8210408597886233 0.5344633392294494 1.6897019373846578
6.357960664055961 1.138388632118941 -2.46694427873262 2.3432756577107736
4.653411891574532 0.8885666656560225 0.9564581144046815 1.8260898801385823
6.483298184553002 1.145749261914378 -2.7940810227078154 2.3521729759799923
5.07323746229558 1.1000218316885166 0.1435761984024656 2.238537113154756
4.799132347669641 0.9774697306118293 0.6626132727863147 2.0031260782049722
5.587306373682811 1.0394026128701992 -1.1046367359739027 2.1740109592564147
5.043823134552744 1.081130178227738 0.0911981739789535 2.233799922155648
4.427843105057699 0.7570862732860564 1.4102045512514416 1.5469245557717237
5.36094309117586 1.2199523500116642 -0.44213110739520284 2.4891885630592157
4.682665558655038 0.9695577624571937 0.9213677105120897 1.979957899312219
4.518526430713135 0.8609922994166296 1.303829525138824 1.7570623941686883
6.1109433592387035 1.1893574543464176 -1.9927222689217508 2.4328959330662205
4.701807861691806 0.8802030040177196 0.6234547187215126 1.841143578177336
6.119021578073197 1.0933681876511192 -2.1873658691250912 2.2796565880740953
6.599550220149506 1.0057537146033948 -3.2137367267853945 2.100869325825224
5.626327042298591 1.1948713478375572 -0.8924383477076545 2.4303841741131875
5.662361840728698 1.205565529781757 -1.0648346658298071 2.467390484380151
4.787084493476674 0.905322997957486 0.5862566765926045 1.8776082888312118
6.695218214725806 0.9771287587449718 -3.3315305061770406 2.0172477327171108
5.3844377672485715 1.0978870430116008 -0.6491192971777864 2.3052345087759027
5.681207409260921 1.1534966686030337 -1.267442599546351 2.4059327476351973
4.8121557528210115 0.9272166056253063 0.5445319720739559 1.92216224734395
6.435940370822395 1.1172740996869557 -2.694793666529348 2.2843974905920463
6.443115894650339 1.1136984454756556 -2.7905537209694833 2.3020879759087607
4.183022060760329 0.6733427490429168 1.800261093368797 1.4016031464227747
5.495354978644688 1.1950207296371484 -0.6665983546010976 2.426400909666755
4.295564179694667 0.6991606753313971 1.6164561431837219 1.4377404584082085
6.061356537170376 1.1774620384235612 -1.8236612862801898 2.4037394943472443
4.683463910954398 0.7875441414816788 0.811871773580781 1.6356883445050439
5.035794744511774 0.9402420648326552 0.3393013748832612 1.899264427248008
6.067552302075056 1.224886285468441 -1.969424289062604 2.525455075642669
4.8860414364534215 0.9480465491231623 0.4568768131334607 1.9542793073909859
6.289646477427923 1.2154452115583685 -2.2046363675700396 2.4436883490993093
6.724865042002977 1.0234860643829562 -3.3245899490227244 2.10191471980405
6.112239602004924 1.1457637526112026 -2.138458721531353 2.3613424974851234
5.286612556936106 1.160522879990591 -0.3349354729468404 2.391994137034253
5.497374130315927 1.0187551347268216 -0.7441888133343202 2.0875776641658903
6.296075110196219 1.1992718273535308 -2.4712075313979662 2.4641069928111556
4.923198544577675 0.8722502746047316 0.4077285227298192 1.7832699285436808
4.795191953291399 0.9708868949433334 0.6539607396896511 1.9919810781664746
5.842356621892037 1.2737403765393402 -1.3642869688997035 2.598939408918752
7.0635911487265135 0.7609278332577183 -3.957736674613706 1.5440950067321206
4.596210407935734 0.8514952704748563 0.9959791581708577 1.7720315937215299
5.08077309676245 0.9975494275071564 -0.03492984390336058 2.079510471828084
5.296369711633432 1.1296888808952108 -0.3117795238705058 2.3058801117586913
6.35826071522984 1.1108720534710026 -2.7421695015828798 2.3079392089005704
5.019768425384861 0.9213031080915262 0.2193559635754836 1.886328843805353
6.518888152359149 1.030393950673895 -2.793450005309905 2.1046672869136818
6.524368981081539 1.0265083683883325 -3.0521416336624547 2.1298124519667954
5.395997242661501 1.005058794701971 -0.4829361480802579 2.0421136933280537
6.166335045718723 1.2133762371746393 -2.1075429638296055 2.482996258774127
5.838592555554113 1.2116031390871325 -1.5315997839174078 2.5292524546862123
5.1865953550550845 1.1035125332266538 0.01374686454530366 2.2183211145803017
4.711918615372557 0.8494733895221109 0.8863210237994519 1.7386386352841898
5.917191642395271 1.209014706124049 -1.6763684382756556 2.4815533395458824
5.379328009530564 1.089374958786088 -0.6205045704982638 2.2581491482181835
5.968408819885066 1.151953892775233 -1.712454357537979 2.342803524067853
5.715162087138929 1.18917974784828 -1.2028548015633196 2.4446225049007095
6.0754031992837 1.1628505832617464 -2.062818910374766 2.425971081709511
4.414171308351888 0.7378757768370159 1.4475507655533906 1.509249136160737
4.806416564091087 0.7461622200945399 0.6850212069903352 1.5266224708981768
5.839874531138376 1.1311791190662952 -1.5505060895825884 2.3248599677281825
5.476659187394373 1.179297643866441 -0.6807326045655875 2.4017093138595693
4.491385938942223 0.7071475284767204 1.2819846530046437 1.459676145951316
5.749584090619666 1.1967217631586349 -1.1268924204771822 2.4151844539313716
4.744070928263378 0.9662141729344723 0.7126109691067047 1.9957422110640803
6.226485712204954 1.1959896515928816 -2.313433380043921 2.447767871376431
6.205077026184213 1.1849091207194078 -2.3699020656642307 2.453706361581691
6.005604053866717 1.1744752414555732 -1.9003132582162394 2.4435050806707657
6.560130949929028 1.0865560083819747 -2.9470011500360274 2.2303535170255424
6.099069121926375 1.2935545172309122 -1.9325859177013311 2.614170059004028
5.775940335616178 1.2078630142210267 -1.3334919012502364 2.4664833045713572
5.998575702545805 1.2228791986005332 -1.6522093791823615 2.4773989621362755
6.109138637156871 1.125231959795543 -2.1162544097380493 2.3182724904937286
6.884598686542516 0.9132500586103853 -3.627660941180251 1.861233183524136
5.655264359993155 1.1883906884057167 -1.3110705795176256 2.473378565663951
4.330392032072874 0.704149566579269 1.5850403656706207 1.4472738564734726
5.57586806084675 1.1154858169469197 -0.8017263732268762 2.2693024370435553
