4.5213675030898335 0.3877180947785482 1.2139777136104675 0.8042649321033289
4.080082733994793 0.31319971009059655 2.110080567123396 0.637495729690272
4.733540083219764 0.3965522442988431 0.7760117221431875 0.8178427574572218
5.025535575538035 0.4641699746555444 0.20117533077040106 0.9568830179376401
4.1450085460201604 0.3659418474584819 1.970866400564881 0.7536254156123802
4.363030768982563 0.345452831880719 1.5933260259642568 0.694488335021785
3.9626528810069024 0.2928873527525946 2.365786816614502 0.599991218700114
3.6509274645385643 0.25583534010771797 3.061079885914734 0.5294440087092424
4.359756920811189 0.3439794805911546 1.5522695581562984 0.7054936961527501
3.797152677778965 0.27215037426588284 2.6814617113038577 0.5585816419651073
3.841163368007525 0.26035279474037243 2.6461139067113266 0.5354260105122969
3.804100478984389 0.2737355093304242 2.7043384904218373 0.5655973083921716
4.022976572015083 0.3528083748552597 2.2774082517164977 0.7264111317068641
3.9239993922071212 0.3071503575102631 2.4724000602076255 0.62604127707856
4.171334296502613 0.35375728001738843 1.927758382197742 0.7320346543778201
4.093234368224515 0.3251373857261552 2.1289158694035466 0.6745770628288945
4.084525230216524 0.3106350327449399 2.101700541868057 0.6384458008728857
4.271460828063523 0.3801525480927715 1.7051516213080742 0.7885219595131423
3.92243590855628 0.2964944879264698 2.484678442534471 0.6077571046058086
4.246988711390944 0.348661700199948 1.8632416043540134 0.7102951880370098
3.9191026319934017 0.3170352587719527 2.518712490014484 0.6445409825337055
3.9736907864623454 0.24658817961703963 2.307528901090044 0.5112828147991343
4.068573453488083 0.31955566142018094 2.1167067808975006 0.6537620002616699
4.012872761288348 0.3197260150225846 2.2888872580250013 0.6589040653784002
4.226346930918018 0.31778181655785837 1.7647233456768177 0.6554189363576852
4.165513085010216 0.3775730339682936 1.971562561462329 0.7687628624776927
3.811182061187051 0.2641227311017088 2.667788188484045 0.5497034839519291
4.176432410841498 0.3307480950781191 1.9472137281102295 0.6732397894672423
4.139990830141253 0.3120847459875755 1.9742644355569374 0.6384499473763124
4.075429576656866 0.3043974323927934 2.0657721652118797 0.623342884145171
4.250280458765914 0.3444544267319527 1.788752398848102 0.7047794107973289
3.744329972422009 0.2338952074839014 2.880883388059708 0.4743912721253691
3.8024846056556383 0.3133072240787967 2.7146932876007916 0.6346439472850656
4.190607044557414 0.3535468087975598 1.9427761734338618 0.7155244178058761
4.04974811954816 0.2904298368748126 2.190819087947494 0.5932962526435362
4.4869623536990755 0.34149421331066715 1.2423174830120751 0.7045290111895591
4.006195098140784 0.3386198584309907 2.2910456020208354 0.6957336361552463
4.191154439218331 0.3913312045065834 1.9117738765073344 0.8076997881652517
4.227274674272799 0.2865328541279469 1.7851693389024919 0.5974253122491949
3.999817435891257 0.2911584504365153 2.305730623483732 0.5917315420997563
4.000745401194582 0.34835276124497583 2.293180443896026 0.7218881694478735
3.922658321259 0.3613305965110004 2.475218210482037 0.723249289723395
3.926614932201463 0.2585618907920297 2.3872805538578885 0.5376215074297862
4.462143117341809 0.36532710049247474 1.382042794495898 0.7351622552732122
3.8761257448501114 0.29283302304177233 2.5405570550895007 0.6052978190912879
4.2456227365574 0.42486769796937607 1.842293131513045 0.8717785218517102
3.96443792283492 0.2869465289171651 2.3558720124378825 0.5874552755010176
4.295723983541379 0.3898435956314592 1.7744618544123059 0.790234919624936
4.36038024249423 0.31787892911538396 1.5431106793645295 0.6559617116152746
4.191362637175515 0.38679655291539133 1.9206956771684607 0.8009303855738878
4.196850778775544 0.41243236371224956 1.843735036255182 0.8474082328538293
4.09165642784458 0.3304095013890887 2.11226626838764 0.6817643295212481
4.3837254455587455 0.3233613562471675 1.5144516947218034 0.6553913504577755
3.9219503795078072 0.31176119500460636 2.457279752527211 0.6400641423744392
4.01594015074874 0.2557947456834987 2.2537263596115116 0.5112752055537898
3.572250772545442 0.23170101330228904 3.20722691124167 0.4684175889291511
3.9372790264150517 0.3231609329308396 2.4114391231450663 0.6660667572467155
3.8738047650592975 0.30802815768864983 2.5812623299133453 0.6346819313693599
4.540858842198059 0.3884622698697619 1.2344624062528573 0.7967648259323632
4.079644616330073 0.35649027654099136 2.169452031306129 0.7256631995063211
4.33848587539495 0.3400145729493637 1.6438071766191766 0.6968124970664351
3.904576037830224 0.2670686765000663 2.5462330009230065 0.5466449686475997
3.9928953096737985 0.29812510489472904 2.3369606400985443 0.6128190733582759
4.495244981033949 0.40058873069045436 1.2528966368242314 0.8176982153609599
3.960002750190047 0.31290998108927465 2.371470721649624 0.6429789865021313
4.080640655464094 0.34631249142868953 2.1608973989090767 0.7127103036108838
4.201919684499249 0.3563691365863164 1.9244877561153002 0.7253146312180542
3.7727262551371887 0.25364787496676466 2.726061569953643 0.5268547975900933
4.056739348494215 0.31054860298415543 2.1728950800880655 0.6399512115748467
3.9714020410614923 0.30584727364722436 2.3261434663052825 0.6266570462334873
3.970623884983767 0.27693884626598064 2.365778453146225 0.565090247208139
3.733035448323508 0.27866750601840223 2.8741433491343398 0.5647866199234832
4.004937113446355 0.319687918994071 2.3062065303057038 0.6556675362899359
4.560735889405389 0.37982052432463204 1.1107496887075903 0.7826675765753568
3.9642042127632324 0.27954081309630646 2.3694787229330494 0.5734729328403518
4.284434097145137 0.2499898269269582 1.7098851953588023 0.5204767225700629
4.064641159724061 0.3287139678811008 2.1712215089692615 0.6587336300931257
4.239319188145248 0.35206970902354856 1.7224044217602614 0.734885600556848
3.740579420625246 0.24210670277874985 2.8508602182125173 0.4942150319027443
3.9182170540000874 0.2963308417149136 2.45391138111133 0.6078198773490353
4.128167837537736 0.3388491049741388 2.0141628674803673 0.6843937431036302
4.223091673802049 0.37038579097771246 1.8438010228841786 0.7638281991047113
4.216136370639466 0.3472634855104696 1.8451896699806567 0.7114599750251909
4.441083525028716 0.35418943810405124 1.3854630728054076 0.7346111988315117
4.341442458019811 0.40515899787780757 1.5866248651856543 0.8364366053538015
4.495396802531239 0.46344002701514775 1.2373722084232721 0.9540865329773981
3.646449207958805 0.23220443818938408 3.053462541742033 0.47731780755481923
4.238050149450196 0.43313021656727646 1.8212428709347976 0.8976401078445818
3.886665972463533 0.3191361732364276 2.5230308307366287 0.6627690220921982
4.345897024158008 0.3336715313195177 1.5929789402258343 0.6818282340760381
4.078675211204894 0.29083834427698096 2.1334486212807797 0.6021309104326897
3.979958536398981 0.320703210609946 2.33377187352462 0.6593697624135723
3.8964199682835075 0.22179700460581303 2.5416885076787694 0.4554963052636928
4.498913096415848 0.28957923862112883 1.3123907263193302 0.5936150086753478
4.0109405578912405 0.32165178911924025 2.301476582300495 0.6529511360629545
4.229854283571775 0.351614708224819 1.8706001128745118 0.7223266567431239
4.081991727882633 0.31947999999464854 2.1500750846110463 0.650442011261208
4.162165228116885 0.30267551439162577 1.9403220046036525 0.6276023874399735
4.178165822046001 0.345013419647482 1.9588128692374756 0.7123832679579115
4.102495553070579 0.3112927667066715 2.0603645898868486 0.6380777535383139
4.068556778265851 0.30309673508823504 2.1588370527192984 0.6296091573852676
4.262481073190679 0.3356655116118952 1.7466774861216947 0.694757411362206
3.8951796989103493 0.25262585653025316 2.5580468443685884 0.5146432285362251
4.243108269420592 0.3506234430929985 1.7964156077216438 0.7114597683585863
4.010127041905259 0.3028801957332305 2.2728888269233467 0.6244777234942952
4.103693431217479 0.30046810762234005 2.0782737131779685 0.6192139171080835
4.25618102147393 0.3200271866344072 1.7407478524763886 0.662640677698825
4.353000816004736 0.3425668051385082 1.5411517225582454 0.7041670599361339
3.9953991349061004 0.28965420928343316 2.3147710815568283 0.5958267793221678
3.9017032860458056 0.2984283250202885 2.497077503065241 0.6091426470529697
4.348466231605206 0.3288089425559345 1.5765894312853241 0.6857959155621172
4.080900631751642 0.3112230557704995 2.1152313029365963 0.6328811935231098
4.118296222861323 0.31994953855756736 1.9801389121643096 0.6576582287158209
4.288085610557658 0.3132068442030295 1.7050538606317664 0.6434903944091785
4.285387048783816 0.31996615072923973 1.71814417587749 0.6560735650327435
3.8859456299373965 0.27610493870710956 2.533410118370636 0.5619065464152317
4.057336382152139 0.3003700768570571 2.205673737444696 0.6244093648187771
3.984809023272112 0.3112137623565668 2.2949970967290803 0.6406935667972276
4.274021800073454 0.379328287240387 1.7516678436390019 0.7809515501210509
4.247547001820212 0.3520788749903802 1.856625556112618 0.7174091852736808
3.8455733160056758 0.2864564359813324 2.599248830644557 0.5843024296199314
4.127978531783757 0.33952072886056206 2.0386200973780593 0.7004666761295948
4.1961226474434135 0.3391895787313829 1.972606037905937 0.6931632048513464
4.124726656582023 0.33413559064469334 2.042095932818923 0.6857304158288389
4.080597396900835 0.30387551782899097 2.1282286688594607 0.6265602692829103
4.061849087748812 0.35256180337904536 2.1496269475639314 0.7297042579924842
4.161380052807443 0.322150429819644 1.995181809582352 0.6561047241020591
4.377179567836549 0.25841240571357077 1.502317376660411 0.5257855261924615
4.334754139501614 0.3600315182335229 1.618451381340647 0.7399592405138414
4.1768143758839935 0.3265218696588075 1.8685105714728083 0.6772828114259888
4.248711727349686 0.31700333930527663 1.801207099368872 0.6495095581323042
4.274982631782759 0.360868919752674 1.7152549506523185 0.751676055293819
3.6781588793165785 0.2922454874083207 2.9698511064524498 0.6054166775558514
3.747682232155716 0.26822571378003307 2.8324521505064078 0.5530484509642604
4.2801883277621044 0.3769658193008029 1.698884305198297 0.776149953319606
3.9586497073167513 0.2662186220391234 2.4030990207478027 0.5458829355884801
3.9364690733395618 0.287532826376195 2.413291627903208 0.5910657770312773
4.353874627001795 0.29325415324697174 1.5235708575435387 0.605527808646586
4.345120112906667 0.3731215407404145 1.6218994078275986 0.7610725704708062
4.049446780555547 0.3114698311288977 2.158574778790734 0.6369569824584642
4.042841278871526 0.30305460517922833 2.212168137503625 0.6209820834531561
4.1346315074263 0.33131860566611326 2.0031906213727986 0.6841526974718398
3.9838370932162768 0.3315782861842067 2.319322678544546 0.6868720674427528
3.6276435444351858 0.2609483489044779 3.0361969714491712 0.5353533529099895
4.09996975459698 0.3572503665809807 2.120129923642046 0.7336722007383926
4.255842779684944 0.4070925152742302 1.7356261546199503 0.8378627342014119
3.7852153022696995 0.2955864277436123 2.7339678890195698 0.6048580033547551
3.9868646854677166 0.3275652682492012 2.29078438667426 0.6701522978952497
4.132075088857065 0.3375776682128498 1.9813716704730975 0.6987877402376418
4.3993453059604235 0.3458860502956147 1.4790354548993125 0.7136359563622324
4.22450508744085 0.351151615066126 1.8366191849526041 0.7121690151140035
3.955284443657832 0.2611925305295677 2.3852599170461577 0.5312876909278363
3.954338944024685 0.2192096806560279 2.3080273393643305 0.4569417423501157
3.7444288452793186 0.29309720699983516 2.839124000590425 0.6099171981914221
4.4810499625312605 0.35879037647007656 1.2929288087746182 0.7388587911013723
3.9043279552428523 0.24388213551303398 2.4933581637472484 0.5021641688624867
3.899708236443172 0.31705212435665414 2.4822001272905947 0.6468168075229719
4.198797433793132 0.28636159261992955 1.889023173303105 0.5866037249945847
3.9652633467477765 0.2866212319150623 2.4317240204361035 0.58615055615022
4.319822053773844 0.3654999144624946 1.5949522129360998 0.7629333154476935
4.447204746440987 0.37716626208451104 1.40700577923325 0.7773045662701951
3.838885858504775 0.27825206575107064 2.605948831429732 0.5750868721707642
4.252686148561329 0.3999915842109374 1.8151123185229023 0.8197814783916214
4.488672633033028 0.3684852770302932 1.290211009943452 0.7481274510959057
4.11412361403946 0.30522804225756056 2.087653455197337 0.6211009151092587
4.071635411211743 0.27975059286464127 2.1253863053188162 0.5768154179510244
3.9067222164824003 0.3048140687731002 2.5722276388296117 0.6244843705773376
4.271380940969659 0.39069574934079737 1.7437865485633968 0.8048509441663796
4.336247926015643 0.3150422692953182 1.5772841640904645 0.6487844006818562
4.005038576024563 0.2936663722057624 2.3710255586036624 0.5993783382663416
3.8770192865924606 0.27779674216490224 2.546289041331226 0.5779265578157983
4.550492598124612 0.4396503766148334 1.1791867441641333 0.894571835627856
4.197421077667177 0.3509885842409749 1.885885566242242 0.7210978410653229
4.114943599199602 0.31129723067354215 2.10693453595961 0.6354189597308675
3.8170258752876585 0.22789353702797996 2.661891126116283 0.4732197617720959
4.340670878775647 0.4090442411187431 1.551529484599435 0.8473087846987579
3.939779424462774 0.2931855919927707 2.4352703377842873 0.5970192482730061
4.246521013817829 0.3616174635732791 1.7746567878505615 0.7407885030977386
4.3628180686939775 0.37251043310793636 1.5333003062019823 0.7705619897535919
3.994688606145882 0.29919124655405865 2.2932226045570188 0.6160596383675312
4.295587580537076 0.37997043661223706 1.7171736173739647 0.7747365076273357
4.475265603058004 0.3193369944279621 1.3540981096595004 0.6536230416018866
4.222277870291425 0.3135609174296129 1.8925590062221223 0.6379636485474498
4.113854965575767 0.3450603794343054 2.051574424202128 0.7177201342925835
3.8300051968007023 0.2772826748442017 2.6987932291872436 0.5636906108564833
4.051604173734248 0.27973568334733245 2.1968329112282943 0.5712238067118961
4.0815324427145345 0.34614551172064184 2.170344851035627 0.7035436384554038
4.231000709454614 0.3863404537479766 1.8533534748722928 0.7910708211574855
4.279577688215692 0.3061165137839174 1.6785979128488544 0.6319307742362884
3.8484000807440584 0.2923933919144181 2.644560812080996 0.5939856392768642
4.3420035072711265 0.27047451245956305 1.6074781613814886 0.5503354210920943
3.899576217728815 0.2743006219648176 2.510589663580002 0.5677976889491475
4.384549062044338 0.4265439014946172 1.5808144187895894 0.8794547086023873
4.228351986471708 0.3428293932210021 1.8377723084152207 0.7049037597007686
3.694631579451503 0.28324829422158504 2.9187078629558476 0.5886564000101718
4.095081856545809 0.3353640460545647 2.0613689979846592 0.6850706829343679
4.502483273816227 0.37553788592273474 1.2456684194268064 0.77110625216329
4.069161005957767 0.35527081902716934 2.1470964423389263 0.7334668828623873
3.750683100243804 0.27156150559464354 2.832144134614081 0.558479237197982
3.94584573220883 0.34675481733153685 2.4602237889524767 0.7067748052166392
3.9999048537375606 0.3062609473857975 2.3151891677429868 0.6273866546997289
4.048111516058064 0.30322548365196217 2.1557617149822033 0.6275564985093466
4.27318295168726 0.319642587543332 1.7193342687242112 0.6554011977746755
4.716974056987667 0.4459101809236111 0.812144318640222 0.9181591708436025
3.9554097855745667 0.2961077693750656 2.437060787898143 0.6060075377270986
4.18460762621382 0.26802978946634687 1.8517937616713631 0.552939545975739
3.846690894002428 0.2617041537656897 2.590081979458624 0.5422682914619062
4.001692184734004 0.2845116838694751 2.3008789917731045 0.5818830591796977
3.66784202707816 0.2809658718967407 3.0035250541292813 0.5820571261087415
4.041746003530152 0.293245689906468 2.2440121294356103 0.5976897753132435
4.0870538624610955 0.33984192789300843 2.1377410736654077 0.6917971386259065
3.9420338697161643 0.29706959967058993 2.3726364465672507 0.610882511734993
3.939355280469868 0.32452292413177386 2.4233178636759933 0.6731221650825673
4.0533546918066765 0.34692165348125037 2.1569480467390267 0.7203329427019906
4.415573014903028 0.3859164843343018 1.4280013586651807 0.7872202649458776
4.164701379993386 0.29731684198987646 1.9575107091878836 0.6156225527182533
3.7841140091547887 0.28105741213911095 2.7303606332080106 0.5796144071143111
4.354797609072451 0.3981224071010771 1.5990778703144612 0.8178971357344831
4.299883023204179 0.3009748701973612 1.6617051426035585 0.6165681438242675
4.042027105585756 0.29357487456218667 2.223972871777814 0.6022276575169568
3.8553522692724562 0.2568606941994104 2.582483449225617 0.5279655613764404
4.114389107508181 0.2986098999301965 2.0901064422489624 0.6113820276912559
3.934338669811329 0.3087528683031343 2.400475603759623 0.628912628957244
3.9931787668481906 0.2802451521510079 2.297059217757904 0.5744439752578123
3.9915797995567197 0.29650411795069637 2.3109229204112993 0.6148311508526393
4.012734126881495 0.31421258944730085 2.27867670471972 0.638277829015366
4.089526123796835 0.2954675372509004 2.1345997130588277 0.6108710770351469
4.046511461290795 0.3600204085624473 2.212362907763546 0.7448387568397261
3.9292529819670685 0.30843283687002804 2.405666540078595 0.6298187230111647
3.7266369704710423 0.2416419869185902 2.8694447223057633 0.4937845811469859
4.212078945808599 0.3561615964606409 1.8593608325827102 0.720485128939784
4.14492850298301 0.34467832658655206 1.9455315398274742 0.7060656121800857
4.465905764913776 0.3717943172101411 1.334830860507581 0.7619758351145267
3.893671445647043 0.29306149826733036 2.564489517667754 0.5906944850360941
4.37707002568612 0.3687271983186272 1.5160707437838128 0.7515572977833225
3.9292246563510833 0.3456651034699743 2.44471379215222 0.6987795126940332
3.9354573123039165 0.3125375573424489 2.464879692971806 0.6458184793464312
4.191500725487446 0.37083410465507877 1.9116303637766987 0.7581616328809214
3.9729967815827125 0.27282203126307975 2.337321620056369 0.5636181258040827
3.941110148048014 0.3137600077462441 2.4284714640451646 0.6431216121245017
4.346257929536116 0.3708038312297794 1.5720190885778198 0.7601406848358969
3.7658591116574494 0.2555974936984868 2.741099493473416 0.5289992823700158
4.47134565186958 0.3618994304967048 1.3185913088683288 0.7491479765473346
3.997012259117736 0.37700904717097844 2.2522080239428464 0.7794614360763044
4.405999230499303 0.3469044288534469 1.476291819434911 0.7186113722650822
3.930166489655754 0.2807735905812101 2.4134262553764874 0.5748638338416238
4.161277430520981 0.3099458940622791 1.999543686154177 0.634487120653314
4.13871366991046 0.3447092273921518 2.0345085898758146 0.710931598452934
3.9404721782114027 0.337073735968327 2.3882859552980045 0.69168232055883
4.175734032907379 0.3243453636729006 1.9267633407792037 0.6678734553849545
4.131072800074076 0.3089040510014345 2.089767960345866 0.6211936393088883
4.338624206325151 0.3249363393528007 1.583250773175933 0.6606173769728623
4.3130238210403355 0.3050994405695495 1.6271738403478628 0.6238063105810433
4.337793775475026 0.34087164872226183 1.5533825012429572 0.7023433447361269
4.117155711692473 0.3088516140995406 2.083675466492031 0.628941962213456
4.143064149616805 0.3036677178700007 1.9898729032307059 0.6314000706019482
4.570475130860707 0.3887980809982444 1.1606245964360467 0.7936206135309738
3.8986336622323225 0.27859811907177917 2.4994074565505775 0.5776406182304558
4.660983190627135 0.43239055824502187 0.911911659409179 0.8860584529801404
4.189842646042708 0.3490419826579642 1.8891233501695464 0.7122963035911885
4.130671559672361 0.2961269787199789 2.0139666966763423 0.6072136145888264
4.00635936381019 0.29507878139984434 2.279065139251485 0.6010054367044483
4.3021204884001785 0.3474548591177168 1.7317525319855338 0.7052030518467055
3.8831379420123087 0.31658069141756173 2.5693249118412105 0.6501798355227235
4.061855220693617 0.27287942378894275 2.1746397393510826 0.5633815439786501
3.9715662154587106 0.3076631200373364 2.3464818990025735 0.6338917981948651
4.0370236634529 0.36733838426277565 2.2215348191783773 0.74140240902127
4.191455659189594 0.30208190700758597 1.920342154977233 0.6194240980274694
4.055659486863874 0.33979451162382585 2.165789138641821 0.6964283879679413
4.144929252449748 0.2978961838994803 1.986920407631297 0.6049182110043781
4.056040065241705 0.32502741476936986 2.1687218268375057 0.666845747333155
4.013409070423172 0.3296311937573233 2.254585461587393 0.6730651297030457
4.01205313678744 0.33912045381355943 2.2643510353412135 0.6974524514445705
3.963272409092082 0.32534795454812504 2.3889036152641903 0.6520341841625936
4.174653742098236 0.3221638647310171 1.9852423679483988 0.6627864520531052
4.054920441137737 0.3055232780151018 2.1853356972336666 0.6193188728777889
3.706464227480558 0.2845301329270205 2.943920824678198 0.5774720002207293
4.768684261316345 0.4483694594615108 0.7456005526235799 0.9153128266870547
3.9372870681656154 0.2947754914610822 2.420109565393547 0.599267798974922
4.546068511220753 0.41959149485957953 1.1633203662941898 0.865873703542061
4.2574898162319625 0.3128641208791753 1.7396607053961355 0.6377636275002901
4.242951469936047 0.35687257355574015 1.823598348578161 0.7298294246443497
3.724312244403457 0.27573574866584705 2.8964604369379723 0.5681349501247381
4.569512045220415 0.3824309110867615 1.1717020696172997 0.7779433804855914
3.964922450521671 0.32044364790709495 2.3896227940241666 0.6626323710535686
3.897224321612183 0.30253628149558026 2.497772324844192 0.6216886030155915
4.22959718721045 0.332078485750578 1.8859769300642075 0.6758828056505082
4.219760793831073 0.2905941901585569 1.8594822031045397 0.600615179571107
4.10822515650678 0.38726301106938044 2.075007519932504 0.7988422917301997
4.242306379076373 0.371578761533862 1.8281809315869129 0.754841357395686
4.211073676312559 0.30484584917307944 1.838339667043232 0.6247197902263512
4.549582009472578 0.3542191430426216 1.1737396410765453 0.7295417544397473
4.161832026296036 0.3732210762640581 1.9877386286702685 0.7600994730614257
3.8014484388481535 0.2858284791636933 2.6626987278951395 0.5848962603758721
3.9561364185752295 0.30455143673029594 2.3968666316751905 0.6209950135954784
4.19148501836302 0.35517242730601406 1.890767661146552 0.7375406089747069
3.9996328177008227 0.2866380352887465 2.3096655429154405 0.5953105798917555
4.324348241802703 0.35424157061488637 1.6534904290243477 0.7135936136047074
3.7435262708893005 0.30032824261808116 2.773150535501694 0.6183674550575752
4.376588106130234 0.3392759235338714 1.58874052367978 0.699818801608316
4.137146433941156 0.26411257396396276 1.9717675233539353 0.5462525463719394
3.8961835016993778 0.28426267382690273 2.4516166329778026 0.583120572048395
4.0025609035347465 0.33321798338512604 2.3267787667178075 0.6830100303212351
4.262047799147323 0.35976824346551317 1.7750609403906528 0.7486746063253429
3.881292046782714 0.2777825318681589 2.5876100146267706 0.5774661099982318
4.1954793935144785 0.41591138653589005 1.9143415750001345 0.863033867695023
3.917508177045441 0.30279784577252017 2.452498464634399 0.61862634626432
3.8840834802664324 0.3383586093132617 2.536941104733514 0.6941904828155038
3.9366587962502075 0.25498442228062035 2.4019097262050204 0.5299562292921496
4.350294058336576 0.39093570139212225 1.5394858185841391 0.8011281584611779
4.0374323422086675 0.2591452187919647 2.2387246579541324 0.5397753724542353
3.733914311787481 0.2738176013287544 2.816246918804021 0.5722187406401279
4.141263878492836 0.3419651298540898 2.012643365434565 0.7094877296071699
3.976483348923229 0.3248023583107109 2.3661103460894815 0.662193513931789
4.043630480929933 0.294443818595446 2.1821359465997032 0.6054134499191794
4.129272254404469 0.36361207795029 2.0314181578927055 0.7539826308838613
4.18969414754183 0.33160554386865776 1.9494806019186843 0.6753857076922387
4.019952224657308 0.34043907673055934 2.2558176523985063 0.696975346500516
4.015118174467464 0.33700447864077127 2.259667260673971 0.7065741056051892
3.7673515046597545 0.25326262606395283 2.7316689122894346 0.5243983850316866
4.367308998771087 0.3496118775962664 1.4535505106566162 0.7218005138431159
3.949777214782306 0.3165006277009176 2.3690707264173216 0.652409430136244
3.9980456659917465 0.29684385595032003 2.314870302659245 0.6032853775928659
4.293019787891151 0.34088614429901126 1.6979455479817203 0.7003664338217499
4.0172433059880674 0.2795713117847873 2.2365409772081515 0.5874236220881016
3.848256176172546 0.28533141177225885 2.592785890217493 0.5826745144277162
4.189291919043187 0.41811529021863914 1.9168699644494198 0.8553162845723733
4.00776145071469 0.3339608477183044 2.2623888567648054 0.691615180690671
4.3237919398498095 0.3521376383697048 1.675577164187407 0.7147661478217701
3.918398168639005 0.28398703152352456 2.519200568927775 0.5778422976630874
4.243958088801987 0.3468525024060239 1.8167205576287102 0.7086026805566398
4.148329145035158 0.3297692173627588 1.9761347496661965 0.6787900406385243
4.062611220895253 0.3612862598306928 2.143979674814041 0.7494444257807509
4.166421358616829 0.3056300043568897 1.9631945150999524 0.631245390356001
4.02736992010962 0.29395280435670473 2.2871822393936965 0.6051008311870926
4.284845373946399 0.42455828776523524 1.7136454473265808 0.8782873326972858
3.727859314699872 0.2583071021076578 2.8506105447408716 0.5296478378658847
4.167326662369513 0.3035216341785549 2.022839455990682 0.6157548716632488
3.859908041294054 0.2963713113870164 2.6392029619654602 0.6044255135857585
4.338264135316573 0.3667168368582332 1.5464298823397589 0.7590302271982556
4.0298969593231995 0.3150342135699378 2.2667592674109285 0.6424053327577529
4.457019907058818 0.37827560059476667 1.3826981587357592 0.7754309619667966
4.035631068702231 0.31306379942517193 2.1831339740870854 0.6450928076465027
4.530926223620684 0.40932344914747226 1.1898284608113412 0.8481544521933219
4.025319839697869 0.3667193871994403 2.3037676604390738 0.7533671480800409
4.553853172921726 0.3990708851410245 1.1701081397383362 0.8182795241956191
4.090961247330886 0.3278887407704049 2.1498198827383552 0.6697622337018669
4.5636544751742765 0.4224557639793319 1.1209029409254683 0.8686654463397623
3.958109851378185 0.2725721002994838 2.3706544077973493 0.5588388494364609
4.2712321534231865 0.32430935735338356 1.7781145248261816 0.6638463390485434
3.9244888001559097 0.2803517389202132 2.4433389673020995 0.5703541477367673
4.087752959943502 0.28284657924777157 2.1888487213232466 0.5770679252353683
4.053116274123376 0.31991169576614387 2.2054697873438727 0.6664471721873281
4.241571330656795 0.33983824127588075 1.8148098649363344 0.698839398339712
4.052014094633469 0.32574741958170667 2.2139849513210303 0.6696334743943856
3.880254194905385 0.29007004514023765 2.5349430511868896 0.604617147504018
3.9109998731244815 0.32286635897990784 2.497123457606675 0.6624650210604657
4.644351654776983 0.44806594261882565 0.9890877101306069 0.9188324571309229
4.069914778571779 0.2971194943749096 2.173744089335594 0.6113152336529923
4.044183805721567 0.2793335876144358 2.216361487419917 0.5810949282065884
4.359538854652946 0.3542774497887517 1.5830237719996734 0.7167743609151918
4.161668308983318 0.3239132226744987 1.928939395996921 0.6678025236652998
3.8511111154851037 0.3262932836936294 2.6322111325876234 0.6670878368324238
4.095493503644065 0.37769531822365504 2.1345330560311817 0.7696719003636305
3.8216964452222175 0.28825450941213376 2.7073986283361267 0.5883047892514326
4.0363533012850965 0.3383314430524308 2.189543159059042 0.6985289010617434
4.347898974783013 0.3623008830045487 1.610180885634608 0.7462613746953513
4.274862167500038 0.4035196515737711 1.746581475902258 0.8221186117329564
4.309715061155076 0.3666840860823181 1.6704767862490981 0.7461423225699103
4.319265858814622 0.3865644551536746 1.636967742795898 0.796469662358189
4.113228045129738 0.3368087710085044 2.070532265120131 0.681278266866891
4.170558957797594 0.34265211081399943 1.9561472986548392 0.703578281705769
4.121193990137748 0.36347698686872043 2.0354104021395583 0.7508008401276818
4.023754290055498 0.32854644334149363 2.249038771867637 0.6832485946993666
4.34522095115371 0.3845239433730164 1.635043862353211 0.7831617588806044
4.407970781408686 0.3822914827070855 1.4345277551509632 0.7894497511733631
4.4034759251771245 0.37502359460047663 1.5125254997955633 0.7766104258276718
4.520782913335208 0.38415847959898913 1.2136978869879567 0.776961859479459
4.263689956086609 0.3467333603997609 1.7639145539857999 0.7220059864801597
4.020464200236684 0.3206603925912825 2.3070224496900718 0.6531053617386816
4.431247859881377 0.34852275346001504 1.4049220737416497 0.7111857948361756
4.205107429525604 0.3636740255626867 1.862870451381909 0.75021288657107
4.151957503043597 0.31365588880414463 1.9930532984955194 0.6436360403693123
4.3364979388943885 0.26849188940222635 1.5890415636365003 0.5507200656287806
3.858030369549839 0.2674960143069961 2.5640021701084486 0.5449871672071335
3.840219215398246 0.2500120797779359 2.665336104284978 0.5232690877045044
4.360296230643117 0.36360223113701906 1.5538093392891539 0.7519645021152025
4.180338862632399 0.25738572355686495 1.9259987494712973 0.5253738227960708
3.9465577008922703 0.2730678426984899 2.376010437392427 0.5637238430749568
4.4577281505060995 0.3566186224148459 1.4172047972425181 0.7342544913754278
4.165882296963318 0.3528556977397171 1.9634954006120675 0.7242404487412495
3.902121479351914 0.27471161841413866 2.4882405458054975 0.564923131073301
4.0488616727694575 0.306972443324628 2.2324199126361686 0.6190898069360499
4.03690317038949 0.3205782782957283 2.2287725735777824 0.6581943021818555
4.12339109263446 0.34935890632609923 2.090049536222566 0.7135312131181538
4.078536175908296 0.2835030053947109 2.18913772011829 0.5759664409150541
3.9437880158464056 0.3077941660887802 2.44736413680626 0.6208338468915408
4.448530572258805 0.40173677333248103 1.388922026162523 0.8158508515635827
4.1464729231898545 0.3070502102272126 2.016125107563183 0.6294050720844604
4.129396962036006 0.2774334011888221 2.035040097347756 0.5727724247329172
4.249127115348136 0.3223440366344307 1.789400687526564 0.6546694442136043
3.99075344035273 0.30741824319598693 2.387861776102251 0.6270956282562885
4.609971788832801 0.36780699244871534 1.0428291198639992 0.7580377933997443
4.326291115597518 0.38779045564972037 1.601691236286242 0.7984126464205585
4.048014148857115 0.30222002888718463 2.279462065141823 0.617949326116512
4.39633886665202 0.3291429432841055 1.4907063157899543 0.6685071691437587
3.7883102280208987 0.2932098201530887 2.7447179098394834 0.597855401186191
4.240770945656871 0.3620492730304675 1.8244504680967797 0.7361103267515898
4.383790169191814 0.3769358371139821 1.499931270490948 0.7703812219379568
4.524201325527629 0.377654561488799 1.235216539323092 0.7629506356153237
4.084171309756402 0.34220725189685747 2.1008415917409566 0.7067839593335968
4.108470894272963 0.3210949791999536 2.0844172334262563 0.6605223242947205
3.934520913598636 0.26863822575609536 2.4322402458522046 0.5550695308022582
4.2613093504006345 0.3375731318476068 1.731847703776642 0.6899188946182535
4.335111897002934 0.37447222379691364 1.616453614955733 0.7633707045180195
4.385113772914265 0.37601827678840044 1.545681007076337 0.7674733849270565
4.134374348724442 0.342259167191162 2.0830581851349157 0.6950986923141653
4.003159810950928 0.2749949223669288 2.3519755579279846 0.5683995939844383
3.998212638791612 0.2875432836419978 2.2983003996888085 0.5949722143563134
3.998684153224989 0.33261473224659016 2.301470997689587 0.6759071826241569
3.9762527556313785 0.28709818408275795 2.3094638057371553 0.5953461455329218
4.194463615154227 0.3273259692136403 1.8891204524490735 0.6679970355241985
4.164527164310888 0.32681478578900425 1.9083902856923838 0.6741783005979539
4.3096008980897285 0.3084884369552737 1.606331621060388 0.649980915801253
3.9085176988802663 0.32811713951833704 2.507070643306105 0.6645422551244434
4.250577279274395 0.370284753536356 1.7996399188802803 0.7568269018721951
4.551676683147406 0.35360603621525244 1.1639793784169652 0.7227479205293776
3.9207171451071723 0.28264341628293504 2.4815937369641525 0.5794667028958138
4.280954146651796 0.3499026230907656 1.774629227736324 0.7175801926984893
4.335838277609774 0.3547791798639558 1.5660333906631947 0.7383852599556786
4.3211164312040475 0.38383800029482756 1.63197405858938 0.7986767459406002
3.859360321550341 0.2669926164459685 2.6204562471445025 0.5504865101713754
4.359826753107442 0.38541240317006453 1.5749697241377398 0.7910433191196724
3.977410415835962 0.3363095902459147 2.2629405978237767 0.6949673728818276
4.0409037030983335 0.3404802947665855 2.2243210547661416 0.6950511430019672
4.079363315555242 0.29569370519769117 2.186258999354335 0.5973450550875399
4.091585967413065 0.3434249769555914 2.09799522967354 0.7075766435520378
4.224208494936708 0.28264880061234715 1.8319759166349803 0.5845545927058795
4.082675105062167 0.302643049176869 2.0791605568242764 0.6297127462344553
3.777516055271195 0.3120588996789954 2.7669671919043797 0.6411349700882532
4.1270103197930155 0.34411927187843167 2.053448015711104 0.7086848520989721
4.238636114026194 0.37034740076982486 1.832487639536907 0.7599085747452341
3.9711690540840565 0.2961064621796332 2.3323184717437693 0.6077272704303686
3.958119847933398 0.2882989832076826 2.408127427284038 0.5904851485757104
4.255688758489782 0.29187509224363434 1.7986812855878225 0.6047689853609647
3.739722904427585 0.25540782095297937 2.814064690423046 0.5255856547883059
4.352453319840124 0.3930996020006554 1.5542217752046517 0.816912436656505
4.165768866542298 0.3245911908541149 1.9294736253760023 0.6745956102709936
3.916518204303785 0.27381407550196757 2.4508793881774382 0.570802904316501
4.361935910364666 0.32843054752254225 1.606389436620151 0.6705874403686095
4.235824338526619 0.3503677494508445 1.8158056926456654 0.7187182049392057
4.513211396604613 0.38804177205454254 1.2812488338550558 0.7942706231069
4.241124178319911 0.3573387551763227 1.8092436364806086 0.7317985921352548
4.103711977241834 0.32083440113021977 2.114181832252698 0.6503998334466836
4.183437197349193 0.3328009879043863 1.8982709383432694 0.6728336577192604
4.12897929065795 0.3846691503153618 1.9899338398420463 0.7877621919557234
4.120108633905062 0.27182858367966173 2.0031538937913016 0.5673913494338461
4.278351804646084 0.35533240941575406 1.6649744398810156 0.7429224081974716
4.120468431632226 0.28171346337179703 2.1177315641303585 0.576908173618336
4.120490629097654 0.3077766571310915 2.0570398425925456 0.6305156244058616
3.7675993609922145 0.25521228888221104 2.7460750452901896 0.5187417619695729
4.394120805351017 0.33732413014924884 1.448684008666481 0.6941663079171797
4.049895414872944 0.3696647900096052 2.2192886684299005 0.7581318592617527
4.215324546206985 0.3243419201360426 1.8025156921937928 0.6728350857719908
4.55132747243635 0.43383893365766446 1.1939684299051756 0.8931083577351331
4.037890261934059 0.2962391720680298 2.237027422075659 0.6074844443256235
4.165328779320786 0.3442376816784867 1.971862933493275 0.7037036699035683
4.645420090400224 0.3386815659259612 0.997785239701952 0.692379933425966
4.172150674346452 0.3972870329255528 1.9552607950567582 0.8040778272806299
3.8203612336088666 0.26042566384026794 2.6419768963936097 0.5298053480366534
4.0582518361242865 0.29316134882110123 2.225026249471111 0.598243508861932
3.9883905820298473 0.30275513996284314 2.301397411185298 0.6157316912462457
4.172300104974369 0.32667265134127194 1.955178616710206 0.6704477903568457
3.977861479413296 0.32384113436037243 2.32454690598934 0.6631859961096924
4.174550782655767 0.3117699551498403 1.9935015227771131 0.6404689512813873
4.845304965710376 0.36600953372089035 0.5633215075246207 0.7498167243539249
3.915589591053916 0.29602942522735076 2.472176071635856 0.5951909901865937
3.895353451411822 0.3657905551245589 2.472044299880358 0.754365633187168
4.462413051411587 0.43279176931435304 1.360005887401246 0.882923038515363
4.206815178064668 0.3703341116666249 1.8757499591857858 0.7623280356777434
4.229083674009162 0.32932800040632443 1.8534781784810623 0.6753288872645551
3.9809776071504457 0.31948944042763167 2.3286746059203187 0.6585893400298323
4.151952046554118 0.33280273650980013 2.0120072599856496 0.6895672307776903
4.126527862587629 0.3162261971299622 2.0598358526550973 0.6456868478985713
4.153155707475362 0.35576277304272297 2.002821976806207 0.7263592272153097
4.157843993353975 0.3597388732690314 1.9332541813188273 0.7334781540860399
4.312125991067212 0.3286847335658304 1.6741678036315442 0.6743785151892709
4.1695453315940005 0.3119660267724497 1.886178952446806 0.6451441996927723
4.141103853171176 0.3170542491836331 2.008548860582664 0.6480534132969181
4.01342259196803 0.33365196539138037 2.3036953793520647 0.6768203593104033
4.368583709514966 0.3651366379135003 1.530443571839948 0.7475047012995046
4.320238765863454 0.30415992771541284 1.5901797994877334 0.6317619616735591
4.403713890694605 0.35377191154170906 1.472359191972832 0.7212585580065445
4.441198740511387 0.3055522652665949 1.4513261840922396 0.6165246692002279
4.176003347660723 0.3099811344671424 1.891247385193315 0.6304551030883954
4.262339190666991 0.32193922113554924 1.712980432473639 0.6642953434659015
4.012903028041755 0.3467127946788325 2.278772644651437 0.705804642323433
4.018819487034039 0.350307170781634 2.231776057532243 0.71806609131021
4.321524837035839 0.33993684761283394 1.6504409523716985 0.6950716538998257
4.467121805969423 0.34069942894357513 1.3286930396803802 0.6950309572580786
4.1168642700659115 0.3112848861968713 1.9977787738882233 0.6435105660828637
4.485734751601777 0.33358136090048174 1.2476118850372604 0.6899469118583187
4.540054986129699 0.3511608138531228 1.2277664610530228 0.7374767023430069
4.022963852949033 0.34414291041610373 2.2595245892275626 0.6952558645344181
3.9179299907153062 0.3028901296463695 2.4488878110655135 0.6343989902949101
4.453531717802688 0.3975376225715504 1.3562106853977116 0.8181982438969555
3.912018684842086 0.2776330175522372 2.4169312731008645 0.572123735027385
4.05064317906513 0.38451376784971475 2.1777495888427794 0.7825422864286435
4.123990277850547 0.3349035600315578 2.0350140784561024 0.685272134440786
3.8944180787949803 0.3285729668173603 2.5402369301585694 0.6714974887569952
4.033477342499539 0.31972735711152916 2.245090359438579 0.6556485866027849
3.7562593838273104 0.2711020841694041 2.81727689290231 0.5553433698558202
4.247496646621312 0.31098210529919285 1.7438730413920691 0.6501677212497183
4.283631956036043 0.3078071850523587 1.7161510233385355 0.6269113518100943
4.157519785624922 0.34186126760458224 2.0117325903277887 0.7003638155535276
4.18122044124637 0.3423206950837709 1.9160464416512901 0.7053213529818143
3.778988068360446 0.28228118343509373 2.7657846355845974 0.5789482326554872
4.415112618517231 0.31547081266701127 1.3924396111004589 0.6500498106453371
3.7750128185915237 0.2624874583813511 2.790122299763153 0.5401694996249022
3.9166387335501778 0.2957014975161591 2.4840959570277965 0.6120857893246587
3.983763497784037 0.3314545715168158 2.301922946701551 0.6713632874135343
3.9676559958826116 0.3178287572362235 2.3929054026345993 0.65084978251361
4.176087729499991 0.329279110062133 1.9453411495502855 0.680524178018492
4.154720895588424 0.3577903889201737 1.9901050246198573 0.7390514907886828
4.110995854722335 0.3349197795899636 2.0615478711753252 0.6813660667269449
4.1794269456460915 0.3192283169770064 1.8860713030020735 0.6608908206214263
4.230649432908054 0.3673915751348688 1.8996866532560972 0.7406958893562514
4.224092807747526 0.2887568630299865 1.7870249809033345 0.5991111483256057
4.151018230566509 0.3061929783481405 1.9709319919011183 0.640850031956928
4.190009795724533 0.3601280082927553 1.8811118705591534 0.7382350080202267
4.097722821856303 0.33654516271369045 2.0526426034670324 0.694395855841831
4.131102062127302 0.29965823903309985 2.040789972779226 0.6155579754217924
4.277097013001388 0.3274908126743836 1.7169711144520141 0.6692570251748347
4.300771108751665 0.3981569558856062 1.6384073499896066 0.832504009708824
3.9608530313094397 0.31550164668316233 2.3971213206567477 0.6484559937748977
4.118957005415915 0.32890356950519445 2.045624488873398 0.6797322792179507
4.192875495442419 0.2943799714427267 1.8417110973966095 0.6043312635627524
4.370877256179832 0.39344809791453955 1.5754033361212612 0.798536837781415
3.8711910829236222 0.2789829499640956 2.5196606256423504 0.5724126072193003
4.088453290090527 0.31984134699946476 2.1530643049998246 0.6570952952171638
4.096697654960186 0.3447438683148214 2.0935734053413437 0.7152856839609295
4.358971687686253 0.3593946656768623 1.574420239651006 0.7422096007814368
3.7671834555434707 0.25804079715591055 2.803331887199109 0.5276988455143123
3.823675712039778 0.30131112877232835 2.637636018787658 0.6207348518280773
4.262062329869115 0.38149198978574056 1.7348272569407819 0.79779438161755
3.9333544781135235 0.289317118941888 2.4392092868470376 0.5950912503994807
4.215135174605224 0.36960356157068286 1.8852902787537067 0.7495955675428475
3.8407592677762374 0.26889816218659013 2.6298519815417736 0.5528004388460588
4.178431222307853 0.3546258420785377 1.904759804193994 0.7331349357855257
3.743608078365435 0.28469381712710284 2.8727526418103277 0.5865884305600172
3.9388135318860305 0.2551559591259554 2.475086862347034 0.5237811331331962
4.717797614752625 0.4597436304472992 0.8416888613106595 0.9454359022292407
4.156496603988259 0.3216543785458736 2.006683342676183 0.6638256721779954
4.305482990650714 0.335760205762741 1.71063646769855 0.6836703292388332
3.9801370186834704 0.34468134521993843 2.3588500336811213 0.7168794062177933
4.2829251302919555 0.35321128432686727 1.7830456355614777 0.718891549494499
4.3118157767021685 0.35752977919122025 1.6349344707424276 0.7414081146723644
4.212055265613445 0.35495220778402975 1.8593967849400612 0.7295458204596081
3.6935032519009634 0.30133491632721243 2.9107435163231665 0.6194818626635894
4.2626531662361895 0.27166427886341826 1.715085797179969 0.5629859345308513
4.450170317144051 0.3794193878998878 1.3869487168888863 0.781208166232455
4.251875924760996 0.356701759298182 1.8232709483865062 0.7365081256507046
4.343459488006097 0.3455194660128426 1.5790836177214334 0.7153377163584198
3.8998793883131264 0.2837441715202325 2.4853433748207694 0.5820548743375291
4.345623360909231 0.3661983312566894 1.5931093491162547 0.7455637040835966
4.161353067427065 0.3543713354783169 1.9569416612727797 0.7273224039142926
4.03177611846308 0.3143160246925713 2.242712231749068 0.6400407895486265
4.810639284319349 0.34698801008639335 0.5857304992359599 0.7191540100741034
3.9671378852892216 0.3406320251469052 2.36275260265265 0.6985397898872527
4.170788748377154 0.32492328222022215 1.9170986781215142 0.6679532343521787
4.038938592037491 0.3519857786946133 2.219659190852158 0.7167099807028793
4.242982065720875 0.3430793546173335 1.7896573552456418 0.7072051576539039
4.318887920143086 0.34701187610196393 1.6656850766214326 0.7111655086131276
4.136685692246209 0.3201193972958733 2.031962537613284 0.6638418084826226
3.6361755047372735 0.2605049390415622 3.0013666620194863 0.5376523935832038
4.497938489524547 0.38136302709931996 1.30613079546091 0.7744644342357659
3.774503700440866 0.26962661448983133 2.797746349516024 0.5563569496651376
4.106042006113985 0.3308551473805101 2.0816062511150113 0.6844241136293888
4.125563914881417 0.2760897497039361 1.9431579868853734 0.581737142142275
4.1903156101133705 0.37165714796722144 1.9082208553961597 0.7680201616214606
4.012746426518491 0.3124485975553896 2.258668721347483 0.6427362887078671
4.106471557018308 0.3505429451285806 2.097042934893129 0.7133638307538172
4.111065760026832 0.32015233151166916 2.0541563189058314 0.6567882469851682
4.0184204278556725 0.3130201604380004 2.2345370148361896 0.647180122882561
3.8608247638245077 0.27969941318611236 2.5650537834030125 0.5823825300278694
4.028298519844162 0.2849926403673603 2.240392780349215 0.5862970915590131
3.9543166881654344 0.28143689173554814 2.3412481868099873 0.580720577702008
4.099790209929694 0.3335330794235109 2.0924676902501247 0.6802357149862712
4.007202851383388 0.347113878792038 2.276726259740009 0.7060042277274842
4.118764801081369 0.3032136104134872 2.0638554883694153 0.618165068798453
4.62348679663438 0.3816098058904753 1.0165295642983367 0.7802743091499721
3.9217809025800587 0.22387073111960978 2.484916024889689 0.4708978304510723
4.277559875751516 0.3432090146717416 1.7197569152236643 0.70205930468591
4.028243766688279 0.36836531856728605 2.2398787999120326 0.7533230564780643
4.097115187298154 0.3238704088615592 2.080444654920797 0.6672725962766352
3.8033106952652886 0.2848883032726533 2.6790031551887514 0.5908426697602888
4.14118217353915 0.34868074323907033 1.9732370108538002 0.7279620149495414
4.09037469573946 0.3198914258602732 2.0753723241408704 0.6559468476438626
4.1812829935314815 0.3266948892160731 1.9427991149556942 0.6723233665275785
3.9404621804984004 0.293106335372418 2.4201942590957644 0.607908202626487
3.5523965428264397 0.22616260917309486 3.208227018844859 0.46257759938195453
4.358911165275071 0.3271980074550703 1.5733087417647758 0.6719714055058741
4.091768977842008 0.3276076278283873 2.0978613894728166 0.6753794456121759
4.276970381439192 0.3699611741559136 1.787766779527391 0.7582123768801293
3.9852550941384264 0.2934092555903329 2.381896898793748 0.6014425971030857
4.19516383566785 0.33411597378731095 1.8735526949454577 0.687804216614217
3.976309548464404 0.3212453897780496 2.3672981594204607 0.6622060597672333
4.154947120475237 0.33835495927986414 1.9507457175158565 0.6980682197313979
4.775148719946034 0.44346105192205 0.7477876109495499 0.9053353284471645
4.652385426765093 0.37778486649882775 0.9090851244050895 0.785558025058622
4.372737075774452 0.3525258847491831 1.6044228196190162 0.7056764236719628
4.188636204871897 0.33035112557185636 1.9049795280261743 0.6848693790108638
4.004505608930847 0.31185897498824866 2.282758576012932 0.6439446959118014
4.15074458992814 0.36187758444040863 2.0455944335638487 0.73925519981882
4.45804860077754 0.38257969042592666 1.4147488882811308 0.772736736400906
3.917478203192216 0.3145243675716335 2.4442433617395416 0.6498230090709338
4.433222327115294 0.3637231317365405 1.3806340515147402 0.7462965966189292
4.479730229731337 0.42653141428295455 1.348525825637712 0.8631659156431355
3.8675933788665606 0.3153987045935003 2.568392080063318 0.6454859320076796
3.8872870510144724 0.2944121790890034 2.551564264940901 0.6048124357861155
4.032981989790484 0.29003253084693303 2.282715396122054 0.5897139534302075
3.8369441724966213 0.34193795625162404 2.63871082268855 0.7102821068966866
4.367961615417979 0.362170601365602 1.547311305065647 0.745028396550849
4.035570655519077 0.32039025341659205 2.2357853600681175 0.6685324843439029
4.23772303428651 0.32026467600163505 1.7573470573557943 0.6651607093630114
4.095691130804884 0.29532309644172144 2.0803364739837944 0.6060326355926923
4.290605162986042 0.3969254700189106 1.7261314776333352 0.8166958073625047
4.356327528062788 0.38841954207660795 1.5417001467080165 0.7918112570913178
4.312578914006146 0.3587261767868177 1.6302213145248283 0.7367645384623919
3.9880436363724105 0.3408196267777765 2.2990662631399474 0.7045948839223232
3.8136759652622345 0.29126523882889027 2.662492468881875 0.6024810616181976
4.353478916651346 0.3954465805915009 1.5608690567233934 0.8037936605734859
3.963575157414679 0.28605491851051523 2.4210356404375575 0.5731729052503625
4.121361345239325 0.32649684644244203 2.0176470104182407 0.6656289820507457
3.9222546114749672 0.28909408882056387 2.467913228437714 0.5951102517298408
4.372433418784066 0.3853291095633625 1.5147456055709152 0.7816496699106958
4.317304329128335 0.36826421573754864 1.643746172375469 0.7542340540453352
3.9088015832306526 0.2996853826161088 2.518831597737371 0.6168591768676208
3.850767106873286 0.3053499341710513 2.6205896479000748 0.6263001681391837
4.352106276455533 0.39210706824203667 1.5483118435021332 0.8121231769797859
4.212540213968097 0.38646319633226534 1.7812647732994662 0.8010117763970719
4.163844787717049 0.29066890040018767 1.9383560087348028 0.5968249506684968
4.127698508658909 0.3287027905893838 2.049505382156199 0.677004228898816
4.209954834563286 0.3038579252292837 1.867690425316657 0.6167016746002691
4.422085092118319 0.4040802221546543 1.4693396939613144 0.829445875283312
4.571731339131115 0.3651315849795091 1.1556880068287394 0.7547610684540819
4.360119677861532 0.38366040007296054 1.5781785648106965 0.7778835165246185
4.469340104317148 0.4079318703475653 1.3608947316474818 0.8418748935029636
4.272756867780521 0.3908713735492161 1.7352930750995872 0.8095080156199461
4.3553228755742275 0.3187240702999569 1.5987555433011298 0.6461742333553067
4.603011409001157 0.41459064256200684 1.1061851515723473 0.8437725808235653
3.7574781462521196 0.3188114211935615 2.7596405518339706 0.6523003006474822
3.819703270234079 0.26177495423243263 2.6591541139666814 0.5332508940967741
4.06209276940292 0.2996329933044495 2.1651125334375445 0.6146341330496502
4.014467800889647 0.2893320195048657 2.205355055795069 0.5973541629807825
3.888405670117878 0.2752058329889202 2.5179886491083154 0.5596505135949751
4.592789526882383 0.35578244564937556 1.0768792112168684 0.7359292398890964
4.017313587631495 0.34736036042140755 2.2446386016334468 0.7200049158222538
4.353058483226466 0.38533136210317886 1.5877818335307055 0.7921948509562176
4.296200525456978 0.35617773975884987 1.707864722135929 0.7412960968963472
3.8949424065795566 0.3420356744760924 2.4870398349075775 0.7115543790339897
3.975219042985483 0.32725613222212896 2.356849860420097 0.6694706117460495
3.9374075655122853 0.2809211475278012 2.413616712486151 0.5801742069697079
3.961449686276495 0.34381034638578095 2.3654230445779927 0.7112751839851876
4.59216811491701 0.3611102019080853 1.0970495617583849 0.7446044581403016
4.037661924655437 0.3308048580819217 2.2213098500108854 0.676532440427362
4.166963344514694 0.33595303111048724 1.9957594047742122 0.6819296587353952
4.034420778125433 0.3415892628475356 2.2504022818645377 0.6958835481245553
3.9565038609055545 0.2553897435937936 2.338264275019882 0.5226456579020096
3.854162739621903 0.289060207962323 2.5859700441520292 0.5995060426728778
4.07298443214655 0.3030486877008774 2.156632790191532 0.6204575177194499
3.8336352122061434 0.26378445948269663 2.6361401610698536 0.5409771748044163
3.8522743957757504 0.2892555681696536 2.605886564463032 0.5952808247903663
4.361381004407022 0.3136136723348634 1.551516289346321 0.64195931698172
3.9484634023618543 0.32128857525120785 2.4218311859628674 0.6630269542356625
4.2476377412201956 0.30358793528538747 1.7982912275111698 0.6221540234301245
3.8734229824015087 0.2894682980429676 2.580803436523367 0.5885752641717842
4.3682077398374135 0.3120448529104775 1.507790565937166 0.6412770212146841
4.1956397669188625 0.32285569305868805 1.8532239221353388 0.671757834437236
3.8752396304258507 0.26135472209342614 2.523995967115849 0.5407827083560689
3.914370821838574 0.2522859409575531 2.497335314916084 0.5166037635428934
4.351632857902851 0.30552997259310477 1.5289904726798014 0.6310343141117037
4.1184825185165455 0.35655402110105355 2.052083265597325 0.7279179524116575
4.110444173538145 0.2788294272376877 2.0657568390988654 0.5684955400759751
4.646609266718542 0.43263378466066743 0.9602615050549763 0.8955538910597345
4.0212022245789765 0.31592352660540424 2.278582877279474 0.6498855989690044
4.0503377451894345 0.33697852913369447 2.1973751743269245 0.6843284434715271
3.886511845127277 0.2815805932460362 2.5204315497207253 0.5805541861635602
4.197795386834674 0.34233281605452787 1.8644742172359061 0.7131592220578159
4.123140959096378 0.34683467464196094 2.04362814385665 0.7160876380012356
4.0194614801311275 0.3049737640991202 2.2342985606618098 0.6254855712156621
3.892998859795454 0.286721042814499 2.5395655103519523 0.5835927565723467
4.194710399997265 0.27053986080266246 1.8975796189830085 0.5656587207776076
3.858930388198884 0.2263475289759713 2.6189823940663723 0.463880317377264
4.1866803922965845 0.31358245280387503 1.936577536652633 0.6384561215734226
4.34544972379175 0.3741568637428393 1.6206044944135214 0.7669882572381834
4.000722359885998 0.295391261930245 2.275196612956151 0.6004279180070847
4.124564190809882 0.3662683507253438 1.975502028874247 0.7472274317659243
4.297017794173424 0.36336632712522804 1.6931189143268983 0.7480360389548518
4.171882392684633 0.28071405357619084 1.9481260123115312 0.5794381460491093
3.8765347309018097 0.26165789449551546 2.5517198292339156 0.5407733137845171
4.157506812769643 0.31867781974063336 1.949037651386196 0.6593910952485494
3.719897087667343 0.23002593110297034 2.8949330935361726 0.4784302614363736
3.542809239289257 0.2213502694542725 3.247120279699893 0.45497202840605316
4.256108546045346 0.29155360691087917 1.7777279557995143 0.5948171951470996
4.049089395722444 0.38586952156136867 2.1757168736515125 0.7991837353927359
4.57164894986112 0.35728050915323056 1.120983361389661 0.735785333166883
3.9514438322954417 0.2868046518389769 2.4241950175291 0.5888353570823619
4.406423311517221 0.3331047793333988 1.4200552188203048 0.6889700433714756
4.04990769154627 0.31955002005454364 2.216724800201519 0.6562940059729441
4.341288786098603 0.322526368055868 1.5650645370069096 0.6600413711258244
4.519632904228397 0.35527473269491416 1.2194136887787268 0.7164243484717272
4.355815909536324 0.36374186437486694 1.5995630103820715 0.7460638146364315
3.6314682839807 0.21026767927818044 3.0652528606184997 0.42979181249477344
4.13845106949562 0.32133361311068126 2.0467099536928113 0.6625215181015748
4.5618781647298645 0.46635285688837724 1.173492208827405 0.9471479278032817
3.7903981331889 0.24724466755044666 2.7267919940902683 0.5100318301636524
3.8020469988191143 0.27391953984891754 2.7110762923127463 0.5670606415011901
4.040159472077535 0.28745219372538156 2.18245661139625 0.588133967827469
4.124749884430559 0.32341997865569905 2.025382191206726 0.6741810316123543
4.356292308469731 0.3684259210047179 1.6102536419580105 0.749552204508395
4.019272840988368 0.31246133945563054 2.2612679445502204 0.6338662341714385
4.01947851816419 0.3010333863828226 2.218239383177048 0.6271799069297969
4.0073056932920466 0.28816454377814404 2.2344067472722644 0.5981318974962794
4.079305067752628 0.3070990985680112 2.164672790549997 0.621562147019826
3.9175158916905413 0.3331602392485396 2.471207229333895 0.6776456756642174
4.121736671772682 0.34241973878170207 2.0067387219340684 0.7051357605027203
4.376556268841541 0.30039521916736417 1.5545767713638434 0.6129585545833776
4.259198361951082 0.33365634610675854 1.7907102374671138 0.6934844207199994
4.2567256491094945 0.3983447403582813 1.8037927939288312 0.8103761834487282
3.8840550759207697 0.2762526339678802 2.577273607617591 0.5606874019574426
4.209420096480153 0.3392797097795635 1.8611167060626532 0.7084358693917375
4.1279398256977125 0.33645235549149183 2.0385810998302407 0.6860823042110731
3.881682368198227 0.27794841494572653 2.5597746802003205 0.5715850043812133
4.1406500502248615 0.32234895444121464 2.0147635825280483 0.6550901450447357
4.3577988811266675 0.32777740059794375 1.5663769464759343 0.665259965457342
4.296950509998302 0.36608970307404426 1.6991977595843242 0.7435043385019264
4.1811192291694805 0.322545959263621 1.9549652062995886 0.6521994131759125
4.43390216191635 0.3667441293930428 1.422196669640115 0.7556416818932283
3.80113010153012 0.2954460456217141 2.7325159446297462 0.6024392838976814
4.15613980590252 0.319005362174638 1.9467960951975496 0.6466416826706713
4.470721610320856 0.39691205861952356 1.3484790029808196 0.8056619449828353
4.143292284263777 0.34983027716976217 1.9846404790571741 0.7146298540577843
3.899785905509571 0.23440421333665115 2.5235111146532354 0.4869428190316574
3.9136031038661856 0.2705752924596086 2.463421279109263 0.5574889739917112
4.2532606628188265 0.34882959825621146 1.782263907706554 0.7136684093465833
4.445810009532529 0.41332891260993926 1.381357478283772 0.8500950457202282
3.922987716080816 0.2754855230463862 2.380791656016994 0.5771606622855701
3.924022213198435 0.27500672946568416 2.4422461722259423 0.5664352000817332
3.755280776920448 0.30389595891215493 2.8009314240553014 0.6224105438967246
4.261633345696892 0.3509893425154375 1.7075135851249077 0.7111760420151888
4.079636687156352 0.30330904312054147 2.073703880839254 0.6281066789971065
3.953313907997611 0.302389358512379 2.3863827453564843 0.6207782256771378
4.077610880538494 0.3095901988547406 2.1284152146480824 0.6350902994137095
3.8883207782641516 0.2842908602620527 2.514903725867952 0.5877126743735295
4.209705686875873 0.3245947175524683 1.825145923379249 0.6654433671956858
4.1188873171993565 0.31354002447785523 2.0294568617237876 0.6447471710102965
4.556052676839733 0.38599375071229963 1.1243548785731847 0.7894759691890134
4.497957977222452 0.39110005371249157 1.2648693973919314 0.8062346385667262
4.166106868609775 0.28676046226572227 1.9702982347206217 0.5872538335612397
4.129249521962702 0.2775032410854557 1.999479879229659 0.5681668119682498
4.120808170714768 0.3227133255338303 2.078082296654625 0.6606499814556981
4.37003035153503 0.35412489262610164 1.5367352760246333 0.7390271943125989
3.95665799098958 0.2579914386605443 2.31430448912106 0.5316940632204986
4.218960593271577 0.35560875267941905 1.8660585959539961 0.7302572108251022
3.8479495641582364 0.32434874637997624 2.625874349723183 0.6684986423720207
4.230244299014302 0.336306286281122 1.8156832288800087 0.6977333341294876
4.301112988741474 0.36734771228574603 1.7120141929699084 0.7503163445542828
4.05297136654344 0.3488033755782608 2.1920038948019904 0.7128133182935595
3.899014309209761 0.34724562914621326 2.5365792806181453 0.7132251240258997
3.7678266091650885 0.2688848664590227 2.8273845302262393 0.5597919380569341
4.062840302775578 0.3080232759818502 2.171811201983706 0.6364656315820894
3.9932393479380104 0.3105089721853571 2.3297276985909 0.6446440484088433
4.109074235749901 0.3167211482432971 2.098297930955873 0.6346961289707453
4.016038764425735 0.3254882423169588 2.277237662563625 0.6631930343169058
4.779143620649372 0.4638347337006568 0.6945087867549589 0.9555182186312368
4.067949095975006 0.32367044534162603 2.190978422485683 0.6626747706871077
4.311365232293193 0.3478270930198225 1.6514562119918028 0.7149997125524479
3.7842206691794082 0.24363016611924798 2.69448515451925 0.5047450956417499
4.288161655832775 0.35499921014004987 1.7093869158421693 0.7340344884160166
4.059400907713631 0.29835539947407236 2.2574856031049206 0.6070420293605144
4.47033657433761 0.35958152608409366 1.3669243037750756 0.7329721573066384
4.325303089281689 0.4103156873519429 1.6331969181502277 0.8431533738243181
4.155868288485834 0.3561125913728091 1.919989136773697 0.7331722893868206
3.973588963451191 0.30628933510672396 2.315972113622096 0.6346543694473685
3.947859016995362 0.3157912333243819 2.3824728830166553 0.6465174897786632
3.7993959469907423 0.2993792273883297 2.7467913584567007 0.6126400851967881
4.095840206069188 0.285163426560269 2.160526839028095 0.585827778610987
4.114078949801572 0.30774575129622145 2.015529204076761 0.6484741853046772
3.9092560984312437 0.2935457625006918 2.5464164222240635 0.6045837161272027
4.58072671478555 0.38132480551860687 1.1022724865372933 0.7876629936816055
4.524815059925933 0.3327362658659232 1.226251324273137 0.6795133782773235
4.3612752284081555 0.3580979056913464 1.5647669389843286 0.7300505026121318
4.057458198560097 0.37990613606153756 2.13460992574906 0.7764531174975914
3.802189892067193 0.2258783810285263 2.6525627970302463 0.473497157062682
4.359754502085883 0.36388897327179603 1.617877331482513 0.7465011317626039
4.0735303428875405 0.29987296286474413 2.107485462502779 0.6163147264949069
4.225573959864947 0.30287527316043195 1.8673709876285947 0.6148393618939507
3.949179646013646 0.28730069766479877 2.3609431026610777 0.5870224643881318
4.387163329228748 0.3388758429938794 1.550249752863118 0.7032090837178889
3.9682599214195093 0.30644282347087776 2.374140581886521 0.6263987551312729
3.9494554019816634 0.2938254715797513 2.399400430529057 0.603910942805097
4.160911619520965 0.29801293865703893 1.9910482193753447 0.6089832446002621
3.919886819033147 0.24754286070198664 2.4575816889383173 0.5104511163639547
4.090717903033994 0.32641436063235285 2.118664496747118 0.6743871680577407
4.1191217851541255 0.3402416623433722 2.0932089100979527 0.6927654244100035
4.468487799684437 0.41381891655878195 1.303009723015654 0.849687301612625
3.862256027152875 0.3028709462229078 2.5485463394145267 0.6220410776856603
4.011132326922638 0.3185122442272118 2.3445226950218565 0.6599386824061595
4.149972728430136 0.28253497201199285 2.022723143441986 0.5789883983573165
3.944188268142913 0.27395089937089767 2.4046396454647962 0.5625062778901612
3.962608393148659 0.3510440574306221 2.39186715850608 0.7288635029836046
4.7510279220729466 0.3988198456965783 0.7589453519124734 0.8263221043972984
4.221364302284043 0.3486982104927811 1.8714939611334909 0.7169275140552362
4.138625485965752 0.33747283209583967 1.9991228572861464 0.6978308516640848
3.834590072862019 0.30467610667953676 2.690731342293392 0.620247572748214
3.720994012884119 0.2705283796264984 2.8465155326838003 0.5567890105664348
4.359634783845924 0.30494044086027045 1.6113512500786535 0.6258291640860533
3.757153919810352 0.24947769737994743 2.81049148137342 0.514297626515722
4.156216811434579 0.32678917720321055 2.0563958232238653 0.6679685409167221
4.071702447877813 0.3385192319469522 2.1437600245450636 0.6944295087132965
3.741494017599991 0.27740971857412255 2.8068564209208064 0.5698008939054098
4.014321703964618 0.2991478135549801 2.2886304964298367 0.6139256071630723
3.919542361375851 0.3081466049539999 2.437574260791849 0.6334359789406506
4.056810166299204 0.3338401432127861 2.195504441341344 0.6808818283811112
3.9930089763580243 0.33219700920270295 2.32582147871459 0.673287355194613
4.632933546662072 0.37299929333412474 1.0047614238810287 0.769742500256719
4.109110883879763 0.34601186932988093 2.073375620985817 0.7094334531919643
4.206420045264116 0.3350481889832197 1.9170365425771703 0.6763601162555654
3.860364098194567 0.2671519465547254 2.597592441946027 0.5460115459669364
4.518400946708024 0.36853877586631967 1.2796046889639214 0.753266990135025
3.8727808019445575 0.29674861881723397 2.552064943518677 0.6055934739070208
4.198994214450403 0.3410839917232306 1.8779340920449679 0.6897949813406923
4.192272201040824 0.32506728824633907 1.9131024161391454 0.6758052828180791
3.8502904340147692 0.29179952481037863 2.58951376771497 0.6031692239807586
3.8676670566483478 0.2541994883956733 2.5743881164853333 0.5153271133961
4.0711182993737385 0.32593945454819134 2.109085622729404 0.6827515851514315
4.1904907433836565 0.35272849389459704 1.889518738266304 0.7351400341596315
4.0305619956294105 0.2687292711910736 2.2728417280370303 0.550782900007011
4.216300303253122 0.3439489697113515 1.8663467941908327 0.7001913121253512
4.118048218995764 0.3319348804742338 2.0576863561025793 0.684316631861959
4.6045973571215315 0.41601189972515373 1.0534166798743465 0.856374260654659
3.775576649551069 0.2596098319473351 2.8030183391999044 0.5307558875357951
4.535364434937787 0.3866171874936528 1.2500539517490958 0.7917448135802788
4.2575356288376405 0.34484198302870905 1.7841756105051845 0.7069382726074235
4.317596584044967 0.368839380626175 1.664785184065812 0.760031794826839
4.412451851380749 0.324802752214021 1.4438168973855674 0.6677397571297796
3.9573063068602847 0.3684499295403609 2.385548129014051 0.7548245782894685
4.299390223865574 0.34519918651061937 1.6679509416467635 0.7118375300086331
4.3747204616175175 0.3503165234153764 1.5214983287212354 0.7112982533595463
4.376534776442826 0.3517445995230472 1.5270081693672086 0.7296498897972428
3.994716776003147 0.3239047355512261 2.30824067960408 0.6672824092098469
4.315722775223824 0.37007512198218706 1.6792549892230642 0.7519623208160905
3.865739915335845 0.3252284520692844 2.593550891852483 0.6697424303868923
4.089368548603659 0.323913898654685 2.1386822550429847 0.6641431559970511
4.13155694191173 0.3403435058687765 2.0628713212771714 0.6888213893939271
4.267357473257407 0.34522813308966105 1.731635694222026 0.7069454797176333
3.9868397698709037 0.2909912269089489 2.319053960241204 0.5940993842118171
3.7821728398741117 0.28664574628313655 2.752927056890271 0.5897938752389655
3.694291582049361 0.24482676968111305 2.8987651362656233 0.5074425356212904
3.8842477385696323 0.2765260729393862 2.4855341555316635 0.5740865521167745
3.9410517780712118 0.234647555228929 2.4022407685517773 0.4913940145906778
4.266825798520245 0.34704686647715505 1.7733788568731332 0.7074401358223116
4.109461091108018 0.33550544778596697 2.0662629236461 0.6908073759699954
3.871047747446666 0.2782845008871359 2.5469006522471993 0.5782089984841271
4.48513063152757 0.35145612617031674 1.3070961073773508 0.7256839901920488
3.8627424544625537 0.2512707016737658 2.5970355337053417 0.5110825656751815
4.073288506482189 0.2964674854253229 2.138061546408217 0.6064380477521221
4.030309767382814 0.3759373742051611 2.2379178380864446 0.7804044460051733
4.193125539558941 0.35458722705639484 1.9172415306773152 0.7231653141913977
3.9051613730963464 0.29206999501122977 2.483334435219162 0.5987283931573718
4.042432919909619 0.3021280384003818 2.1871924490674055 0.6227989605387372
4.244769433332369 0.3438364559853782 1.8124494070288946 0.7040048959806319
4.486735322582265 0.38911170916759774 1.3056861451854305 0.7967561762741999
4.291636813093373 0.3783503801141654 1.7124406283624718 0.7800686059323665
4.045488047063475 0.34856652383648523 2.2154557456672146 0.711961035084606
4.098469610112431 0.3206792218007997 2.0737820653781958 0.6643364547568981
4.026189827110887 0.30572527645192465 2.217727868751177 0.6387321529369946
3.979932107408351 0.30967920519374365 2.3182301324562484 0.6445613450822923
4.1270859382155605 0.3245406659277826 2.028659743153826 0.6630162892166184
4.157144495024144 0.35841954181560254 1.9463426075006658 0.7373357522864922
4.2993615246283685 0.3545363724711656 1.6566225560406198 0.7345748913827087
3.8558694110086136 0.2506107157155871 2.565113596173217 0.5174138421322422
4.144206056660661 0.2869817888431656 1.9956839139574014 0.5969390447426939
4.0766203282048235 0.26464227644838745 2.154476508446025 0.5441096878988949
4.434897845893484 0.3726826928052498 1.418453431077876 0.7632060245400335
4.085446192342381 0.3638321719739526 2.1185933987491206 0.7420797218404089
3.8170646484289126 0.2839371965583811 2.6878248489297225 0.5870903484585507
4.014090672369305 0.2908260484935473 2.2866910173899235 0.5976800097238525
4.269354419298036 0.4006016203566889 1.7156951256496162 0.8301383414092819
3.649172349053447 0.2769578708754806 2.991810838318698 0.5751869347038964
3.942654744106945 0.3211095624090111 2.3945873595325495 0.6632602157649897
4.7369442056659 0.33496961533407327 0.7768656259046446 0.6857345635636731
4.367882721148019 0.38429020369049205 1.5205534217348018 0.7959516167112934
4.4825156972313 0.37673721027168744 1.3630011308113503 0.7734194890268077
4.613278759919542 0.40296703569907455 1.054482182137096 0.8244914996614529
4.074521598810042 0.2985278759873442 2.1629243768091566 0.6114479739635756
4.246790201800705 0.34292130030320017 1.7839565964908581 0.6941837329163065
3.9260972847662305 0.2788791966617215 2.429115006397863 0.5763904767193821
4.057113019736461 0.3047705620975628 2.1518332162269536 0.6299006179855287
4.009565443523437 0.2732953182890616 2.3635258111117974 0.5535493353487052
4.276145858332454 0.32383977279343723 1.7715821959890121 0.6668974198280532
3.826909382092911 0.2692973897636094 2.5949515393004523 0.5500438147784428
4.1945623100208715 0.32896477472229485 1.891230422112997 0.6642353001760871
4.059197495086681 0.35166506543430326 2.169983582112704 0.72137477336997
3.9572741302309073 0.2492089530159841 2.410229666127018 0.5049293373878858
4.21797298158402 0.3451027928381255 1.8840654369245122 0.7139386022712106
4.069171522535527 0.30011350314081753 2.188052803615011 0.6076395129724305
4.029644837617117 0.2623708082703647 2.264965591154622 0.5364876435128666
4.524296671040804 0.34803456883072337 1.2183487373764423 0.7191151877036243
4.1868174077203 0.3410385636121601 1.9098722084212372 0.7089798204640653
4.311816329003511 0.36334393108342455 1.7021921867171284 0.7394803744749451
4.2568309991358175 0.3779735725189011 1.761075528451515 0.7773196617722951
3.9661902266729796 0.2796798955264288 2.390712603620183 0.5697002584367814
3.994998842203203 0.30285612748203394 2.3127113762761176 0.623349190932872
3.9321585822235416 0.29799242873627685 2.437005580643384 0.6064919175681054
4.060501005964416 0.32011223025224694 2.216362667736295 0.6518804860267416
4.252139776045502 0.34728889377611 1.8148003325142403 0.7108846662006875
4.061767298309741 0.2786193978676309 2.210756595723893 0.5756777270718676
4.238334128832574 0.3122890593288833 1.8424322056888185 0.646207805817063
4.055616983426854 0.3349518043307362 2.2051049718861724 0.686506649085825
3.918305171484002 0.27010117545443085 2.4760849240952605 0.5574368722506233
4.1370274111519185 0.3459884991513987 1.9938280539223618 0.7061891350918291
4.1361581076032286 0.3391838271932445 2.0543668409936164 0.6958698847463957
4.390551711664322 0.3455202140004493 1.4050882779164682 0.714974504557514
3.7547762214315723 0.2818860169400761 2.7838858674376143 0.5820913391077119
4.252674076417679 0.2835046259339871 1.7751405446826354 0.5854485295789313
4.010029338758187 0.2977101212776676 2.2233151811912437 0.6213645849683441
3.9231775964035567 0.2871366973603569 2.449747296343607 0.5946315415082695
4.00258559333451 0.27696078265495483 2.288581334082152 0.5692797140632477
4.254227161984867 0.34345517424167904 1.8543631836601562 0.7053880591228743
3.913183777373873 0.2893194935794315 2.470981611075941 0.5914470453459822
4.154719978590375 0.29103057780182323 2.018690493791018 0.5983276962746098
4.795023939040987 0.38924744099246994 0.6752863886812548 0.8026430968770405
3.940769813940241 0.27299017678709103 2.3654016919442356 0.567050512999261
4.335603844715571 0.3711415974839337 1.6271471981646317 0.7658224108815893
4.271797398577624 0.34667266084943693 1.6904899391689907 0.7230290546702755
4.625176929649145 0.39882251828058884 1.0302200338468195 0.8174067450705393
4.190820915973822 0.3220672469921642 1.8958569964685303 0.6616690247274791
4.645677350565448 0.3559720241401359 0.9873541838671722 0.7336088118819015
3.9291819769058085 0.2943517554985852 2.454843270115454 0.6065305236558962
4.175097522489928 0.31914280873097267 1.9845378045249504 0.6551947913426311
3.9338033239084025 0.3068770854625375 2.4519176669037157 0.6245616940155966
4.028739014791049 0.29470058982151026 2.2477807452620713 0.6061284212209621
4.1040240541490105 0.2957964333389047 2.086064856466582 0.6006708058100286
3.888365061311745 0.303352650365786 2.523730994367721 0.6304265452682745
4.3459080306663935 0.31518333089609596 1.5405099366171955 0.6563726607056051
4.105655929555568 0.3268708402438225 2.0761947925001745 0.6667939470132286
4.037530185379749 0.2767553950109829 2.229830710565788 0.5729072358583491
4.047525163828802 0.3824390613889314 2.210548367179072 0.787108518880528
4.072146708581327 0.3147406362099773 2.163764593186761 0.6451317299605792
3.977865675930331 0.2540141192623684 2.3048581665054466 0.5268369950822587
4.110568656290182 0.34057320639721106 2.063936340458178 0.6906227026419441
3.7977650677593835 0.2885917300372512 2.7446837193950477 0.59440049640648
3.7108701029291793 0.2514937874022037 2.9038463232459666 0.5250328652855568
3.958924010324876 0.31575281891927454 2.3624326765585923 0.6493656940159771
4.5714005905345685 0.42602598041623435 1.131657862502352 0.8679646013229515
4.096615647014294 0.3322835331065274 2.1578919245229766 0.682373956113442
4.185930927120138 0.34392004825132394 1.9703916896032698 0.6947667539205241
4.137224150103263 0.36734236645625934 1.9998704631549518 0.7529116130862399
3.8956482067943146 0.26725969345777734 2.557693446491335 0.5502104105135269
4.403801582388663 0.3216730873315659 1.4885750980028751 0.6629161814744453
4.589618754407899 0.3958071844493323 1.067036025191482 0.814614126759838
3.6030926883001397 0.254435835605853 3.100825237380908 0.5241544911430787
4.097498897280294 0.3401515527223814 2.10618085556622 0.6992367295818389
3.960485267514685 0.30975040201317505 2.4075998078866125 0.6272038513564426
4.082082190286442 0.2773377715310236 2.131892310744675 0.5728736221022658
4.207417792927547 0.3619506575872825 1.8435558910654422 0.7465828483836318
4.318976832609572 0.3752910234277259 1.6325897143494168 0.7667569286578194
4.237338334957661 0.40648730630979135 1.7956636825574717 0.840051048272199
4.039761889428355 0.30076965152846774 2.235862023232953 0.626404097459173
4.123067509322137 0.3213553914809314 2.0699036665616317 0.6598532756203661
4.163446067605029 0.3139753261643885 1.9665977685096998 0.6430027555386341
4.089124996020861 0.3824455722692318 2.092707859196288 0.786482836689847
3.9751114789019333 0.2643634184504957 2.3887949910902586 0.5425527814207458
3.9422099559717587 0.2821637489305084 2.4361673342060666 0.572381027054183
3.9213483765972326 0.2531263972871806 2.5173076838174264 0.5196233698136357
4.085681418030263 0.32135756909134106 2.1701280695592544 0.6589073458554447
4.192139349323174 0.36114091155674055 1.973079845452566 0.7356616718012011
3.971336507118796 0.30632734679366064 2.3880534924085124 0.6286007158683095
4.102584460505488 0.2925612847664511 2.0760484386130846 0.600203522334879
3.9108553776710826 0.33758051074404666 2.480841537302098 0.6914849878937384
3.8598311128327927 0.24812692372250253 2.6119738979955454 0.5090900608052821
3.9225088867394975 0.33996814807056114 2.4446204260509 0.7115925235333268
3.933645810429031 0.24034120078672705 2.4620433965284927 0.48609286584748174
3.944678439052773 0.2970090219110443 2.3982245306096917 0.6210441351538278
4.131567411818761 0.32085232660287283 2.0600827822126995 0.6565605064065136
4.2653030618550405 0.3849187436571432 1.8275363440665682 0.7716255986426199
4.46012073976271 0.43657441869581587 1.3050667822075854 0.8935941582154159
4.124396457527828 0.2758720074583839 2.0021886181690163 0.5645451454923069
3.865009518271892 0.29295830255535926 2.609437803074007 0.5925792841357551
4.227788825024344 0.3476428399962274 1.8457360775619431 0.7079271764709559
3.808669895185249 0.3014835437058894 2.7238752378057787 0.6103417324418623
3.998211246256906 0.33006721100670766 2.29077857873452 0.6903663214976399
4.294144623883 0.33115769003437134 1.685944490820947 0.6809740052455102
4.034021481155454 0.2527182430100038 2.145375073310084 0.5147933878298819
4.381974461901976 0.3004289029455547 1.4721710330434292 0.6282559424940243
3.9339766175118447 0.29637125156289956 2.452058810653557 0.6113052166656067
3.7835542122629513 0.2511375403721813 2.7775292421328883 0.5170564492979247
4.38414369686186 0.3257304321712799 1.577947167283344 0.6684861767649904
4.147254122552756 0.34498767825867166 1.9584858661284947 0.7145031277331214
4.3166079142095235 0.3940773348303391 1.6674602156192475 0.8071712089544689
4.340390573435821 0.37278309946564375 1.5378403557101605 0.7721041767398992
4.2932429879881875 0.38516053755535506 1.683567312084719 0.789834343285719
4.140689103379778 0.3442124883000167 1.9834287123433534 0.710737750452724
4.4195389609437115 0.4270443555460238 1.467296770198664 0.8668584142529153
4.05426909257329 0.3187011258194003 2.2003828175621765 0.6534577377557299
3.9845485325964694 0.3103155689320583 2.307708655436274 0.6395207847513813
4.039022080945042 0.27754674244917715 2.238873643142438 0.5710890731496856
4.197518535306837 0.32783236065344656 1.891613414916283 0.6706029245757945
4.226343250211011 0.35770674312867023 1.7843512843601472 0.7415124027219618
4.064395228653373 0.30905541464971314 2.159209875462609 0.6260952147502228
4.229232807882952 0.3492818511907537 1.8356954758413806 0.7141132928976325
4.4594415597230626 0.3664616994872439 1.3355563789457903 0.7606812913208382
4.062797052089763 0.33992305184735216 2.185396526742772 0.6913253004668583
4.390914985823301 0.3642758193536954 1.5163537612356666 0.7536609752848102
4.258772822545669 0.36711129645541873 1.8129326100554835 0.7500744400204625
4.283138461407242 0.33679282785396275 1.703842351623718 0.6980757554095434
4.077544019935468 0.2874814770649123 2.111010010647952 0.5935460177266556
4.588205890904556 0.38026950758745165 1.104446416712359 0.7837140459724103
4.300430355721249 0.3382508323703593 1.678369326397818 0.7007605129863139
4.295559107961485 0.3405471367160727 1.695038355124273 0.7096824980022272
4.221549918556923 0.36523044981945535 1.8795365015409864 0.737907426606669
4.3585377682685476 0.36568206057965014 1.5830869150115723 0.7466840672833515
4.488186791756144 0.35442209585511664 1.3079102921836885 0.7216036147532668
4.069161801237188 0.33136945873593965 2.141360026410074 0.6797173310713969
4.611208837335278 0.4127519263042402 1.0449938209293304 0.8514322358878328
3.840826084901611 0.297985313732111 2.6256260738454853 0.6114186266596062
4.0178106701295855 0.2775852969820365 2.249489674336819 0.5721226471514754
4.127667393950041 0.31014387509005664 2.007929643617377 0.6436346596437259
4.251379582601695 0.33562164465907746 1.7987136013320497 0.6802753957482375
3.9620987138652235 0.2726228566300322 2.4024915628371635 0.5595364572005278
4.189466847423087 0.3713132209171605 1.9086879616075274 0.755171508788503
3.9154923422753716 0.291765090979471 2.444710005033909 0.6010656912344479
3.906257867118474 0.30122037622957437 2.5378724921156204 0.624671104814827
4.209641085273679 0.30478857000220655 1.8688670035815105 0.6255198133117417
4.283671470600249 0.31004729667680386 1.6896070256735893 0.6361764765880936
4.079396078790704 0.3081209940190449 2.1114643669247584 0.6313182137039822
4.103128472765881 0.3522557870269272 2.0916718491755284 0.7243726810041687
4.050585781601703 0.31416076617342 2.169442314497573 0.6473325064362343
4.186748199382952 0.33138482899177685 1.852854051095309 0.6854208253050585
4.027145516703799 0.3262602735286076 2.204867713350337 0.67285528441956
4.218944564426432 0.30406546729647355 1.8900925158967086 0.6216305522166544
3.8915285500107757 0.28814748982894417 2.532289391278161 0.587589961315636
4.285519740020478 0.3340733979540193 1.7308346884716075 0.6675746036416231
4.36675380312417 0.32631202675468435 1.5073840533022864 0.6761846466719252
3.995699036376277 0.3260565582725637 2.2919474803578535 0.6737270721747062
4.03389149717567 0.31715813960630346 2.264638391202302 0.6494430590782038
4.230694245429224 0.32629080505568603 1.8594283376867204 0.6643705103301427
4.380938249559907 0.3272907891971199 1.5473561315852584 0.6704439954996447
4.332867054724652 0.33340438781892634 1.6007572313557528 0.6891701853734257
4.137131516841786 0.28428868466864987 2.0339670765207227 0.5919087618179237
4.352480928852636 0.30712693422348075 1.5214026033774524 0.6296776590538671
4.065991219947205 0.31952255901189003 2.1425283131833197 0.658402923226929
3.9911680015162254 0.30483566031023523 2.3288651535338687 0.6298189929677561
3.965013509522575 0.2899223441103816 2.392585820159832 0.5953464520598422
3.9690237222397453 0.35640160582793207 2.3513632768262194 0.7227461648575899
3.7185740018248614 0.2642734145040384 2.8667122384705515 0.5440706302641962
4.350079681254409 0.40260286727629213 1.5649984852560428 0.8267954847222367
4.259004112305195 0.349372891157384 1.7768702642172745 0.7166289242097788
4.146943713390488 0.29924284395571765 1.9969405912594314 0.6166391303645566
4.114447436062705 0.27754351748012246 2.105342008119025 0.5649048360821152
3.808923687972981 0.2906097192640698 2.758622142621588 0.5835818245204575
3.794359971985266 0.27650972999414286 2.7449764286218903 0.5665895658105194
4.173575847848928 0.33537854066105194 1.9140548156893686 0.6927387689424468
4.152912751581747 0.315314101378952 2.0104183007967302 0.6456793519969634
4.024273000938742 0.3149722595071471 2.308037612843627 0.6475207179166478
4.146739876643465 0.36077653043064783 1.9791560238534416 0.752933245056871
4.180696877256138 0.2923288647625239 1.9302072525628828 0.597736505074316
3.9268830585492234 0.3173349935622201 2.3932471130506814 0.6640590617395971
4.201622486293372 0.3667176130742925 1.8854803913912759 0.7537949837773048
4.104804335559111 0.3350158417322198 2.11494306842849 0.6915300691311287
4.20367780093982 0.37832768640929615 1.8049828674151494 0.7776254192999584
4.237867872159758 0.32650711545123656 1.8177143157680447 0.6679986670021213
3.829999330505842 0.28678739315507834 2.625729788554596 0.5804566468322756
4.305047257247037 0.3696899184327709 1.679740228494595 0.761966447525558
4.013294111593829 0.29592492636927503 2.2551831014632526 0.6031515109109665
4.24184318086672 0.49117532256736607 1.8354080580011582 1.005424508016509
4.007432120171545 0.2775189675892376 2.290401898058492 0.5670997422003669
4.058493298780986 0.33812324823937 2.1785522841773446 0.6891073916861019
3.9774455344870887 0.30253937866514474 2.35494521199459 0.617881057275295
4.19300189684025 0.30732024634313965 1.8934675828222982 0.6404528430193329
3.973894295625312 0.33578513878376504 2.320926918174628 0.6913160499905855
3.7607092767275265 0.2860595682212654 2.8229948947732995 0.5753182061149115
3.7195788789093136 0.2476615088396903 2.8585789225721 0.5044060942825779
3.9936906744049625 0.2954595901853375 2.2528562304742836 0.6091005093754799
4.329240646142955 0.38021935137885704 1.5846855463351797 0.7777028850398853
4.406172925521341 0.36832448223503617 1.4270528454297722 0.7646822927068881
3.964591961186456 0.3106522597319792 2.3642309677353706 0.6450620189155943
3.977220486006013 0.33212957165087015 2.32285161684207 0.6790991466248428
4.3058681141670245 0.3024543509919543 1.6869541602619411 0.6156888417873418
3.8754232637240333 0.3006848967695708 2.5779636565891453 0.6101974760406098
3.913881472208649 0.29663296534112027 2.4457460064471537 0.6024003659546049
4.195948540804786 0.4176274100285425 1.8669372278270902 0.8542644424774267
4.388062269828555 0.37815143012892277 1.5239423710182798 0.774963311926134
4.229095899822439 0.338559691098247 1.808125083520883 0.6954991232379407
4.117582685475616 0.38692624887205934 2.0768266430398197 0.7852320764281641
4.095659478415827 0.2892047555928712 2.080830550247871 0.5894720444154337
4.351912120071549 0.3278331541223462 1.5039958729451648 0.6820139187416229
4.491481208245404 0.39901455497036387 1.2928013409074883 0.8155902423222028
3.9382818401091915 0.28515930302484205 2.4435308793585753 0.58159925334398
4.2237249534399375 0.3806407304316332 1.8457466121445254 0.7810743089738453
3.600795899214977 0.25033334390071893 3.14198040453997 0.5166151561155569
3.740129894911935 0.23447276823550978 2.829992611379054 0.4837190102903908
4.791019352478303 0.4144924405728015 0.6355517255776473 0.8490487473838498
3.9236400986708366 0.32699463087067643 2.4781608426649813 0.6604965482112429
4.182084960539138 0.29290651487383995 1.9034099951729693 0.6034282321987714
4.337060892061421 0.33329707506803646 1.6129242642748243 0.6847091401959055
4.1601692019019785 0.28581096923380506 1.9666641754096457 0.5912919289246393
3.852606062422374 0.32934721059215327 2.5974599488788774 0.6755590641464989
4.108163752267408 0.3008475126685659 2.0959731827305585 0.6155667834458535
4.124059920595592 0.3184579841043602 2.030298988751964 0.6623528184408166
4.144152654219953 0.32276704549609764 2.072394105008967 0.650063516139667
4.198822540383709 0.3183713538330586 1.8839347157505886 0.6550620635079001
4.429138504557784 0.35564140353327633 1.3987657323795282 0.7409858648736001
