3.970233644145077 0.1680627047687853 2.3373012669926014 0.344599442616453
3.7534050185762804 0.17722506703907062 2.7992706341735953 0.36714394286500684
3.7920712933305074 0.15925918538468106 2.729768741742299 0.32602903518895027
3.9481760748053683 0.1698642416444714 2.395208729467691 0.3481670160507545
3.914766410800703 0.17817207048629932 2.4439486836658175 0.3621003039296503
3.8543275066049354 0.1969676395630548 2.5887085585307616 0.40239256752537983
3.956157079359851 0.19491865103697634 2.444926318107327 0.40020027140255693
3.843895497908514 0.1665846080668055 2.6258683486673515 0.34621917128243335
3.9496429676704086 0.17967943455100682 2.3940910668177784 0.3696365513852289
4.121949244849867 0.1884405493546922 2.066652385280241 0.38634642072113135
3.8936684527706493 0.18188000909183663 2.5091131651218737 0.3756743623072039
3.8945182926852615 0.18204448072861176 2.5245123736621133 0.37438874303016145
3.8214099386919345 0.15590348601325005 2.6286956492499796 0.32138374128422287
3.728632191324575 0.16264189918919925 2.8531924139844422 0.3310994180506495
3.8645040359525327 0.17311458520490186 2.582830493579542 0.3525239224089885
3.7825912935665897 0.16363119353649805 2.779802893247415 0.336155749749493
3.8377465444882564 0.18203885380701773 2.660994261357083 0.37527083386038307
3.873012806772112 0.17617010378467177 2.5583719379924723 0.3637875016470009
3.72206607653629 0.17008144268274325 2.8799335048741566 0.349965875273017
3.872136456510402 0.17056360222777595 2.5453696487627444 0.34824457479142035
3.8294876236983324 0.14171693243882816 2.6154815906196562 0.2884797726240149
3.7815006868255647 0.1716610938089539 2.737896757213826 0.35313084002818973
4.054027795525883 0.1796494034192312 2.192877503072623 0.368885709067758
3.88908962739806 0.15774692941685145 2.559582674605843 0.3242171566011328
3.9479386061824497 0.17798525479597851 2.3993012796144018 0.3657451534988313
3.898005920464418 0.17788525489656737 2.4987120266094056 0.3651090241472408
3.8139454131636685 0.17417622160151763 2.698797156891556 0.3581344250204902
4.052543842284784 0.18068230117308745 2.1882736329492336 0.3732203929497256
3.663108891276811 0.18021079121846337 2.9906741078405195 0.3753612856589242
3.8368409009621915 0.15957186519758307 2.6690350268256298 0.32828306751978165
4.039755605780447 0.17112591592693768 2.2069884131940274 0.350746563533477
3.8871910894216914 0.17067890159986873 2.524777106170892 0.3520165977848259
3.828820331266953 0.17008169047619257 2.6463636608899668 0.3506421838041944
3.7835111347767567 0.1755342028970344 2.739289787869033 0.36126941872212665
4.184722214116139 0.1593186541047376 1.9411010816444485 0.32702058839383874
3.866601610200643 0.18506763691505795 2.5574231121740794 0.3804338951954375
3.7638567758867607 0.180913258925658 2.7618676559416286 0.37590227222989736
3.807654261088458 0.18308475797844095 2.697019624606597 0.3742334586065091
3.946559476950241 0.16452491093334304 2.417521977661244 0.3394630501264275
3.9570914008599782 0.18306925009728686 2.363012906988172 0.37252969897223
3.889277519364269 0.16925289528394521 2.5329722623556585 0.34491811538830885
3.951296321619068 0.18409854017558347 2.4086138630116416 0.3783800714612601
3.791566317212484 0.18293489965255796 2.7350449846495555 0.37233000733001154
3.9179283045950797 0.18370573895966202 2.45230520543412 0.38133791102203995
3.8566473457004404 0.17472413229099554 2.5713943493936955 0.3597560187161003
3.591574923734222 0.17971723061307132 3.1327865807013096 0.3657380556130178
3.824669986898841 0.16182417413440295 2.633600510039234 0.3292566392208624
3.7376971081984247 0.1716250204584215 2.8434506376869906 0.3518768354136532
3.9053124235800665 0.15134359848354856 2.502568441006661 0.310963198241292
3.816361851285224 0.17590978287998357 2.6926866811999064 0.3649262423544873
3.7717464995257215 0.16681420940610767 2.7998702674693408 0.3444647186625898
3.938431781057415 0.1569595269832001 2.393740460562343 0.32517659570068536
4.0542897202780015 0.1688549408023612 2.1716706875146716 0.34853207357578797
3.825368514751089 0.18299613124517064 2.654347946823545 0.37692939096433264
3.957579817142867 0.15304601003797264 2.386156608763347 0.3170391412307407
3.6398361453852606 0.17834487680115205 3.0659006329698557 0.36804838600393047
3.996294030844444 0.1796423661053487 2.3072451703187853 0.3675701716870048
3.802862107031827 0.18259613369122527 2.6912666298067887 0.3751979223847167
3.7349015137903923 0.17461203792089047 2.84708679493811 0.3611455029792944
3.9363379361665496 0.1644815983275967 2.425283306382813 0.34058382450283864
3.960273795910628 0.17598151601353207 2.3898677774362787 0.3547353484883762
3.8948892898289076 0.17495446084472338 2.510137214862879 0.36080612085066743
3.924123499444014 0.17246251869759982 2.4737345851692574 0.3540729731432746
3.8926374395103966 0.1585676477436488 2.501051939365883 0.32556122895852657
3.8756783844424616 0.15453923474086506 2.5465142006367127 0.3160301415115963
3.9280699553322744 0.18262652290610817 2.4667161954101084 0.3744850933121764
3.87951540436506 0.18099039670946349 2.538156157887541 0.374200145851
3.6568371188860684 0.18326150987037404 3.010853311637797 0.3740936594515991
3.719109398574588 0.16481127160017373 2.869385565599023 0.3399392037748192
4.096962715638125 0.17229843340597342 2.11311268744868 0.35531156299651195
3.647685743959766 0.1688255101299022 3.0014923255411508 0.34816791921960555
3.7790869556378732 0.15567505740391474 2.7468076411134263 0.3190607648002557
3.9608887573175577 0.17938840099902037 2.373227169345045 0.3697049516868581
4.061157095755686 0.18716661810232801 2.154842287233911 0.38581330131027824
4.054934553688209 0.17853832543471582 2.206866370818605 0.3686996765960895
3.9507901085982384 0.16849654257451932 2.409921329672372 0.3448312317149811
3.84121875215629 0.17260568055207745 2.6362299209659223 0.3573791441087031
3.746571238523668 0.17815490065086992 2.8211315723679116 0.36881856216853354
3.7616844492823502 0.17349107728695676 2.7912451871536126 0.35651336617822654
3.9327955410331734 0.18797333101045635 2.424435064965801 0.3865241248823689
3.7863560755061743 0.16809808860168973 2.749528497551376 0.3483632258346442
3.809300731185572 0.17025740571921455 2.6887322459972083 0.3473546825542304
3.7726886086961997 0.15955318256606799 2.7677006423611474 0.32645146977575
3.9346889518507164 0.17394123335461575 2.430365379370908 0.3588970711517915
3.6950478766636685 0.17153765537157248 2.9246218225264506 0.3502656957388962
3.9583663956573476 0.1992027388511796 2.390717771763625 0.40749466586087296
3.976557842964114 0.17633646374039466 2.3810814872188657 0.3635891657285545
3.932026451273235 0.16340846442435472 2.4297219415065188 0.3372776389008307
3.808079935405096 0.18540438980554666 2.709317045027686 0.38056062819594233
3.8354631193960005 0.1553301308489659 2.6451926845374683 0.3180482721972924
3.9247278866500146 0.16463443980464 2.4335243673006435 0.33946133628973396
3.7958563259282103 0.1738335121380544 2.7040896557933114 0.3568681415780049
3.7904987518057895 0.17325628567052856 2.726223799053019 0.35539281156343167
3.7623856482649867 0.1712114497335284 2.7675483566078647 0.353230158198784
3.982913068042113 0.18749047985777428 2.3345814725451524 0.38705420680020164
3.829010668447557 0.1663308804149057 2.6430859832895854 0.3443090469389165
3.9465328040361563 0.16373707849076244 2.4304177894155057 0.3368672087448253
3.9439961563574455 0.1694245774522483 2.4282898034687217 0.34795600714148356
3.809869192106216 0.1704102891162395 2.6708725345119015 0.3489182301212278
3.8221484305367266 0.1689742776286784 2.6559383970727923 0.3458394796537278
3.7024475327674184 0.16846957515859443 2.871928079413942 0.34314202649318154
3.872492011049923 0.16415095786357634 2.5606861228466347 0.3376944009893264
3.8813721541898705 0.1747856365176984 2.532209379559767 0.3609936490287236
4.0111063297643375 0.1865055063298369 2.287431046447545 0.38284577288873495
3.9557969817726573 0.19499044137911273 2.3864468712881344 0.4029023164817633
3.757432927198353 0.18446444191808445 2.7557733641625948 0.37797329658660656
4.08363335766945 0.17931015752710805 2.1293071031423345 0.3660488774068519
3.8835742104370103 0.18738513151622405 2.5314927026422547 0.38324686129977914
3.837674753095726 0.17053592212111973 2.6264617439605624 0.3494671140125011
4.092555028584251 0.16992488658600424 2.104441406947691 0.35093735471524773
3.6700249422213496 0.16742253304012858 2.97945512557015 0.34713175624677894
3.699483378909494 0.177952872666601 2.8904310398521456 0.36598989528678205
4.002058178588859 0.1580285257372742 2.311926844929169 0.3278831858994074
4.150704158222907 0.1678953425403657 1.9716881293384376 0.34539592256913093
3.9485494549733073 0.1618014078273202 2.40805824700823 0.33129325147510713
3.7943750673570396 0.17084189993970716 2.7188724904120227 0.3530228380352971
3.745226124816807 0.1659572164265279 2.835150592596561 0.3387947472017192
4.0828987034506845 0.18498065106415434 2.136979161963631 0.3818682720743226
3.8420515402298703 0.15825552055661102 2.5969390412840934 0.3257903768316793
3.8271403928871592 0.17491984363138377 2.6402638797135998 0.3614724479700782
3.8434213903255348 0.18622792186732165 2.6155354499297028 0.3806833941196725
3.7594198965235224 0.16036900175401428 2.7615646260167415 0.32662200682313347
3.8102970967195766 0.15584018860521903 2.6798026655590923 0.31951178914806866
3.9223149383625753 0.18059786826689925 2.4300948805189178 0.37252672321033514
3.824644462651397 0.16656584960486495 2.6468187186382757 0.34005845454561046
3.961010419330681 0.1773532162035316 2.3478031624044724 0.36411467675078785
3.7289829877768117 0.16720431569271044 2.8287471358817537 0.3465720393455307
3.907757319639196 0.17323023235593069 2.4865611377282546 0.35673092247214183
3.8274061331936213 0.16416079645041173 2.6952296161682243 0.33960410879547814
3.7180341878141623 0.1778951478370106 2.896211334349406 0.3668486669615123
4.176566817510145 0.17990917550240357 1.9055312615120998 0.36831078657822097
3.9846989137754116 0.17164547321516746 2.3175540335799765 0.3556575086561156
4.001533738565875 0.1954461327778594 2.2744247761501315 0.4027242008399439
3.980940877748262 0.1798756033915361 2.327190104591594 0.36986120799527356
4.007929061471051 0.1710611825760358 2.268763633341815 0.35184635726333097
3.954958723469323 0.18762630122438875 2.383020361222272 0.38301305610963204
3.9136555390304038 0.17543991539256407 2.4712995477448954 0.35969985648842084
3.6881714302584356 0.17319746456395058 2.9453340367211496 0.3555331358440133
3.922288037672405 0.1858902753349892 2.4630413002309277 0.38299635662688264
3.8453550752595937 0.17983998244487712 2.6001776006229393 0.3702430218646656
3.7825957961946095 0.15406237477763732 2.771413143489077 0.3153262483239122
3.7784060662909695 0.15422703807819366 2.774838060245758 0.3187845840655427
3.72901683432078 0.16677793705945296 2.8815322629934803 0.3436466404709324
3.911770423339724 0.16324080960908094 2.4961722656236756 0.33705327523504597
3.9018077600168164 0.16619653379750896 2.509066832222497 0.3435939626084796
3.868296313392693 0.19315433950218477 2.5811961649058643 0.3953140768179265
3.8012561489780756 0.1861437131091814 2.7365428629768243 0.38470239482860974
3.9675196258377556 0.17645728730555443 2.370144152048279 0.36154061475019134
3.9297519876614873 0.16283602669926647 2.4269908661365944 0.3374417556138772
3.8629933837627677 0.17521795512151161 2.5914402364034457 0.3597518620006213
3.7463167419750425 0.17191899018946777 2.806500937262678 0.34983779201712656
3.880277759395505 0.1704232303245955 2.50798893768346 0.3509987279586871
3.868405638249171 0.17514785797903076 2.5368394094462454 0.3645662779394996
3.919923879708347 0.16089098244566924 2.4456111829227654 0.3323878014153309
3.7724134181456077 0.15787012518058915 2.7736941275822815 0.3235152601202026
3.7082328735482637 0.17042385505750743 2.8900718702750297 0.3529032172895729
4.050454144892993 0.17799064854339025 2.1851285214099687 0.36991699616493684
3.9356238641809136 0.16089834599845945 2.4441628806767173 0.33144245698121366
4.012175630311461 0.16520629304271692 2.2624433986137946 0.3384222904506028
3.8257435186645896 0.17184826627382016 2.6732526852597083 0.3558336336753463
3.944294874115316 0.16466591728885344 2.4144406663044364 0.3388534016583523
3.9944961946890007 0.18116222488935657 2.297169629630921 0.37056961188031035
4.089779916352601 0.17394400859058246 2.0982452535353273 0.35868409337229223
3.7538144574011696 0.18397152589380253 2.80664009590324 0.3789718601340213
3.8583262123269524 0.1661749532611564 2.5871909895029668 0.3391191241561433
3.7470967078444257 0.17168672756412173 2.8113140204476403 0.3526543362507061
4.017298216061768 0.1783484952196897 2.271058552198401 0.3684097049019828
4.004662959678111 0.18156108689634445 2.2988534148379802 0.3755032570881169
3.9576460203427364 0.17054345857861142 2.4098606673070835 0.35242841787252444
3.939534000099526 0.16059711802328788 2.3809890303320653 0.3297624343417374
3.80489136435593 0.16714574184745867 2.7168221525273335 0.3425154067284833
3.717728714478497 0.16834831732082278 2.8882808991827673 0.34800012251338464
3.894504346598813 0.16922381109720772 2.5321645872005054 0.3467366757267982
3.94936914124788 0.17532736465150767 2.399914549428349 0.3599649243735641
3.82579656719671 0.1791755015441558 2.6228193582309265 0.37180969580117496
3.7719938115328384 0.1802756437510603 2.7293247055005945 0.3766761229520675
4.081047869617892 0.18785227898941823 2.114221682651761 0.38734354403244997
3.832705472304223 0.17812315581532634 2.6720318061693416 0.36762369181642485
3.999699147099287 0.15316762418534638 2.2910247352763933 0.3136285126011943
3.88717177582865 0.15079179657664174 2.529423148287007 0.3084822130163631
3.794287233227837 0.1812564535502902 2.716246406170599 0.37412982307619685
4.028198950292884 0.18035301998100733 2.224611195308287 0.3724303662513044
3.8390589011214216 0.1680147170586408 2.635607980562646 0.341612079276801
3.8833744518023208 0.15629226410526384 2.5485068390382066 0.32204782690784006
3.909639809145243 0.17359284580220818 2.5010129001804073 0.3613192895689282
3.8118276467865275 0.17551594553489472 2.6642612318647387 0.3617901383588045
3.7662328004373493 0.16884217010231464 2.792250391691783 0.34564026783842555
3.7834812693838833 0.17923668736253778 2.7573587338661363 0.3711179086495511
3.735931011141731 0.16929180385391085 2.83200080973527 0.34602464226197766
3.812364077559054 0.1605045132308362 2.6506491087622406 0.32802478122508266
3.8092264450446516 0.1995610465776417 2.683048246790655 0.4089532247870375
3.753960758717132 0.15665871235286855 2.8149051867337613 0.3220944363908501
3.9721264029837853 0.17428887743938754 2.3787336017117218 0.3555399273988649
3.858803118376125 0.17829092796337856 2.578993697565277 0.36812077642630137
3.9379870573746185 0.17024568739883325 2.4037552553818755 0.3451166788614155
3.744396833307544 0.1881462449869452 2.7999858126054606 0.38867619279898735
3.952913331143713 0.1757431160826218 2.382202459535379 0.3616743540875224
3.881027902298695 0.187376455631967 2.537643061106384 0.3859792350408437
4.031318537606097 0.1701840699296517 2.224234588854338 0.3505072081868406
3.845703275424495 0.17163997104817677 2.613687817081755 0.3507398424751019
3.7479808113892084 0.17202001683554766 2.8013073883175696 0.356427400636137
3.9437139461026263 0.16212074649830738 2.4297637562202397 0.3347863003380947
3.911458295001095 0.1708736657752625 2.509662944714323 0.3509298905556372
4.007296663583391 0.20277597188595842 2.2667899208967826 0.4200367769884483
3.841938863395388 0.17045396461567439 2.6350003781904947 0.3523952243007599
3.7329132346877345 0.16058300853079308 2.8279714422058895 0.33036792440130874
4.074550574115705 0.17380547245238245 2.1610256766113354 0.3571060245381871
3.974429052926504 0.16579118501165716 2.362459946702573 0.3433820327433046
3.7128209196948116 0.17424937257045012 2.873995261777223 0.35886309248757337
3.913403826133698 0.1839104475783156 2.498766495119627 0.382474024380342
3.7470563523383715 0.17353794221061267 2.8014601401633286 0.3569204811266409
3.8618394379008105 0.16429305734303962 2.6041964664040758 0.3374683439505426
3.8058644269587774 0.17776996452866542 2.685875796955746 0.3668077383870733
3.9574591995002555 0.17798433297788424 2.4322295703266095 0.36501092472629887
3.68486192341832 0.1716577503394511 2.9719996497104875 0.35323940415660526
3.9508336348024895 0.19624280864664392 2.3926778471046664 0.4033817068506336
3.7649016596004214 0.16659536527516947 2.7740383547428094 0.3399508150317681
3.7619878905848783 0.16275738374808746 2.7822510042555795 0.33439906075453557
3.6871257749075346 0.15474614876429105 2.9508960405255236 0.3213675155449937
3.7400719859555824 0.16062772015977234 2.820048232538266 0.32944530933398763
3.9746070860831977 0.18791132694907178 2.378492837902485 0.3881022765042941
4.068831475152 0.1826227550480388 2.1598179839031486 0.3786142507643491
3.9144349107506917 0.16507650616802252 2.470356576486087 0.3381143455552126
3.8875165785550374 0.1658349858738179 2.5448879611702795 0.34149377260166275
3.83506864539779 0.17116253801017808 2.645617064092333 0.3523353091990457
3.9751152197532917 0.1476166958973622 2.3594923803966172 0.30277656356932786
3.8536547312211535 0.18189975372058698 2.595171658460354 0.36913178792398066
3.875779509679296 0.1682307345119126 2.5647492462640287 0.3494862623504369
3.906841020294507 0.1763385942142284 2.49867507515615 0.35840214252790725
3.7843865096206253 0.18890365084047891 2.751832320625681 0.3852220569855127
4.034982381244681 0.18724372631224434 2.23537021684045 0.38263996022938146
3.7384972452546688 0.15950166755942338 2.823112402595677 0.3281142941808914
3.9036859114589655 0.18208753457398294 2.497731342263778 0.3705971217096987
3.669129142440969 0.16167448739260953 2.9759919664888783 0.3334571701675982
3.9821700712765686 0.19269739322549947 2.3340180014468213 0.3950684302707573
3.8439701268202726 0.16694717355384522 2.586718717350551 0.3432363620572703
4.270066032019283 0.16798763342616616 1.7556916995877696 0.3476706397960007
3.9013875449564326 0.18594125965416325 2.501873017866746 0.38298489925415413
3.971436096187465 0.17485680168865206 2.3544067014176235 0.3632385718132907
3.9752650150262916 0.1725361548014847 2.371100890281653 0.35183660609056305
3.8470399874590644 0.16572110495977033 2.6267828822107084 0.3402751357655225
3.7875071236545166 0.17047395980904745 2.733728544189121 0.35333883860108983
3.7825822293159574 0.1917041115967701 2.7454199394514447 0.39673119115434174
3.8341392896389244 0.18089262451732474 2.620734168042487 0.37070129388540296
3.8587047620203747 0.17980062423968388 2.61631611289851 0.3753833549153649
3.823746951163339 0.1867390817356921 2.697149872466355 0.3809728268360733
4.018970795005959 0.16477193841428991 2.2637006837795086 0.3387731630947055
3.919974112025301 0.1775597325590691 2.479773772453007 0.36303733693251994
3.9706742976275144 0.1756979340881259 2.3530285427974236 0.3600641838620817
4.132078149388569 0.18471179260214463 2.0619313034548687 0.3840731057256486
4.093976019245238 0.17276792246488198 2.1101288712489366 0.35279894465889305
3.8970072460724916 0.15052283480640358 2.5229081303088994 0.30978977118599926
3.7948773595309797 0.1671196695629251 2.7399563554965995 0.3444190752067362
4.117202009684082 0.18634854661492165 2.102697042522058 0.3821035973141471
3.7631599408477747 0.1679571254854367 2.802462299547301 0.34626454202159956
3.804552639388315 0.16006059557832086 2.6849971344590093 0.32849591759732727
3.88146815868563 0.1792137871160138 2.5187000313192165 0.3683636932864954
4.0184004474811985 0.1733244483320785 2.2599551933932958 0.35649766121267784
3.937752968563953 0.16643619570969753 2.480440567023267 0.33980830108493193
3.928565397029293 0.18509083081053207 2.4580418559269033 0.3829229176442941
3.753578657840616 0.16018521978818365 2.815324480408426 0.3301177236348321
3.7769975487278487 0.15877964584307605 2.7563079195078304 0.3264769099474993
3.8230615269426425 0.1695607693273534 2.661886729285105 0.3490790613999476
3.9364039645131026 0.17798511392381355 2.4447823069993793 0.3656488288893578
3.7293407930560947 0.16903824599885697 2.8585505167806438 0.34683621465929765
4.1366696780278644 0.17040597074374467 2.026802947719483 0.35047207771511946
3.9559713141083197 0.17179247542982984 2.376088983700285 0.34919403774036006
3.9955159254186734 0.17649075834437727 2.3020270302066055 0.362299190230515
4.2126822317135115 0.18355765900212176 1.8708264322963108 0.3784778053220408
3.9146534245038125 0.16462800752589035 2.4806561208408118 0.3373372744545485
4.044587614908116 0.17387249718962866 2.228687433618944 0.36074568766117926
3.722083087874039 0.17939208402764148 2.8670106749090962 0.3696586754403093
3.9428084454327736 0.1723190500545804 2.4314228486932032 0.3548934982533351
3.868741454310859 0.17761917376829256 2.5625971134640038 0.36224061539156327
3.8969226654413136 0.1602320526888122 2.5307763436217465 0.3267631300751073
3.8637086805235628 0.1726491968537862 2.540919240357199 0.3507045556998787
3.9559211607179874 0.18381546672459273 2.385867820653428 0.3760114975981954
3.770860421092702 0.1553374546179059 2.7692258493341253 0.31776815627553556
3.6120670824134424 0.1869089758269514 3.068174919706452 0.38354290104475025
4.054745420260509 0.1825666414210557 2.1935681696971567 0.3742590990200533
4.079151173057866 0.1656138439139572 2.1336780754240174 0.3363370044476357
3.910738735357744 0.1580455602100681 2.469054765194611 0.3217911414911172
3.907710516401076 0.1755586759606617 2.4776924698456826 0.36227813155116184
3.9760837134448224 0.17993950677912318 2.3585448168807828 0.3705341509439096
3.972278109805755 0.1967438717516419 2.363320616257657 0.4057534145332637
3.8249440640674663 0.17053414403045614 2.6645925151626395 0.34905030985869223
3.947078523151077 0.1706946140582705 2.4211604439954297 0.35173461562760855
3.7796053845482946 0.17644841229718292 2.7556933612066 0.3666734038300828
3.7502093625563244 0.15484460269731173 2.7752204670146856 0.3197070119913489
4.079298023146984 0.20280832294544465 2.1666569950056793 0.41605758994476727
3.8726059134725723 0.16310846873735266 2.575656569673712 0.33425943531173186
3.848712670290297 0.16440874491075277 2.6059831030549443 0.33647420026515956
3.9959116322593724 0.18347553397976812 2.3099820216448244 0.3779488381252441
3.8892690821744047 0.1693398774705693 2.520944971833205 0.3473805144902759
3.9935884109357 0.18869176856026887 2.3189105297351045 0.38667045001841444
3.9795588633252352 0.18736381606798677 2.3432141046995136 0.38225969598007414
3.9258522528627227 0.1909244903533859 2.4709507661051564 0.39124478748744446
4.225545625647138 0.17700647833148334 1.863893795184394 0.36666492294846975
3.6726105543720884 0.16229167807992734 2.955031844579401 0.3316081518387297
4.049436011102113 0.1745493027314733 2.1898046614407587 0.35719919016297946
4.141027850809928 0.17896496112642798 1.9977610330428361 0.36994333617860187
3.8357535772353306 0.14764858229101654 2.6746755527627935 0.30287524680128564
3.6206021329615234 0.1825990631374958 3.049873638050028 0.37531823472316295
3.9409111358061706 0.17859970708710776 2.451446997773658 0.36798998976133923
3.9495126401528005 0.15479056023750734 2.3844993221130304 0.32077446862511433
4.00948799469886 0.17881034775053717 2.2948294816687618 0.36825328425834547
3.995670991979142 0.19355018368636864 2.2814835292589186 0.4008703032389871
4.132674813720998 0.18248837540297844 2.0418142585046097 0.3724231963287566
3.938718342714729 0.18046792928804267 2.4507932727648574 0.3679045904069725
3.8418094413304327 0.18060158265311224 2.632987737316798 0.36639082780465543
3.747438706007662 0.18214271937982093 2.7890370073883206 0.37619396640715613
3.941130203855947 0.20370697561858267 2.399307115464067 0.4204151233292683
3.884300904813001 0.18327378325983154 2.536344391133249 0.37757989540426135
3.8784730556723575 0.17414448539552776 2.566937050451794 0.3602801736880517
3.8497648979825887 0.1654803134539999 2.587083451892069 0.3396427537938496
3.945612966409244 0.1665537758981139 2.3955883136240557 0.34111211862874624
3.8160944930415086 0.15077654102457605 2.69358965529707 0.30957961164029124
3.9035213881086936 0.16491620831273202 2.51824754817725 0.341096751322803
3.97191894701054 0.17822792449077082 2.3534141135117954 0.3642220133905185
4.014637503632599 0.1476490658109365 2.2795914456429047 0.30576121404418566
3.736449924547231 0.17510189563125717 2.8362509489231007 0.35722015056639406
4.040062325671862 0.17515300283999943 2.253868133317689 0.35976341763325703
3.9308357496532667 0.18765178977935845 2.422663315230961 0.3874885458416559
3.7614529897313975 0.15729208928940058 2.8075229145849505 0.32378629706936785
3.9650622442956216 0.17226806973938197 2.382559219874024 0.3542872234143763
4.030482679694412 0.1828249894034134 2.2414488348994426 0.3722679913638654
3.704245843878984 0.17308581870900389 2.8928070068906804 0.3554425705376513
3.6389929047687 0.1723705310443455 3.066137563222772 0.35400391152477645
3.7930877578300284 0.18271453301179372 2.7322943696427515 0.3765730282155537
3.6778836988281696 0.1797240405223003 2.956929630290694 0.37321269672268514
3.9605386226142683 0.16834356824252406 2.4293049600687606 0.3472546075799231
3.8390488546362307 0.17162149454009878 2.6165731631581357 0.35259412629596676
3.832710787902526 0.1730701977472973 2.625720799815195 0.3556360688088729
3.8540359959604826 0.16693307092063953 2.5958974262343624 0.3447889136554945
3.8527321501815512 0.16612007433533973 2.6046292223072136 0.34196366048131366
4.022713177356625 0.18230981964315762 2.2388589560050565 0.3739724965197375
3.657168262008586 0.16595032019848752 3.012810043130461 0.340149696508773
3.862296113729183 0.15880960204904365 2.57200109093714 0.32688729344877876
3.830661593784276 0.16775837885657605 2.6434677549093895 0.3436591003088853
3.718298293840445 0.15841165867582507 2.852579485511941 0.32385686334943786
3.7846925318949247 0.16390832168208969 2.7728733194845843 0.3372349206475108
4.134877168410337 0.18094506363820717 2.019782663468996 0.3713107333036444
3.67504937371574 0.17824234977386905 2.9662243106702366 0.3649848014126063
3.7920217144135435 0.1796678379016814 2.707224499173505 0.37349724608952856
3.7419917468592825 0.17645334666269036 2.820495707736491 0.3609914726936603
4.010918651468515 0.16365081867833123 2.301810202694707 0.33654892981945034
3.7608461279523464 0.15266015080553197 2.793979563339522 0.3109677378907704
3.8422335184393512 0.17538413354171417 2.609457583072559 0.36235757188766293
3.6759264795163684 0.1905799988244865 2.940737774748473 0.38667885546559877
3.904003292244241 0.17691531174692704 2.482234312388891 0.36610101604604395
3.782281713766598 0.15574631094713823 2.7887821801474466 0.3212387759349337
3.6611880356501514 0.16227788878412738 3.00246666170578 0.33086643144341155
3.8868254960024853 0.1612868220163842 2.5624976025936865 0.332828379479355
4.040510810146808 0.1706846685573436 2.1898356029932993 0.3526279521720693
3.919543148397703 0.1956156687227359 2.429844025516937 0.4001090136301985
3.8944774851930086 0.15892683792674825 2.5108701145154244 0.3258641076641771
3.879843372802352 0.1706381638804597 2.6013817354270796 0.35376423486764375
4.0112760752258225 0.17541104089766887 2.2776449328832946 0.36304255187782514
3.9333788021620513 0.16940651480675822 2.4291188331733125 0.35123436147590625
3.8363911239338395 0.17253852531026803 2.64127805974023 0.35344238592871385
3.8097902611497543 0.16820227774784835 2.7057131474840883 0.34419487061415505
3.868006684137432 0.16526873734272732 2.5929813412712273 0.3391654506037774
3.8729401922187865 0.1972228666682585 2.5620456873460506 0.4030230624062581
3.809549856043194 0.16564821665016896 2.714157239915127 0.3406363168629768
3.973259050190011 0.17688575303791632 2.319830278747747 0.36456653583914866
3.709863244238422 0.1720465334870474 2.903549258394751 0.3529061231543511
3.893779291278862 0.17827464115633587 2.5343748112001734 0.3670110611705351
3.828695013046797 0.1445302351167991 2.7032220855411717 0.2980367190709119
3.9680653629021614 0.15748147512950889 2.353512354876983 0.32429167039421036
3.940071782281951 0.17277635707506958 2.4394308271874117 0.3575871232370597
3.777118278849805 0.1772463030276472 2.7670293094168414 0.3681753317593635
4.026933592435044 0.1687767236299318 2.2489028671997007 0.3477086320634245
3.8938721483012753 0.174629375916535 2.5077755417336247 0.3523135653298416
3.9526290966689053 0.15669975773363953 2.4306320658701828 0.3244348250456076
3.943028750439056 0.17162673700922493 2.422364954643639 0.3547170658662441
3.9974809536797684 0.1767562783460605 2.2978447045634836 0.36422785505591687
3.789711470946835 0.1654955626732301 2.7094738048615703 0.34116141075847506
3.6212919826808094 0.1709022778332352 3.0946295061113007 0.3522686526150299
3.7778625799625916 0.17478970066896624 2.7336023659131485 0.35934657179802665
3.738224694850182 0.16684671080602195 2.8407952205205875 0.3460824794661052
3.9497722196750393 0.17574191318254528 2.410349685280288 0.3612286155299204
3.9430444793033352 0.1512255602811932 2.450878670848338 0.3078093462155795
4.005446416839602 0.19146637520762813 2.282324818286912 0.39516536953037856
3.825478743496598 0.16222335477010685 2.673326691646504 0.33164431183968474
4.029762883532189 0.1900158706093343 2.2226002498800437 0.39057769353135346
3.786786413685135 0.16733420543072197 2.730812493351239 0.34292579993792466
3.8864553644094273 0.1779341303144804 2.546371189634053 0.3650861230868066
3.6208574584370914 0.16826691915639022 3.0626707349444096 0.34844244140778374
3.872147458710054 0.16650008085201615 2.5342499199584756 0.34215401822371366
3.7041519005803334 0.1800596725436441 2.9129940769454574 0.3663553954067917
3.5190481495213106 0.17356845517888328 3.292502473197226 0.3558915001855702
3.740934367152727 0.17759257391897043 2.8309462543861557 0.36614820025508926
3.8500761186896764 0.18879738969456722 2.6067983407655895 0.39032226350351495
4.028492414693717 0.16748344897962136 2.214672577991576 0.34445497839635963
4.027123489633692 0.17409490599090002 2.2779754912617554 0.354391269863714
3.789081044979167 0.18155132065485274 2.742214618386442 0.3739017508636824
3.933850990839872 0.15744179165192404 2.4247548621881116 0.3250852513040867
3.823892670535402 0.1643873062469521 2.6582257536465557 0.33488989560478066
4.049927446085659 0.1747458663133415 2.1728671031246023 0.3603129160555905
3.964608270448619 0.17055495198576087 2.396670262069798 0.34989892174750037
3.7297063981846286 0.14964417543808622 2.823585106334491 0.3085377220167752
3.974325837381301 0.18217126500110323 2.319970894927564 0.37507776201958876
3.718433152696942 0.17047459981486335 2.8822291405081 0.3518705133398782
3.898749306434099 0.17514034846961596 2.5227246990793297 0.3603775313735765
3.780145214611093 0.1608084836736783 2.7247489599833186 0.33276650574085825
3.894012955787341 0.18273186757753904 2.5456496230853083 0.37999721428078226
3.766770195617722 0.16158862031781096 2.761274225283497 0.33124381948749165
3.8333385329764336 0.16603706929449785 2.6092975480955216 0.34048403220318857
3.8706909889584473 0.17961717011083245 2.5519398217965614 0.3713537385258581
3.8960416386865484 0.17021084021969418 2.533993351574245 0.3489399075976976
3.955268345069657 0.16104989219926877 2.419404235681012 0.3313614437012585
3.6763111303438993 0.1654136672538708 2.9714384844721247 0.33853773957598915
3.8197251828851306 0.17127717746472731 2.6684198635473266 0.3548932334482107
3.8116367377596383 0.15738591800104068 2.6539281837721385 0.32629697772035177
3.6586457549867832 0.1728295602938583 2.976154621136862 0.35514345062676334
3.9715817422371797 0.1558649324602926 2.3286232375066707 0.32384327991705947
4.11943112463903 0.16944519674452077 2.03362780942003 0.347921960278749
3.813427689734618 0.18333051544769544 2.687593009431808 0.3758702670643159
3.9476447291465915 0.17726182730211318 2.4207583647502466 0.36450025877842634
4.071316013855864 0.18488763385380202 2.1322757344411274 0.3810578861905662
3.8933190732418947 0.17990354715602744 2.523485100738007 0.369285343871251
3.8974780510003164 0.19147668328915685 2.5143560316736115 0.3949214500967264
3.974209417464417 0.18913863141134502 2.3571145439497805 0.38868719160631404
3.905071535764016 0.1765908363484485 2.478527457587627 0.3580703176519867
3.9602365176881262 0.1657644518492183 2.361444069968028 0.3387165144995848
3.9196985101622683 0.16495236174186415 2.465354494673817 0.3424310408471497
3.714506320119157 0.16624802145255752 2.8968940574133097 0.34440763833867005
4.000973049622744 0.1610007646888228 2.301307777969125 0.33084226267982597
3.6691958545896117 0.1660097056081631 3.0160027204090922 0.339341225792495
3.7701659935670735 0.164851590976439 2.8164678252751925 0.33629633732127323
3.7025788525954004 0.16674177002934984 2.8931101894540263 0.34368371938328673
3.839530683179067 0.1575136451893504 2.6142153128627594 0.32054657217076993
4.000342427170635 0.1635302340233732 2.3005898723614724 0.336626279769443
3.7614790918355334 0.17823751842605895 2.8312381213547826 0.3659536879086825
3.966492620054063 0.173419070461977 2.3639929307087715 0.35477691096147185
3.9020906385889917 0.17469259878100618 2.458865902417729 0.35893911925129324
3.78160708851539 0.17657964055571795 2.729280147713284 0.3593247659216836
3.772980638319283 0.17185820958434575 2.7837404111476705 0.35112807230067955
4.040423790092836 0.1968520264217078 2.2395753796349993 0.4079419864626095
3.9828179999703544 0.1597611094708702 2.340607773247968 0.33037354087628973
3.646600957551641 0.17265985531072647 3.026060936105419 0.3539083998961123
3.978215863325336 0.17382516288345418 2.3375913024856483 0.3552422798692683
3.8414653571095965 0.18007687629147257 2.6326841179174885 0.36696536195113255
3.947493483727581 0.18049898478639775 2.438892813413478 0.37285281493536804
4.048108746586308 0.17038106030829228 2.2157491264384843 0.35027938145292736
3.7776169845333385 0.17892199375736165 2.759328863178661 0.367311969565626
3.8665990535799426 0.1690357740952315 2.5899690485126783 0.34579387393001343
4.098212429426011 0.1725042879507925 2.0824078477679215 0.35543853822995813
3.7030109607043085 0.16687428145001876 2.912760903640848 0.3414476806426914
3.8296480639466983 0.15888921091337863 2.6687499878207377 0.32514877397524905
3.945587212767924 0.1564053347025371 2.4585521025143 0.32441334397907207
3.6480754409935 0.1693334100238282 3.037426229233666 0.3480017815325722
3.9181557490053054 0.17700905878136106 2.494400468627059 0.3665117304781647
3.857233194225792 0.16000904566983118 2.6013746502242867 0.32707658699598235
3.947169914437337 0.18187409161231896 2.3751657771855403 0.3750461261416981
3.4874791709882897 0.16630656463718155 3.312083610186062 0.3414315536655385
3.869541850386181 0.19416449107749917 2.6104577448507476 0.3975107875083707
3.940416222915423 0.17769304854689794 2.407913230171851 0.3646441246149862
3.991521889813052 0.17421423337083614 2.3269075696470156 0.36007757729580225
3.8840252268868873 0.18461277075551566 2.5450999105705634 0.38187939095719214
4.061337944053487 0.1877259326224855 2.16387360537633 0.38610800807198314
3.7626735493863217 0.1869867189077473 2.792819408486644 0.3843107819553376
3.8206754365326416 0.17686143922189057 2.6524822971540774 0.36248782506161775
3.676992107002841 0.18868531093518454 2.9798294689208378 0.39052484458751047
3.9217113135149515 0.1600651276019675 2.437366633147305 0.3264275158700251
4.108558345954052 0.15622544785563097 2.0861879306022253 0.3240287465934568
3.7175080595543264 0.16714603846483955 2.9006034640259113 0.34480386205290803
3.899614161678996 0.16683645280355133 2.5151117678156547 0.3440577948981469
3.7680332305296114 0.1563347962158321 2.7472398640334066 0.3248110830689699
3.8921311280147233 0.17734366087272718 2.518976397866349 0.3678549081142061
3.7401827468812785 0.1889913084292691 2.854612906619994 0.38484102134341647
3.813440246761448 0.17880018925399171 2.677718021369766 0.3646594516225419
3.928208566576721 0.16848059855435485 2.4590197881269464 0.34452025144990733
3.9413825614601685 0.17586711181783954 2.4524210286701855 0.36398865917584966
3.9883700900119945 0.1759168414746351 2.3153800289469295 0.3627774184594896
3.9456054979223434 0.18976908211469265 2.4165222803367596 0.39244813815017077
3.7423012858168585 0.1648235543536692 2.7833899332067036 0.3378826505992082
3.9407929031276225 0.16449254456633622 2.4218487021739645 0.3389014911621825
3.7862060261790886 0.17069029989805973 2.760949176956352 0.3495706067822125
3.94786732213454 0.16598327607733188 2.388828806964208 0.3429241967370273
3.990913051185459 0.18091936869717898 2.318694616123147 0.3715881603536764
3.8534192570561165 0.17955340939034845 2.609949353661171 0.36610808626030994
3.9815005289102148 0.1674928640200965 2.3544686366575016 0.34558893846236394
3.793032172658136 0.1687176828196875 2.6956107570825285 0.3445906535916014
3.8307077721327527 0.1746930208564089 2.6276547816711195 0.359082699321265
3.9032251972084353 0.18883068960619495 2.4497372849049857 0.3837935850637808
4.060501103423066 0.17297660225157696 2.1696658573789587 0.35359793096438846
3.8913057121415173 0.170561540873627 2.5363140207465253 0.3484260485172585
3.873828555507016 0.17432309433401671 2.5486948966385823 0.35931547357744925
3.8308988442031664 0.18095236498871822 2.649796461241518 0.3729125878258566
3.9144568760033307 0.17161988351603044 2.508737051571988 0.35420183403498046
3.8196722532467016 0.16471434247655717 2.670083740383968 0.34012396705279285
3.917787878867743 0.17111217454121141 2.477133863310087 0.35252017686736853
3.684146727821602 0.16858817399118395 2.946984819930229 0.3450567610846383
3.928202469837853 0.15479734315690996 2.4071603460043063 0.31942857134623054
3.834712480903062 0.16710178675755266 2.643220643703396 0.34459430715413164
3.7688335544924767 0.18276394054707118 2.7514315277351953 0.3790825142450523
3.929313247605264 0.17954832626310305 2.433291451568643 0.3639843158356959
3.635731063760784 0.17212029137607826 3.039647042845388 0.3528818404301081
3.8932904827603174 0.16457607284589612 2.5040332513312773 0.3381076537631855
3.945226234530011 0.18711000442906833 2.4438218158299 0.387637747587487
3.950427046986403 0.1591567220484864 2.395733795265847 0.3290561278891211
3.6940322516998307 0.1635596098542931 2.926622461105491 0.33294555110556867
3.9297116449893643 0.17941539601105774 2.4613294841197924 0.3692837426931462
3.7808482930097416 0.17618681306239425 2.7363655811115084 0.3636721038871905
3.8869678088135755 0.1693623849280727 2.5126696087014824 0.34833326919901275
3.6682158114850107 0.1776021188354095 2.9622052605968996 0.3637001820076489
3.910511074523288 0.17269432065201526 2.4723481579781055 0.35215765214269806
3.8299070569365985 0.1822702585992058 2.6676918012100055 0.3738468656377152
4.081880351585428 0.18623111725095431 2.130441946660161 0.3838528790031962
3.797051942481652 0.17788449784359342 2.6945329052208615 0.36569555992133385
3.87900397378273 0.16940976779395728 2.5153487809729107 0.34830785013301946
3.8662109688259543 0.1755194651557029 2.563186586186241 0.36100152196656116
3.9545364235059655 0.17733783783423965 2.4211937751467527 0.3648609182312088
4.021871266410379 0.1602120329525018 2.2472397910436364 0.32831808241420485
3.9990084811689757 0.1641412496814168 2.289036425610584 0.3388582670144288
3.961029081878972 0.18870873077868544 2.3774279672300827 0.3899129140362762
3.7608490398018404 0.1632931648561561 2.8121772150942332 0.3325310057501529
3.934432336228203 0.18222467377309592 2.4636996215818208 0.37770636722026973
3.7433250996235525 0.17977945786821103 2.8373116661250073 0.3654219583224844
3.9586741302782045 0.16846159936860508 2.3780595717881727 0.34678473222499273
3.879177460590423 0.164891042156324 2.5520068859004095 0.339345210667085
3.8907022509803237 0.18364786938502065 2.55583134206063 0.3775015257815286
3.7715653622404934 0.15755751273529967 2.754821365123009 0.32204991480902645
4.161237080045258 0.18291274863312254 2.0015983782635294 0.3762881387244678
3.845875772732124 0.18113092062608743 2.6071424050510084 0.3733153552517799
3.8779969543883057 0.16559025205833397 2.5684274992406255 0.33749143019581623
3.9539673980326775 0.16494871196460775 2.3659857599192144 0.33722764959263607
3.8306991633175675 0.175461417257739 2.664390175440259 0.3613517057752018
3.8180089412808176 0.19468243338521207 2.6772673456990175 0.4010037216090765
3.9602363624748183 0.16270632569708368 2.398104033610524 0.3325040182104393
3.979007304817065 0.1640012233958365 2.341591879993335 0.33795845791857243
3.8593107372013122 0.16490616762424035 2.567796576312598 0.3372886426070217
3.8993263630069093 0.16070082931979573 2.4798090982589827 0.3295311193201298
3.6866381385793057 0.17200709018029023 2.963646368591547 0.3551836197111346
4.0116020669149055 0.16352824751093567 2.2724495645704486 0.33534198309760144
3.9004696060199606 0.16871032605395894 2.4997259486868764 0.34682152091580654
4.0406559950628544 0.1834174883307377 2.177864297596515 0.37599172000921166
3.9573747952845943 0.16065692389349315 2.3364532258497084 0.3301007236833281
3.6868803765381957 0.1577681140206159 2.9430876807838704 0.32534309328915456
3.9982797245820514 0.1795977617173744 2.275388822913831 0.36893495004789045
3.7136986737035063 0.16941129355022025 2.8806703987380122 0.3468560988088777
3.999021656286999 0.18453773982226462 2.3183238806786095 0.377874416341964
3.8698410234903324 0.1802761045117671 2.6015821541865796 0.36936741553377206
3.800183961170522 0.1745610414538836 2.69410021946127 0.35885259165718736
3.8936203511207603 0.173257445500925 2.49395739613922 0.3579674781888292
3.767129924438237 0.15440431516869432 2.7837932996505357 0.3151181805769194
4.077510701154498 0.1743857310957903 2.142260222090388 0.3636194022205814
3.8392971123880937 0.17251760408611783 2.6481662281605285 0.3574905650833265
4.032154672922364 0.1681930867913066 2.255837266038651 0.3469899428243927
4.038586794703093 0.18543874174892253 2.2226363139536085 0.37906495519786515
3.886596338217291 0.1621432266395091 2.5331317477015607 0.33088042316500565
3.9139377283141306 0.16572197941061886 2.4616553769845977 0.3374679604428983
3.8261363010065095 0.16707659533249472 2.6751510262463265 0.34314611363423414
3.8474496614915408 0.1501829737993495 2.6449626922909197 0.3091039322400669
4.01597863324135 0.20424862262050397 2.2667529097100907 0.41811243412501087
3.8287259739610375 0.16883784009134445 2.6507474494252605 0.3479289344389518
3.83599893901118 0.15444587491792078 2.600491257411827 0.31916293205423435
3.937464484996416 0.15835303740373036 2.4302997065876437 0.32618789529415354
3.9041934102805658 0.17179797245855777 2.530910905766183 0.3512314596404223
3.9268921628878513 0.1492557809664031 2.465391400671252 0.30848818016348417
3.855004209540529 0.17673796666601416 2.578256033283478 0.3621049971790999
3.968972967090415 0.1591547482834864 2.3604602603939586 0.32991422785790814
3.794858615585782 0.1745589282741786 2.7203268815119785 0.35526523286523315
3.8325207266442707 0.17499721869993823 2.6849195429467536 0.36056540931553666
3.871549558619058 0.17398718996586843 2.554682398444613 0.35646580304380976
3.7629920530699525 0.18113871533787582 2.7651771981345856 0.370906846713994
3.850799839973857 0.18850436195754713 2.593692679620948 0.38740972148747727
3.7290946625360872 0.1796804321971492 2.833515641511114 0.3702438043876039
3.6573075755993014 0.19182817675204902 3.0069829689453584 0.39587001829813406
3.9475277628254606 0.18080865755086475 2.373400830072873 0.37370723853395715
3.673843438278503 0.166144673964114 2.97477092243609 0.34066077719021326
4.108817002912897 0.18393735719641574 2.0774339721107564 0.37924435848782606
3.6748695522454353 0.17200140295017605 2.9773839529339674 0.3548790101782167
4.011092267014998 0.17921458233035853 2.2743231405041757 0.3663947651526108
3.890954750784277 0.15228533800314714 2.5070772135569257 0.3148306274404441
3.861434391235991 0.17330700516943323 2.604034103847124 0.3571136287138828
3.9184588529196116 0.19468747529780564 2.4682985022821065 0.3987458451520798
4.182613798670319 0.14847346497817682 1.947563073210655 0.30481778569009793
3.7576801652776304 0.1658630929243396 2.78763357405503 0.34305125233815487
3.8271295093780453 0.1722292737299024 2.6572840325575786 0.35375952228346036
3.782714576896563 0.17561346527607885 2.758594876728715 0.36097406615433064
3.830234948569064 0.17479724257658588 2.6303052832703684 0.3600216999568697
3.955824731745096 0.1611369842661059 2.3947103932267844 0.3308681357568979
3.9112791087874257 0.16567266957499982 2.4849794716446247 0.33875489565917755
3.8434904171633884 0.17049126243718515 2.643250493093066 0.34929553863527657
3.966574105189554 0.17198384664208546 2.357582596785863 0.35464635510141496
3.837474525740175 0.1744589668697311 2.623490871039408 0.3598946908028896
3.9276902348758407 0.17944622810368502 2.4630108132784416 0.3708935532364907
4.095677764455841 0.17018833207538053 2.0813509916615884 0.35280202511431574
3.8017284814093566 0.17452315233607937 2.721758995902868 0.35827676282423976
3.9980377102158995 0.16763525300474785 2.2998155825392805 0.34722366223118634
3.780542980326937 0.17291261106256153 2.741327322702479 0.35882902299658775
4.010358984407665 0.184395420259013 2.28617909198153 0.3826749696831501
3.884124952767824 0.14470274085241983 2.5551007957564327 0.29941216121685454
4.090736245272446 0.1494417684903035 2.1264741407956125 0.30822058043999867
3.7562545630801627 0.16445030643195782 2.794845107775475 0.3369149318802223
3.8427466773753443 0.17787654250238635 2.6374139705970316 0.3660696468688193
3.7674073513021886 0.17638283744540476 2.8045080367089854 0.3632845956945155
3.535124515920363 0.169087438093505 3.254041049404029 0.34494650538807703
3.874730182551623 0.17684224864600442 2.5337517071514686 0.36238543100699133
3.9468312916272916 0.1788567805340209 2.417302510632693 0.36974890493707036
3.671648084130555 0.16638604759836428 2.9920889394701655 0.3418077433090233
3.957242437912953 0.1782740944085922 2.3777961026576144 0.36848110013412544
4.050592354506525 0.15489146539281326 2.246335247180867 0.3171164350286231
3.87214544122194 0.1719346186062429 2.5596736451559803 0.3572399156425554
3.7886155327975315 0.17452193184940776 2.7461288192500515 0.3579074784876097
3.8837536542846394 0.18913345513997065 2.569886799965944 0.387448508623807
3.694436125937704 0.1727636582105746 2.921518805222151 0.35642760179243266
3.948403936851091 0.18713458795085652 2.4102474872398236 0.38344400852075977
3.88046198008351 0.18299541219189752 2.563498678949555 0.3763432027158913
3.9956462122504552 0.1621409044306093 2.32987931575403 0.334661639281061
3.8627236495122865 0.17606747416940735 2.569457743714655 0.36095239235885407
3.865496782884393 0.18380831315155752 2.570414818483628 0.37892445168157185
4.040631320343995 0.17126733482256964 2.213593094689414 0.35243895546038556
3.8487891923763806 0.17221438225761734 2.6082307550677575 0.35541131573753415
3.9326902443154674 0.16718144050975486 2.430595093289675 0.3465847891790643
3.9146299627867167 0.16304689373643322 2.4696279915473456 0.3342092063393081
3.880532067570126 0.16117548420710445 2.54074890485845 0.3292321299177749
3.935774967562142 0.18130515902796554 2.4324080554670804 0.3697654229877184
3.8561438478463432 0.1710531222971513 2.613933625591824 0.3535219629136247
3.6917620324840303 0.1688729897818861 2.9551962489493713 0.34567902241603665
3.8246646557722013 0.17122924692444833 2.6663618685118964 0.35451342841559913
3.8670023282756754 0.17226220625982513 2.5552208414159465 0.3537726112547261
3.768803829838734 0.16352894052463812 2.7903960938023498 0.336962040936314
3.6956044618781707 0.18133844519182507 2.909384745643079 0.37098570791993296
3.8207686947758166 0.1443524836013456 2.648013278165256 0.29355391796209523
3.740265286526527 0.1656718023068462 2.8408855545336276 0.33993316721002714
3.925704670164494 0.17746029590043377 2.4471317104951376 0.36338270321421506
4.057393320302699 0.16670127806558807 2.20192560552941 0.34425651236815885
3.9580286702637837 0.16772278216663067 2.4063861492085517 0.3476206841351458
3.999499405302595 0.17773643308985743 2.2854768850016667 0.36829304138555513
3.8642841275464512 0.1899443668366013 2.590331161739596 0.3852750918892026
3.7263482296780004 0.16862952810604942 2.857924849198794 0.3503873553387368
3.9444369779454824 0.19147098776169402 2.4040877247433787 0.39384685609684045
3.835609519710795 0.19749327346069784 2.6380831707576147 0.40749006908290986
3.7036776697818525 0.1595580967494181 2.9253146551501468 0.32890666993020967
3.7570808812560728 0.16679534138021287 2.805767131242171 0.3455767836694037
3.9030433588759896 0.16868110595979952 2.5006508184074914 0.34377072942065867
3.852892349393293 0.15955801498606437 2.6192798163655233 0.325326161034359
3.9310394043776036 0.18896414316739552 2.4410230643711337 0.390494659161526
3.7738571257606317 0.16053146102299773 2.7578270487972043 0.32990100846090464
3.985873193927187 0.15200072139659834 2.3385835110069406 0.31013161960190216
4.00983169312587 0.1877536834079466 2.236980231918294 0.38603284904293855
3.9558589336919727 0.18295395569261663 2.378369198411428 0.3748460601637419
3.7862305496293174 0.162804903458487 2.7113385415029763 0.3342148936206765
3.903391153915546 0.1759775635547933 2.4820569670809003 0.3606539024599228
3.6892289756628887 0.17198392819314381 2.921569211050614 0.3541473803171017
3.9738766180819223 0.18208142450184772 2.342833199936454 0.3711861610920163
3.812710183550622 0.15540050626045418 2.646478393287655 0.321123701498178
3.6778918728844916 0.1599204003963441 2.9374199702558625 0.3262032201625175
3.9494963264270693 0.1855745665732143 2.4133319600132217 0.381213610490753
3.90292061887323 0.17432790686033314 2.539868091923221 0.35784555236560117
4.045009699426924 0.16566425846840552 2.2195406157567663 0.33994886499641136
3.6269084178256117 0.16988209408238888 3.1040966304286837 0.3490776751153709
3.6915684714276327 0.16066517545876316 2.952543021109612 0.33188919492577085
3.9226771389098003 0.15931941138502126 2.4521761221874003 0.32839437872515714
3.8342617713829124 0.18726008729810273 2.6723227409089336 0.38361965986068464
4.0913139873387045 0.1780871764234359 2.0711572441978072 0.36629238929670965
3.8776003154358207 0.1671691413672172 2.5278022345330937 0.34352753256170493
4.051951032525061 0.17546282678053954 2.2137217470180914 0.36159323241004315
3.9328687887191673 0.1716622572932629 2.456250759327281 0.35304158940265434
4.023064886930667 0.17442880628991161 2.263610081585827 0.36064096897266806
3.8299215932638333 0.16880879424929096 2.644927664386548 0.3491231528933341
3.9068052308856602 0.1741092953902307 2.5085817592468755 0.35924355114620327
3.7147538839839367 0.1760311428378671 2.8742380550522073 0.36636796251390735
3.9454896213818835 0.17367262404983316 2.412733886126457 0.3572715601328192
3.685691931264734 0.1612908635232777 2.943407936177408 0.33407218070506245
4.042752748239251 0.17245176719487879 2.2025635127740504 0.35551119345360704
3.9743488475444266 0.15656394931940615 2.349855424015343 0.32028740637537634
3.863635609034536 0.1779280774103602 2.57884644440757 0.36370615385279964
3.8170985033764304 0.18057987029311318 2.68441599592457 0.3722730440029368
3.8226815075481047 0.15398263742933488 2.680320294261075 0.3162744732796201
3.842659052264593 0.21139005808668263 2.6356165932718527 0.4340126193093511
4.140085336304425 0.17282622109521248 2.0270907758962693 0.3533853719790985
3.781319408957036 0.1762516463124995 2.7158186323845315 0.36362506581811366
4.012566574009744 0.16832752908838827 2.242351579336301 0.34695260365695174
3.9268817595575856 0.16957140389802872 2.4389301118745648 0.3511424049459061
4.00823187613959 0.1655497612723296 2.2955131534073567 0.3409703451943483
3.8647301570746793 0.1773215381338843 2.581836907689529 0.3604139323881975
3.821613715063309 0.16588528613324977 2.647268317030531 0.34062091769745295
3.7227352024814335 0.1614580435826013 2.856771387740294 0.33528390157317234
3.7481244761116685 0.17841055558517194 2.8134446841116656 0.3660619820548058
3.9164891801297435 0.16327878678206534 2.4901557522915256 0.33682954583134617
3.9148352693816175 0.16989360374689233 2.4684453878796306 0.347471589640619
3.8525373783051142 0.16930924337169723 2.6122175227095914 0.3513904478161676
3.8215069617759125 0.17987903830342447 2.61441027174857 0.3707481713197307
3.740085192608566 0.1594869965555099 2.8285626734175646 0.32925673595905486
3.7838086523433176 0.17454793382184222 2.771592495202033 0.36015880997162747
3.9032421734721474 0.17361694344527556 2.4938095274133114 0.35700896268028626
3.7876244162149604 0.1743643558094887 2.6990379299929828 0.356717819689889
3.840193094715368 0.18857224700947384 2.6123105614030315 0.3886727800712602
3.932416436162545 0.17770354400616498 2.427684264325432 0.36701159578201364
3.8217001499888705 0.1630590422089296 2.6475394568611255 0.33579940307160916
4.035189956387912 0.16548753378352293 2.232123806664304 0.3405970855469859
3.7846731125858013 0.17205102106146056 2.747911349537252 0.35351872416138785
3.927887387721328 0.16225338326044517 2.461842579696553 0.3356034438634816
3.972947369815971 0.17018834921159748 2.3133851899408318 0.34822247352311675
3.754755810013771 0.1795562116265397 2.785677182103056 0.3682809959872979
3.976098367056522 0.1668411301081861 2.389749444564538 0.3438067553007465
3.7894279219084748 0.1693253401029104 2.703905764726323 0.3488194096540045
4.130386409866382 0.18075713869892604 2.0259958835545193 0.370807247947343
3.8503923015036228 0.1952744123950611 2.6373040723427956 0.3986966423288386
3.95885094157311 0.15139843824114257 2.3602090962938798 0.31093285646650254
3.8264740000429236 0.17761118003589302 2.641609754894624 0.3691294989557879
3.9007320929649927 0.1868208490747746 2.4945578432258113 0.3868469081753633
3.8398005557923858 0.15639847937014267 2.620270473499776 0.31963082169052587
3.7189504268713716 0.18042207704824803 2.8670094827053063 0.36860104259331467
3.927596909304538 0.15174610921658374 2.4501145935934616 0.30960047275437014
3.890869137049151 0.160381423155834 2.526551098511141 0.332727219762322
3.8697962216164417 0.16352442409288875 2.5844683917229556 0.33377705140531005
3.680580277726981 0.17050094543834318 2.948705074663691 0.34963086531968113
3.81307137067481 0.1677505552201208 2.6618185083498838 0.3457780458594858
4.17324389628247 0.1718465930103496 1.966351449141074 0.35397151509462355
3.948520501083606 0.17181937391574195 2.3824187228856717 0.351820066105479
3.9411854152171086 0.17956147984175794 2.4167856005349613 0.3668549645917415
3.887933481567784 0.17491905999921278 2.523182638176996 0.3634647007739759
3.8488803619601963 0.16118565809179872 2.6301388288734326 0.33149423693275537
3.9415296033811655 0.16554512617216333 2.42355254494937 0.3397653031595559
3.9988017547323675 0.16133123986839112 2.2983392533657856 0.3342730803640632
3.7723464573744736 0.18160349055436747 2.759589983176647 0.3757081477333736
3.758063462599729 0.15829646221904534 2.7918595051657564 0.32590604771938175
3.6622907213616784 0.17402692724098953 2.9929766937361126 0.3607831564631431
3.8676341115439654 0.18490619724777943 2.5501462971220317 0.38301793824830477
3.8290744162228245 0.16392767279458126 2.6407372625650716 0.3376264509258777
4.029837599654584 0.17210521262976758 2.2285393182173423 0.3528447352786375
3.784313021061411 0.1749971151369246 2.7409574899511635 0.3602980541066446
3.758448562424877 0.1529069863756296 2.81111387078709 0.3152845387468929
3.6703702236427533 0.1772569748474045 2.9859994750240664 0.36371571036490574
4.038561416735375 0.16352803127009832 2.2005883476130688 0.3375464233391176
3.647293857378856 0.17012658908402922 3.007014332376608 0.35263577502910265
3.765103502029845 0.163823636095878 2.7689720779185434 0.33591255852403307
3.730511085081807 0.175063849930282 2.8688020717225635 0.36059279146626294
3.9605943652046545 0.1616988992112956 2.382348239576509 0.3322210344106786
3.8980726754992565 0.1647695669116014 2.517657173942362 0.3375121097752464
3.7591778781991705 0.15971045541166914 2.8021877084995763 0.3289645936350825
4.013768571940057 0.17551285432290084 2.278999986416234 0.3585598732141695
3.840913187848154 0.18377016155781237 2.6275427981781654 0.3740642272008697
4.01047450809358 0.18038162764637478 2.27516458105863 0.37147215099415176
3.9089305242038725 0.17144226309621682 2.491158109929816 0.3521873748434762
3.860475357068575 0.17775750071091895 2.5811011747444694 0.362901825530894
3.9457392788806906 0.1743446387037499 2.405680592108768 0.3598129498051001
3.8520981694263328 0.19465374255475018 2.5811725827623113 0.39902987010451085
3.897331194760543 0.16901712178278766 2.510639603845192 0.34729897040515767
3.924812125957358 0.15325848941755021 2.450422812591139 0.3151254807227833
3.909581537567866 0.17717155649842856 2.4726320540901794 0.3671546385346997
3.750740760438241 0.17221149330168456 2.802747001553123 0.3547889456282216
3.8315065614862887 0.16577231298696293 2.638064172269268 0.33727393398578653
4.067603120985212 0.17719771739343362 2.192295232169396 0.36690666192973653
3.730672529322679 0.16370974400125285 2.867581526582455 0.33471485811393903
4.017725569291662 0.17568703283351347 2.2787301893369523 0.3595497440928821
3.7210593166672794 0.16794640135922156 2.864529125708586 0.3446754446804394
3.885331737120703 0.16905025727998368 2.4915431136140587 0.3484681854918746
4.03264098355814 0.16913445673335364 2.2407696960028223 0.3515525173685315
3.767852533393065 0.18741591912121036 2.782702845171899 0.3838392181337804
3.7886284350166317 0.17029752910811755 2.7268166556652442 0.34969895680198926
4.124994339071984 0.17466838120350608 2.04166928618306 0.35495648198456503
3.975378230426453 0.15583511109848794 2.3355295661978754 0.3186483044498747
3.9251908834058216 0.18426058814094173 2.455409418283262 0.37852187405505844
3.969976988376489 0.18021589059282628 2.3973905099736643 0.36998913369637393
3.9912865228213406 0.1733915499417352 2.304087417328555 0.35818351945041527
3.8929772979560546 0.1632308415402323 2.5112795431730905 0.3347527674929937
3.96031963290468 0.1650867773115071 2.401040317200988 0.33826157965602377
3.7298433685922596 0.1783865609609121 2.8432086673582857 0.36992690533809086
3.82420119980637 0.17173502117998726 2.6415911108245007 0.3544191348106286
3.588444889089902 0.17095689016884227 3.1555411097771797 0.35573500297662164
4.011496112228734 0.18740739759322378 2.280849430189339 0.3858598126098873
3.885050704135653 0.17425866670161116 2.547979245996303 0.3576351788999836
3.9047970490847925 0.1634364129112549 2.5069659848267576 0.3321045481321111
4.036423787147932 0.17609771542479596 2.2105317855936457 0.3602448278558014
3.8541625547945833 0.17707973520979936 2.6141730373045675 0.3633871844611598
3.9263064113644313 0.1656789904288344 2.4509336177922463 0.33905034821059565
3.974233664091292 0.17352401507676457 2.366514996834635 0.35771646923984585
3.948418513397079 0.18277925623720742 2.387397687423819 0.3757390038892432
3.869476110636854 0.18068593046760742 2.582430198042618 0.3696685370806535
3.943215091757728 0.16932428090294468 2.425274553310416 0.35211050527902704
3.825114946427271 0.1488100828163052 2.669876599205039 0.304999545415159
4.044239939160516 0.18456623547469456 2.202395782300544 0.37844603744156
3.7564175504562796 0.18035341958474557 2.8247271323783565 0.36935585667759485
3.8463239950182304 0.17746797480720328 2.6134610024456544 0.36207067009346233
3.9420461373184135 0.1773978113119136 2.415906416829592 0.3625732823901281
3.9035555043270365 0.16529703246442176 2.4888302067812758 0.3427786874744368
3.8069825221618996 0.1820658910436141 2.7156664092702365 0.37749480908612837
3.9675964302718194 0.16118189822340245 2.351186746166606 0.32837149981453073
3.8476087210390313 0.182404640371581 2.62705354937264 0.3753995861748905
3.67532548383809 0.18510923256153985 2.961416118010781 0.38169355041309855
4.156796930001045 0.1564996036565439 1.9685384584747236 0.3214281483012197
4.044911999185217 0.16235817360876956 2.195455551995434 0.3318352593435146
3.897782772792876 0.17287221864157243 2.5083052413942006 0.352975389740271
3.8846657460653127 0.16726987378257974 2.487889118512827 0.3416399266304998
3.8408359730327586 0.19188428687527287 2.6332810890717706 0.3942118404494161
3.862898293733897 0.16350415716645292 2.584066718415148 0.3354150545901139
3.6183995338515302 0.15395775391014258 3.0620985083020775 0.31624698658785033
3.7553980738156403 0.15827835261591644 2.8144510930537057 0.3246332572261215
4.16279002062792 0.17757716864730722 1.9874076185540654 0.36176248406072387
4.088751203184077 0.16118373007094985 2.1186592841434573 0.33331799838391796
3.8405396028223056 0.17134597068453347 2.6352877479014474 0.3539457254083489
3.724468411376611 0.16552937703632756 2.871724545021025 0.3408209476033387
3.9201405988578903 0.17731842410787635 2.4560296440788623 0.36530479589847964
3.739859805887846 0.16250622619767865 2.81181343564684 0.3367844566722536
3.8656156791497676 0.1582421808700674 2.5510430280359095 0.32235191603388663
3.9802926942244508 0.15303661649419806 2.357496805318507 0.31542050894847384
4.086436070844412 0.17149335419450779 2.1255570024121226 0.35025935263113217
4.139315071156977 0.1688598853706874 1.9974018168294283 0.35200772741638475
4.028895349787863 0.16708181460479782 2.2066347653855862 0.3483656361377842
3.728776747297284 0.1554294393635664 2.836676952572072 0.32157719099061755
3.7203077162576923 0.17624978795345742 2.8787851423839523 0.3576782907070619
3.929401362870155 0.1746646227418029 2.459118197797717 0.36160471392200433
3.7104662073013 0.1800500087366906 2.9103080622841877 0.3658853862698753
3.697563552550928 0.20616727560942374 2.9351973143305075 0.42712813022405366
4.047905105331079 0.17331964829941085 2.224401780862206 0.3559646506958506
3.980431502993156 0.16668845055977516 2.337309368700753 0.3446460523009134
3.617356465320781 0.1704822288069945 3.0463332594117167 0.34750941786231393
3.9811242223274546 0.16078908431994796 2.3489972291240058 0.33067718810076246
3.8152790341078915 0.17801209832909512 2.649191488059942 0.36398745073820576
4.041372801569311 0.18874387396863962 2.1988860984301755 0.384242182052885
3.867695366540893 0.16621759856636528 2.589559650496729 0.34129948886258626
3.8088191550187585 0.1750763097637712 2.6668587701410327 0.3651246021434735
3.857129980706482 0.1739927035175493 2.578242531390318 0.3570285490294347
3.826251149578993 0.18520353673039622 2.6734726948174408 0.3829680119178914
3.8255748360719672 0.17857172547603162 2.6400960893150316 0.3681071858664751
3.877017214200964 0.16726108963380432 2.567531389590327 0.343558632652871
3.915286315188153 0.17653781897849263 2.448886054619968 0.3633622767439517
3.633331718352369 0.16200248339302462 3.083124807989109 0.33352674929012616
4.067385085703632 0.1693765175257508 2.1653676066787213 0.34722265875990693
4.095414479019782 0.17903596401535163 2.1092924143716596 0.3676387745816613
3.906444179382766 0.17528462431756012 2.501552343070636 0.35891631559967135
3.901314424761609 0.17841116805917204 2.5176284064290373 0.36796263341732327
4.027022687445187 0.1458801527448963 2.2498022443753536 0.29812519878570043
3.8674610873217654 0.16421594173740647 2.5685740648354125 0.34103244434903224
3.836065305833173 0.1633538784722287 2.5931047644194902 0.33332906933957557
3.889253209033363 0.17816970277473815 2.5264412567488965 0.3619753845189876
3.835888166447395 0.16664556803833558 2.63239324151048 0.3421052173464559
3.975417279668424 0.16271946394945253 2.3377411177117846 0.3339894394229459
3.8808932742182467 0.14883353799487825 2.568241751842134 0.30504445257247087
3.962071774234607 0.1745088691283869 2.3991556661331854 0.35813654207643447
3.8311980293354955 0.16805638739710047 2.5967222111177963 0.3503845147191476
3.8277893380110433 0.1557647005225956 2.6658355847479283 0.3181719622931262
4.043730898185539 0.16336599925106937 2.197640294620209 0.33293185539656284
3.907071497014477 0.17542916262457411 2.510845823075571 0.358205183093196
4.017577655952736 0.16808424833132732 2.2664880518337585 0.3431194582330306
3.871424057774719 0.1636361094932608 2.582601970904983 0.33693460323609103
3.7611759180871056 0.15874631258385716 2.7768426875042005 0.3277195200701201
3.9800912782990174 0.17936845095364873 2.322623637186001 0.36805004362840105
3.770766646627436 0.1686143355174831 2.7546492207332616 0.34727377188847436
3.890626169841673 0.18021807297835582 2.540303472631127 0.36935762706888225
3.7796817314205047 0.17135581089732788 2.725477922421013 0.3497567303769398
3.8219208418929274 0.172362194480981 2.677452620311648 0.35840534638735905
4.056057614571751 0.18240205092707176 2.1761662764906977 0.37723725471860925
3.7385210913056017 0.1524560797005072 2.821152729215851 0.3138328136149764
3.659360224587095 0.17056518300025628 2.992057158955806 0.3509191882120142
3.800337347995995 0.17546397596375607 2.7115857025272163 0.3602524467904279
3.950317960552138 0.16970880023883958 2.4085960191528986 0.3518223221262541
3.896297537595931 0.18227669801046606 2.4934087790328974 0.37369009400022735
3.7611546795819146 0.17772114218763393 2.793057258642862 0.36677885976125224
3.832300947782068 0.19272372197788504 2.6361510775172436 0.3927229528492624
3.7636714971006424 0.1823166783156014 2.7705836073487538 0.37438180927417325
3.7826730998174787 0.18070653908190765 2.769401274972779 0.37337463868208587
3.8348622069161404 0.16829290952105455 2.626105784533273 0.34534159923684127
3.819467488353541 0.16557061512619878 2.6889089916067848 0.3374634756966925
4.091578829983321 0.17618511041614449 2.125066000199062 0.3590456750827051
3.9105911846499426 0.17030483151741083 2.500769308359714 0.3484812832195833
3.898173753968635 0.1700421062776465 2.4999086894321065 0.3512379975881408
3.8433316830986683 0.1572068650695364 2.622548556977079 0.3240351994393391
3.9285175709034563 0.1652721366933003 2.4833909896685724 0.341408798895425
3.929449897412794 0.1725804474181372 2.4522141343617445 0.3533829628535021
3.9954611263953668 0.18331414688920364 2.3117006515360576 0.3796112874422826
3.906376598946399 0.16352255207370306 2.475481858352044 0.33554206655091895
3.792721178502714 0.17938024754442777 2.7068240115000672 0.36995140298178303
3.855777924733844 0.17101514611514668 2.5992972348345473 0.3504437751416513
3.7787771653874653 0.16526912058218432 2.7314693297915316 0.3398046541205754
3.8972602303190307 0.15949149377511695 2.4974125497222635 0.3300299865337841
3.699976598196611 0.15914113736673094 2.9487723173842446 0.3255452335290033
3.761503103689579 0.16500534910483244 2.822871810846647 0.33949335308730655
3.999554767401662 0.17955134967319095 2.295047199402191 0.3681687209487924
4.091174278100485 0.17053802928440853 2.132071267806994 0.3517889757440128
3.926482145350583 0.1766272382102969 2.4502103852119967 0.3647167074420343
3.8323761933564686 0.18399024796018904 2.606502519191592 0.3807399541513721
3.928200293243336 0.17472060283238414 2.4480666216474987 0.3614285325450163
4.0107678176172135 0.17298585875519742 2.2787944629573236 0.3559361511818776
3.8841173707986263 0.17215362951736554 2.537661718714931 0.3561643945457578
3.8867996340564996 0.1865774327848628 2.5183801395417955 0.3800302303603454
3.96124340476816 0.18235718342274565 2.396873760013766 0.37663526471970854
3.8471169377801226 0.16359444633207731 2.6319925920101213 0.33483689284715423
3.7231646741956745 0.16134540630468625 2.851405900985979 0.3298038667463365
3.6891214237804526 0.16151217047212574 2.911131562728011 0.3335364975226805
3.9218976079422228 0.17018655128326027 2.476731968473956 0.35163947449913135
3.6714249186180608 0.1686549392153302 2.9619532662533965 0.3450286435750374
4.0283616118498475 0.19504400540545827 2.2326772004818167 0.3987024192952321
3.8439626378352156 0.15393297963575978 2.5979966556165497 0.3166293257118768
3.9406780413776925 0.17347481137077628 2.4494299214958004 0.35389553052698564
3.8809751923717495 0.1563705952551339 2.5402376888289657 0.3236967085650447
4.1782772514480335 0.1690413843536079 1.9312685847032047 0.3467204962798099
3.8611390510669716 0.18067074346307418 2.5965047800281305 0.36754291235936304
3.9003070107852054 0.1863721471174031 2.5248747221902956 0.38268915554437766
3.9285510359390767 0.18118090123315905 2.467707041303326 0.3751999548949039
3.8584978072894867 0.16243974896189242 2.5977971467435923 0.3338385182883773
3.8442252696384154 0.15772608455161272 2.601672056784788 0.3256843313441499
3.8426172510178507 0.1655212484615129 2.635498207156979 0.33803943458521657
3.7284300228545675 0.1675630339242223 2.8390651050233338 0.3415373171258554
3.737375630454115 0.17320731504904846 2.831225878347401 0.3553105825815194
3.7006936952254668 0.17024712106622647 2.881237420294287 0.34762279282835223
3.7829344420283495 0.16320238587566138 2.724338615697064 0.33438384390843945
3.9947406816337274 0.16536124703170357 2.262600126962005 0.3419920859165641
3.8489625954907405 0.1577681323996445 2.605383566239045 0.3277732133727833
3.7650748786460797 0.16332741511872798 2.758199457759327 0.33581544528479323
3.9038076821713155 0.1752878310355648 2.486460360857075 0.35887172653166244
3.932321510271338 0.18694726381352905 2.4147280338684265 0.38292062578963093
3.9392366681768003 0.16291037653135118 2.4483083865547735 0.3376529498926021
3.778471448251813 0.16594141359389764 2.735831159273056 0.3386747499700342
3.785783934502413 0.177421788503931 2.728593108033542 0.36466473643226055
4.033547304909021 0.18228141224931638 2.235385613566956 0.37273884086867404
4.027153306211806 0.18199350679506776 2.2033018018316035 0.37280273043425466
3.955420428472401 0.16235742602784042 2.3824245209489425 0.3334867758959586
3.9236492900634556 0.15862702836543716 2.445066894961341 0.3273482155928833
3.973433372721149 0.1760473938489849 2.3762655372110535 0.36189018967821446
3.930203181336132 0.17578873661199282 2.4507703733741413 0.36373066573085966
3.8762716851376053 0.16318048763331514 2.543004240260551 0.33707135746395556
3.872820153709368 0.17538837408066085 2.5531192487564374 0.35742400586492096
3.8261440630923125 0.17121775040256015 2.664040390944921 0.34893257931562655
3.946387291012542 0.18636132280071177 2.3872449171676875 0.3844166235929233
3.774058395043566 0.16925916689880696 2.7474456402485306 0.3487491970855371
3.9947003419375786 0.17428032326413898 2.329715411455673 0.3562587164450058
4.0403266100241035 0.1637840077339835 2.2068401475771693 0.340347995971794
3.7896381846305083 0.1870361948723413 2.738981174294659 0.3873754276388135
3.883578487194601 0.170421709318391 2.540102150996173 0.3506831230170099
3.5728954758052947 0.1609526914404998 3.165483178390304 0.331451420072926
3.7425149581704593 0.18207253758898292 2.820084065431332 0.3735776945643983
3.788680599433551 0.16554495654586598 2.7277238658382936 0.338583235852827
3.7646508834353587 0.14321620632464863 2.7479355726868193 0.29629231621141877
3.785228397963306 0.16249418110076058 2.7392893463009234 0.33594087814445
3.8751072039916656 0.16334749862393033 2.5373314791261983 0.33459783730153325
3.8514838168707786 0.1765287159905179 2.64006838868883 0.35656540068516157
4.091730198911883 0.16346086396318607 2.130140949016768 0.33517309119070277
3.8069411552516152 0.18071433626129302 2.71616505571553 0.3716805450009604
3.891056486976228 0.17724922157174214 2.520118560869961 0.3628225846674141
3.7256071680175573 0.15810604726634528 2.8444713804785744 0.33048014056524594
3.7877197846615056 0.15668186190174127 2.7165722429532835 0.32284958494034754
3.9881996461171543 0.19058540023745787 2.3177700113649498 0.3914114375327503
3.9754335498302584 0.17873326340905946 2.3560209258612894 0.3649432268707882
3.856371460775991 0.15262404699258972 2.6009132035700744 0.3184157555888885
3.7455984958327484 0.1641116203580283 2.7993476030023503 0.3429551549467471
3.892387273201015 0.17290974521282704 2.473448544502474 0.3567271270215476
4.15556909731032 0.17294620143789483 1.9936326207676491 0.3542329794341025
3.971998969850843 0.16443331724043844 2.3660176899132086 0.3366509692368556
3.789694886665278 0.1705865821786223 2.7528877373578498 0.34994130222584435
