4.187650037694248 0.4674571237674604 1.9852632152261382 0.9647389141845077
4.309377832004121 0.44317216908515433 1.7038985555147592 0.915149798627242
4.205375325783596 0.45714745529482903 1.8825826368789524 0.9366810404946074
4.148430234705526 0.4655659910090229 2.028599121034306 0.9521048594925625
3.7164950721314733 0.4490754586718992 2.906449348197546 0.9260039399638801
3.704783361688726 0.4531807749020028 2.91711067227054 0.9296710130990702
3.8275296672420653 0.5094029660571545 2.7225706684678213 1.039738026699808
3.6710821033899412 0.460572085040826 3.013826379049311 0.9534081059595789
3.227739576847969 0.46577526299445104 3.9792774871554366 0.9583241521179306
3.6170923900429237 0.43761327056064175 2.9975943881333693 0.8937113967107214
3.5943835865107703 0.43736812531776464 3.2311245999838833 0.901442835970312
4.509771950734723 0.45059840104160076 1.3008388586919644 0.9252673699107136
3.915110410242714 0.45127654766164277 2.4463150080593765 0.9408560399929767
4.076520248015955 0.44716159721387777 2.128817375023134 0.9182798549828418
4.030231191633202 0.5031744414100487 2.182944468878648 1.0319766394963719
3.5604399745857553 0.4763231154247961 3.172621455922682 0.9724547293828013
3.8978984772470464 0.4914894658357093 2.580111088517474 1.0134615622948975
3.9189792300835835 0.46396573770844396 2.491687669564513 0.9523863475529097
3.5966595602487024 0.44596596815278555 3.045073472611924 0.9173477908010077
3.726663053843082 0.48756747711215603 2.91446561220333 0.9995855566846614
3.8520163177290803 0.48671094270356446 2.5529395317806522 0.9956334512859117
3.6436827023102465 0.47041216274389447 3.013842698196234 0.9660374288086652
3.7144531985056473 0.45762761314213707 2.7992580198705013 0.9437939374597855
4.033783770115281 0.48686043814803104 2.30912750385469 1.0044989168478056
3.781179191097414 0.5026821886096119 2.7756600673226615 1.0433606364812242
4.100825805862665 0.4643893169643068 1.9722455484136765 0.958382680275302
3.728087772447341 0.4354665686553283 2.883140558189883 0.8882629291376081
3.396518338785388 0.48756781195460835 3.4993997106176216 0.9931073271443489
3.886177469026471 0.4648226855563323 2.4863360698871535 0.9638333412687612
3.563333742857335 0.44780037471894607 3.2107470043054795 0.9203089572306052
4.02175939573676 0.49188936487832763 2.224048901945289 1.017556374502029
3.6746295709859726 0.4407667635172634 2.9806943495370213 0.9124809973853185
3.9955862750947926 0.43439776908136735 2.2894019613205816 0.8902747721112496
3.8923891196148044 0.43996440850470336 2.521279179089204 0.910459982213117
4.192889069945854 0.48034552588363744 1.9242117935991196 0.97274582899474
3.9913392138289945 0.4779776196629398 2.4154173187499 0.9811042397932548
4.095602643866118 0.44981707469181725 2.070107880238987 0.9262120572197637
3.8694999840111017 0.40183887783589767 2.583600500705657 0.8285584326020391
4.080883130613534 0.4917043378252744 2.096643732204711 1.005018079465538
4.391863351340696 0.4707817160881835 1.513738099383227 0.9680384828261898
4.456007305803913 0.46872491851266596 1.3681530362113594 0.97102046363392
3.869813292344805 0.43278294854691557 2.543960880981694 0.8847626630259487
4.293820695957525 0.43223737446999794 1.6797832513062914 0.8891078414540303
4.15048788874488 0.4491223915516399 1.8890277864649225 0.9221698282837569
3.915267039341802 0.482734608578549 2.452128535832906 0.9874616714059637
4.196866945944039 0.47111008468319227 1.8795337051903636 0.968376959782765
4.391320074339323 0.4938334610800863 1.4992760010717903 1.0213282465080724
3.9668701912317745 0.48092878983200926 2.3063571702959735 0.9826925083910969
4.071182144159186 0.463064625954739 2.0885047905153717 0.9518076060060084
4.051466400740269 0.4204122833611754 2.143182572528017 0.8629929030449841
3.9739412951299933 0.4811186901851378 2.3735690964243403 0.9884358626555467
4.015227410247837 0.4689365424380751 2.2383480717612168 0.9656632348788308
3.6548474263147366 0.4650250171154242 2.9567660616010025 0.959395132598937
4.183603178708191 0.4602242369496913 2.0626486135481343 0.9395600619561708
4.253664105608298 0.4798373815769391 1.836101092758351 0.984888541813567
4.062685972643193 0.46164355097176263 2.1433456297339966 0.9475404242242782
3.8964343419032357 0.45981485123815036 2.4041815314438004 0.9460031608434434
3.926685358662805 0.461456781144169 2.4154538743245917 0.9473817377069689
3.7575841838246564 0.43602623450259853 2.8648177499406184 0.8860389541201437
4.423659855768855 0.5216682220352912 1.4308852644899916 1.0748660249440192
3.1639487595600393 0.46977497009757635 4.116219205655811 0.9661452197906779
3.829914261316467 0.45378293581554124 2.559658907389788 0.9302421743550711
3.891286825815511 0.4639095004902694 2.431068700363828 0.9495409916597302
3.877093555920575 0.49233842160600655 2.548901252091606 0.9997672588590499
3.7286093659582424 0.4524470965325886 2.8614245194841694 0.9241553539266754
4.459709840894461 0.4734259630627633 1.3217264607626236 0.9748780146376819
3.7583454675880184 0.46643370136342555 2.8116281079245296 0.9669839035174307
3.7493063120605172 0.4499727776223873 2.7625433875702408 0.9276953621027514
4.212004890366533 0.47399093820657967 1.8008741354372955 0.9711914175852471
3.761091210496015 0.4576655845688204 2.7453132900379646 0.9320459231492092
3.9370761462137756 0.45042550231895573 2.428465484124726 0.9246026139621006
4.304472265471217 0.4274245450430401 1.66251662511084 0.8746166991612674
4.440229202857736 0.4090748500675044 1.2844395506613433 0.8318482652531859
3.819834956676775 0.45974942782434625 2.652804417618513 0.9309822002587602
3.8166962903379362 0.44114620330919774 2.6327153025228536 0.9037360635872791
4.07049580618232 0.4698533866648485 2.167425267135214 0.9697660390913916
4.045645910047888 0.46799634819673236 2.183781608937395 0.9560779438249828
3.769695863681207 0.45885038026817804 2.7742067729504623 0.945173660329005
4.325322616725403 0.49053880256150834 1.633235707680762 1.0030268482938107
4.164242095484919 0.4749664941347376 1.93721866261721 0.9752092137639463
4.087131709240994 0.4363227379290049 2.105687828053644 0.8976552032922445
4.040256490316814 0.44771526276868046 2.301016846769474 0.9156110185499781
4.266815350111429 0.49509325933866355 1.7290816063947874 1.01605780867588
3.5799622621250466 0.48696117219740226 3.1051725079158197 1.0051980852362001
4.152893760055105 0.44476325798841043 1.8743124450365016 0.916638791502719
4.18934186528076 0.4609768004123967 1.9082246421492286 0.9468673083517751
4.176976943249718 0.4559315068658659 1.9850356361175463 0.9410841145980628
4.279105133816736 0.4433669200799308 1.6520882662988994 0.9077849102271858
4.577627110694261 0.453084774149359 1.1005535174208199 0.9316959116881408
3.6793295086994657 0.4308025831874498 2.9848855844760656 0.8836454823367133
3.752269377872061 0.4824753610989273 2.7362649386041458 0.9935636522814014
3.6964163168274835 0.46974787463517415 2.930975131559605 0.9612387265394232
3.6250919349875708 0.462840596604022 3.0797186696302083 0.9491013071980486
3.632000784426397 0.46330507150467004 3.099239016624188 0.9474510114302286
4.173601431930107 0.4629254901322973 1.9181828178433291 0.9531827326086078
3.6794848418279553 0.4667009009901247 2.9100175962733537 0.9534945455700827
3.6960201195269304 0.43505971367868257 2.88479087037772 0.8935336189575734
3.25907964016546 0.5107285294975054 3.7693341201473 1.0475606143076797
4.061884781387817 0.4991465172066569 2.1702466498106787 1.0222014958356507
3.755214208883172 0.46317542945109624 2.8057795330922692 0.9587935577957638
4.4276484567546035 0.4542952973721693 1.388073363156736 0.9327151881795902
4.295999475958261 0.5116487888077808 1.7706275609420783 1.0504881753864015
3.0946152384955194 0.47481112432450595 4.256498830538114 0.9788052166604877
4.4930543163406345 0.4644791002051912 1.3622689744686496 0.9534461694940296
4.516739047524718 0.4473586609108292 1.230916076420781 0.9206184903603769
3.9729506418823113 0.4807368814715081 2.421411265873561 0.9827470510511739
3.779647444584471 0.43531629479894707 2.7153963072953546 0.8880880723598255
4.339417657517233 0.4635377331871662 1.6072799624015244 0.9450005523841604
4.645714487552611 0.49764413802219065 0.9555308516211424 1.0224987274564
3.5050091999447 0.3861950846185495 3.3150660549631943 0.7944449486116429
3.891417160653069 0.48245997765612714 2.565749574234589 0.9907653119044085
4.0600076965069025 0.44573829506636226 2.166098405465472 0.9191200004265889
4.410122794841213 0.43410875735537463 1.4843115855381042 0.8877387246980603
4.554383484911535 0.4537298497788246 1.1423633013632948 0.9265577498642007
3.6324015175461817 0.4212367025525613 3.015544729162548 0.8602576198229438
4.132303356433119 0.512202350471749 1.9810374027761035 1.0443617830507137
3.74139692849139 0.466690877455612 2.82655623710548 0.9593323386703995
3.983045687951272 0.420611504493342 2.329894207490732 0.8659954774362155
4.189869627017115 0.48987549549340936 1.8548443482137937 1.0123866032774873
3.9579747116551047 0.43949365857139255 2.3833091082200637 0.8969665040217752
3.8838771880519483 0.4597090789695901 2.485793909066258 0.9435809486371284
3.3067253697627463 0.4440636838326536 3.7643404957359827 0.9172567605701806
4.202290869729699 0.415275702210912 1.8552152922924785 0.8549815188055726
4.146731471229485 0.4598036466988039 1.9768561331558359 0.9442663196025644
3.805579849357825 0.4529040101654872 2.7670751904782724 0.9308346369707948
3.6988284907389364 0.4504048170653126 2.862816291460262 0.925398944141036
3.6332996058373492 0.43861724953242603 3.0561149915312553 0.9029520658484841
3.8613149915146403 0.4697112585504069 2.5381886523063475 0.9639351991200948
3.94322498781015 0.46861311944175715 2.4268464310133524 0.9644094671160468
4.121072609822534 0.4745424137308773 2.0200051675263575 0.9673755764687187
3.6719375803212904 0.4665765106524836 2.9384282595022277 0.9599065186902878
4.1137987887802545 0.46479447165382637 2.040100784055251 0.952950796160513
3.4722816753008816 0.45426083892174135 3.433620100358184 0.9382485216678317
4.694307504460811 0.4531036674441482 0.898896948923659 0.931787059191835
3.810789020926096 0.46124354482793056 2.7314367902338663 0.9534813068811582
3.1931431460056254 0.4713748306154873 3.886215723869472 0.9667661698237531
4.06573053481473 0.4672334333953404 2.2368295640026408 0.9563866405879528
4.387297815672664 0.4524799831641472 1.4872259935035825 0.9265171716424435
3.9478260594194676 0.47312158570098967 2.379331768689431 0.9667844118323865
4.060041883855543 0.43906009770968923 2.122722467320207 0.9009345458608711
4.250787962643349 0.4318894312699153 1.753639424949023 0.8857572837347285
4.11342836523801 0.472023431952084 2.0138406226399743 0.9741229388347595
3.861566215493579 0.4891096607848219 2.7172620851124005 1.0027779863145396
4.091715992093433 0.45049037430081257 2.027151899696759 0.927660501918406
3.9116012415695827 0.4779995395871416 2.531169700539726 0.9870585719099054
3.8979950559536656 0.46510048922377256 2.449111828024817 0.9458585804183405
3.9456653457859567 0.4567869791306939 2.3869233659632885 0.9348172150770881
3.795198549713721 0.5153120918097169 2.714853012910167 1.0580020848016858
3.7510829452287453 0.45077591058414856 2.781476159564753 0.9314485801993562
4.010615419111932 0.4602235781820189 2.2882969045666766 0.9460942744425872
3.638445280479922 0.4900532021657772 3.1467289475521674 1.0021973076749442
4.344888828663589 0.47300150968922877 1.5146852922116616 0.9759909204357995
3.995170584267563 0.46073963655351524 2.262572066186583 0.9449290233095892
4.580593666617553 0.4944193354555255 1.1527537723218968 1.0133366839331825
4.199823667752627 0.4402501834391901 1.8083061879701248 0.8983157218849401
3.3655412680071275 0.48280970223688774 3.5588492610295868 0.9897455603326429
4.170475568300374 0.44082496626342366 1.9312712585456167 0.8960405832000609
4.431672181891812 0.49978589634905995 1.485145094439026 1.027046359940063
4.3565376678338446 0.48384044731185744 1.6019693554507968 0.9911699374979195
4.194621943981364 0.4340890101217483 1.9446150896055407 0.894560349292874
3.9071821678684158 0.47999099918833654 2.4816779114316243 0.9809825397874834
3.8444584649450486 0.48806325795591077 2.6601660300733547 1.001236330742961
3.9334781345525416 0.48760839792107463 2.459113699235113 1.0075979588333412
3.6744508192872773 0.4793010757861659 2.9435616090663217 0.9852644096412077
4.090726854330043 0.4473426992908544 2.086699736651429 0.9100584197777363
3.960896598892422 0.47754754700906704 2.4538914508394303 0.972373526024129
3.597586479829462 0.5309243807901963 3.1636586933785553 1.093099015566117
3.6206899155984127 0.4759657575083628 3.113387632575917 0.9881358402378141
4.246794603297903 0.4992967016882043 1.8581066807545166 1.0272640735617213
3.50118239457154 0.44177972286464384 3.3550282777913987 0.9115944639812493
3.9907464604493823 0.5238305924631576 2.39069540759893 1.0807473108623638
3.9668000396196987 0.4831064647164686 2.4075764506285937 0.9869894887623092
3.813620194549171 0.46024479961134357 2.694433993675643 0.9504844992059487
3.965546067730794 0.4365426073026776 2.4044432094437465 0.895726729977518
4.399193872729184 0.48764958114539697 1.4823697357020014 0.9978825815749651
3.890328523815051 0.47329826978847944 2.5352622221148375 0.9775002417868663
3.8186144812143494 0.45758943549953873 2.63380422920235 0.9404349577405282
4.176290320294077 0.48763441436309024 1.9602322991442187 1.0020807956197626
3.7088082467705217 0.41652196772942646 2.877342650303839 0.852841697560921
3.671622542215485 0.44635968928308556 2.914092282660909 0.9151958582516738
4.863505189405615 0.40104789222179005 0.5205993849744376 0.8192798524022945
4.276148219255687 0.44198689872866787 1.7370666714087086 0.9068809628767738
4.143401566885788 0.4796788675968537 1.960832330783992 0.979046263894467
4.115691613706852 0.4514665780416165 2.0434061211002605 0.9229739504525055
4.124008894628431 0.4281924950187058 2.0739735426546075 0.8797748377568887
3.2048783804003067 0.450969888045287 3.9095162033252393 0.9274092218266747
3.943907562874175 0.45359053894177065 2.4229703954825563 0.9262877525021419
4.194584193761877 0.45546178938332643 1.902172739822091 0.9351789138689276
4.198038498852645 0.46837022998337624 1.8932448442156495 0.9663950168045905
4.24678646001343 0.45177701677179954 1.7444800272394643 0.9234351659093947
3.8968197810883094 0.4523746380869556 2.475826589033222 0.9328462699036216
4.340850791510892 0.48413767696282245 1.6447320624531874 0.9922615051273516
4.169617142420769 0.4632333809195082 1.936034925657153 0.9528732342734593
3.8647484781263146 0.4691364640733591 2.5728945456326127 0.9614286244332109
4.269080842559895 0.4772213433469422 1.7665390608160614 0.9775285950817776
4.265437680935544 0.4760303295707156 1.7433462867048655 0.9754103622993839
3.90883662845168 0.5027751843307753 2.4918720743932203 1.0408926520165331
3.503859902148245 0.43722451523735306 3.243527193788185 0.8927996555777205
3.7182717615237637 0.5189832963070816 2.9182965024623457 1.0591928687018022
4.286888611105072 0.5029136327426529 1.7292917393945952 1.0212973314590796
3.5752230019973954 0.5126324394373735 3.213936156505107 1.0552250090580335
3.9341310575498496 0.47256686604106984 2.419910900084753 0.9638880414577937
3.694118186627335 0.4258386801239426 2.9783636364825856 0.8777285394404033
4.2520345553294705 0.3841381561213819 1.787350784932703 0.7977004912319033
4.154051589736537 0.4434371478722923 1.9564721527921936 0.8989318897033112
3.9842775882032804 0.47544872473138233 2.307007161799104 0.9726350891066639
3.659264604723603 0.4955927184306387 3.0523001599693567 1.0152664877756055
4.357753439281938 0.47620831977067957 1.5524441231096873 0.9815371440595294
3.695362411513175 0.48554743096780173 2.9355548508209495 1.001715816475383
4.149017372781136 0.4749251190794048 1.9741424671029737 0.9724276968204295
3.956973461296454 0.44265897484546185 2.344968419540197 0.9083272370992687
3.5494150744837727 0.463040633922556 3.2121522602186827 0.9523847358241274
4.2071659326984285 0.4248938696461974 1.8584375698624385 0.8703274389121924
4.3459345981136535 0.4975969460189601 1.5366946925382998 1.0244916765850818
4.348674882072467 0.4895228065136936 1.6085066463256679 1.0072334160667324
4.476229592280816 0.49129064907162673 1.357364331007802 1.0054731268119126
4.495143178466393 0.44021678433628636 1.3167441440756584 0.908863945461831
3.5731537947218666 0.45515854791298443 3.0905408909248386 0.9245919174669133
4.347547327812828 0.4272589905945295 1.4913512738144195 0.8755821929113023
4.22717872292835 0.3970444215491203 1.7793447591321243 0.8111873385017224
3.748346905218886 0.48052423995200816 2.858328854479319 0.9957469604755703
4.250505124995912 0.4543865148041576 1.7464711794326666 0.9298183686125643
4.0849694598392015 0.5072101800382504 2.2140819304260715 1.0456960086460108
3.8984522910010275 0.4552430368059948 2.5150712422844768 0.9352248446048815
3.9153234540200934 0.4828990076182332 2.5633118850814904 0.9924854946092092
4.326912066126152 0.48195398977257464 1.6748821527151903 0.9943628553983831
4.711986556572976 0.440276864209202 0.8214180909072695 0.900175725781107
3.829315790452217 0.43869099925212796 2.7195723393124904 0.9076198508164784
3.665362800822809 0.44953530475649905 2.9393593463434895 0.9246593649253723
4.227229352356055 0.4508806774176554 1.7941838420813347 0.930119186201969
3.8063011860526164 0.4732214364821039 2.699859231944589 0.9650156860332314
3.8228667143217505 0.4835028090686893 2.6519105547792856 0.984073116720205
3.6222891330245943 0.48001438760387877 3.0238397737308462 0.9891951051295746
4.158022026966525 0.5038761853947847 1.9152620976770605 1.0347578377632274
4.2319819210558025 0.47007162324900514 1.9220055919737105 0.9613140807647885
3.988126665868821 0.45348148866431426 2.3247042058473033 0.9236253661026905
4.1765666704613835 0.4619374768793338 2.005421038940458 0.9539408692121625
4.3589895268464005 0.4535437630852302 1.476956280951371 0.938518130141728
4.206316841827704 0.4348610721083947 1.8858312623048263 0.8968783309185832
3.993690791761525 0.4906662569478998 2.3126336700291468 1.013129469496627
4.067503118329579 0.48577490989636835 2.1204034595355363 0.9947643289149912
3.5369174009798736 0.47559907730492773 3.2565282790197196 0.973308916072909
4.619242459083161 0.48074761461385335 1.0598905850974367 0.9889913369381655
3.807937827943096 0.4922851905772637 2.740213413378088 1.0254571699774853
3.884148535724554 0.45005553553411903 2.6275641753371453 0.9217699412206515
3.9243272866276246 0.5182235050405299 2.4075252076451994 1.0637968869432688
3.967331547810025 0.4697079226111091 2.4009512542887355 0.9753882186775165
3.690246093791054 0.5392070933165962 2.9118387735683435 1.1044685532088983
3.2028531845151353 0.450768778436109 3.9823021096338165 0.9318238759524459
4.30132106803474 0.4088953105931158 1.7144208908047704 0.8421023679818719
4.165516009665863 0.45393799883927166 1.9233580103378367 0.9297050292833867
3.98624182689679 0.496696800805845 2.3161582255418485 1.0212882214616852
4.140888885389705 0.4362864240040309 2.0579957842350285 0.8918822229645323
4.2942308343245434 0.48611991876723665 1.6657968936038845 1.0015369931019977
4.341794117465734 0.4733467249986249 1.5790283797225713 0.9719199798213058
3.7453371819247767 0.48029967165780735 2.8064971310875926 0.9878821232856948
4.606991519723695 0.4726735554413277 1.1043907623451186 0.9569284855555165
3.6575530159772196 0.45972142327000287 2.962357265275734 0.9367815569379344
4.145564012084313 0.4547712307339837 1.9407760270651828 0.9305822271299525
4.2646774589572365 0.49067297155116 1.7275378312838678 1.0137712852249459
3.988267609821406 0.49956785142185794 2.353123555173692 1.0242662700884406
4.064637723803488 0.48084170367420387 2.1773164892201597 0.984977751697958
4.051133157218503 0.4476521898038965 2.1314607000228745 0.9240520836322907
3.256476553519266 0.49563309959515367 3.865282750637041 1.0178611872047092
4.3298447064950265 0.4668497324705885 1.6264617575796558 0.9564367995967757
4.098366420258131 0.4435287703092817 2.0523074813033033 0.9069325214723326
4.35154350479211 0.4282253489551915 1.6337689117848635 0.8826602598873973
3.6111065763202217 0.4689731576271713 3.0951353970377458 0.9552229479916929
3.5684262298761693 0.46808973654452185 3.1353547171213703 0.965719533701554
4.128724030675696 0.5292756998297967 2.0387206041090975 1.080847159846258
4.28269796621057 0.4772179467179051 1.7277933424457084 0.9897643118543771
4.231658771393262 0.44974286909574374 1.8218148215157082 0.9232487110862043
3.8721263010093745 0.5013447957660767 2.5280504921209914 1.0356423168183675
4.012607327779804 0.44712515915541345 2.2902120648575517 0.9297607572105904
3.5764767452427435 0.501129663087535 3.1737516503490673 1.0333679388434764
3.625002458761395 0.5146350668794791 3.0403606679683164 1.0500268696078614
3.7058084608247976 0.45118864926944957 2.9337300160036106 0.929906052247442
4.448311078180986 0.4922044795105616 1.4150760082454088 1.0142691953782015
4.299709524974676 0.4483711518588176 1.6094400123840094 0.925284133234094
4.555838177292837 0.4753671025028705 1.1346344960200545 0.9751227485481531
4.309481028540405 0.4924001467852292 1.7739776355504329 1.015924237410299
4.027403643656303 0.4896587164674972 2.220466313555793 1.0175490852592324
3.886465747390666 0.4580199453796507 2.6491720608165923 0.9499280332919615
3.3484100924620317 0.42929403320512766 3.5259607125864125 0.8768751569504423
4.1456546758715636 0.45230994833109944 1.9821652563862742 0.9344113311900853
4.520535484254566 0.46515306765188286 1.2243279039658572 0.9537902359044393
3.880336864017896 0.47602557645474924 2.5579558435978083 0.9797827417803139
4.0654399613634205 0.4497101405401765 2.18558034850788 0.926225668689705
3.8908135607675924 0.4453167579359341 2.589154512564723 0.9103231532714776
4.122710418321208 0.5077316279189907 2.1388290319219134 1.040761491028442
3.7709300330521085 0.4486665934132663 2.8003067125961763 0.921421019184253
3.7064427935366817 0.4518100512581164 2.9559290722764224 0.9269151909329331
3.9337010327616686 0.4479940104524653 2.3874897474544854 0.9204951688813272
4.289198324162671 0.46557016179859834 1.7282382954299287 0.9597970699697062
3.818379205375231 0.4638550956122247 2.705129782573917 0.9524218852075523
3.617822779399954 0.4580802544375103 3.1027303308507417 0.9426156361280771
4.190031181644143 0.4668343420504158 1.9184223129101485 0.952991108726008
4.164967353330358 0.42554646018048997 1.9610638578176924 0.8767176572825242
3.5940129699892247 0.47959833956243964 3.0628348521444195 0.9903615565391113
3.82252029638371 0.4557160022486474 2.681686109870699 0.9365945756922713
4.693203021482137 0.4580032634540615 0.9073578009663272 0.9391271291254046
4.5025109592842725 0.47757955471386976 1.3270023291689066 0.9876409192506169
4.13424162624619 0.41205785640922 1.934220203963985 0.8504094324481615
3.667768587632076 0.4772341608878474 2.94972382846289 0.9764155282620933
3.468243116632614 0.46862563492505704 3.3470747830472174 0.9645908026343138
4.054822757264178 0.45069287153650633 2.1297001352706513 0.9253407850196439
3.79296469977643 0.4821323205897358 2.63903874726622 0.9953676402836505
4.494099816271338 0.43023746078385744 1.293361175498498 0.890888972866254
4.061746652604836 0.4128418731964581 2.179127066812634 0.8535011298350657
4.310092570432166 0.4969941647828588 1.6773952997024835 1.0234480335423133
3.9279782347563774 0.47661230302818136 2.4104759561257385 0.9761743766006836
4.508678599438655 0.5226679177143828 1.2500603384686793 1.074348896173864
4.396963034184002 0.4581794443551209 1.4650309361947094 0.9400082765893308
3.8572290745668223 0.4307282502838007 2.619796916610522 0.8817105378897451
3.9783648674330956 0.43993787875301543 2.390552009844039 0.9085820019992954
3.999526779484246 0.5072626866123457 2.2852569512997833 1.0464186829336648
3.629358708809426 0.5026640604294446 3.1461425588388883 1.0344616821087762
3.9700716881235367 0.4830760053511764 2.4665855366812326 0.9909799951507148
4.491114934960135 0.512769766819893 1.2806231549356561 1.0510524276008062
3.6829495312376483 0.42874196721966745 2.868887485574324 0.8795935142124657
4.027589656582084 0.5260776498269666 2.270979160429042 1.0814827646145857
3.944133044683283 0.4652934976916708 2.4090027932938316 0.9528878166795703
4.097817655762779 0.444909124147932 2.1358207916156946 0.9107171485161456
4.026381210774657 0.4851606957351808 2.340010478399015 0.9963014218292076
3.8461749685213844 0.44906346752198834 2.620444873435657 0.9258590552625974
3.9157545711502513 0.4782373650094776 2.4528273015731026 0.9838594393087614
3.9601193150494254 0.49021880926896866 2.399259002590828 0.999105971587144
3.85275831274752 0.49444002410260957 2.5697490144292514 1.0109648316903015
3.8118538234851256 0.4564682950046966 2.671018033258708 0.9393888379264371
4.149750552351092 0.5231901156044492 1.9949770401693774 1.0655241321157896
4.437302670930208 0.4577089405524785 1.381844968039696 0.9493103652076661
3.901659101653035 0.43661685146298307 2.5034000004696444 0.9111105446086971
3.9970108139874743 0.45728675283170506 2.4073170498567356 0.9447554600972909
4.2584617125839515 0.461475843695942 1.6985603096263322 0.9420712774714121
4.03178741994048 0.4598874805895576 2.3055978061094224 0.9463376675179853
4.487980569737907 0.49073828861990376 1.2500968500033975 1.0037234305925327
3.890484509125113 0.47129314492073976 2.48146008582674 0.9684701077215946
3.862818506540023 0.4878597138957104 2.6235040490883033 1.0046423133957885
3.867452012277321 0.4727676665476277 2.575639490436229 0.9743061837380383
4.2063420315112126 0.4551124355862129 1.8035490161002805 0.9334545525936955
4.015058218208641 0.5044101864801054 2.239368054796153 1.0409307274618878
4.168543123451503 0.41897631088230736 2.002839631410982 0.8605962952187013
4.376070866139916 0.46533211983457357 1.60857158366192 0.9623191149765157
3.9406808758611938 0.4554167117656511 2.3532387247849584 0.9328757682943861
4.6138518344225705 0.48096048888273485 1.061257974587011 0.98081490891934
4.09942772466099 0.5023271210892886 2.0555111383181766 1.037385673135591
3.607652600748019 0.4311280495150504 3.1058378203713364 0.8853224074982357
4.044764064940278 0.480943487611587 2.167674460011372 0.999880588250277
3.84054066038442 0.4577200338182435 2.631275193289121 0.9397937824251
3.823900910985543 0.45862968354270184 2.6424685213810544 0.9376716534659689
3.782424277804853 0.49365145142830524 2.7203008640091233 1.0090697623171356
4.056847158933703 0.48234788289863995 2.189334313774375 0.9918454891813017
3.7674537354809328 0.4967936932664349 2.808627702028061 1.0259128214296842
3.8155593393955667 0.46375597152358033 2.731985318537025 0.9478251207793008
4.018928764381526 0.44470999582455056 2.232625863797816 0.9153984250187331
4.453851249783379 0.46055061210734644 1.358579581595728 0.9454508484525965
4.009098907301999 0.4398102454946459 2.3103175770722375 0.9076501760851742
4.1957044926550555 0.5164413813832881 1.9318629034418562 1.0556078393011223
4.112750160630324 0.49984079866293335 2.111220054252018 1.0259294809070136
3.447194204981792 0.4386748326119211 3.4643768729380717 0.9012819237892941
3.4935974632904863 0.4424753536454139 3.33808794001951 0.908064426763332
4.322056964516878 0.43370049786329123 1.5903581950789356 0.8930804678830959
3.770246246007626 0.4592169219161496 2.737751381548641 0.9452616871708973
3.9443485763454786 0.48947640119981073 2.369061288971138 1.018058147444898
3.830345827800915 0.46035639881889046 2.6371870002922178 0.9531444118420724
4.004290249694282 0.47647818548176324 2.2504154626169366 0.9795466423700364
3.867802164982283 0.49035493215465364 2.5865173042240457 1.0098147082729714
3.7725679656796443 0.4236726974539401 2.7352088791828755 0.8695220833531994
3.836642314184961 0.4452536483158824 2.637597629551774 0.9106385312891545
3.5311765006417986 0.4196096586645928 3.2274380361125647 0.8627556928295352
4.152484254714977 0.4890698209382867 2.0036830205273475 0.9980326565409381
3.7061001253623553 0.4619405830699873 2.971241808881257 0.9429852131339012
3.6343789390127377 0.4422346396331711 3.0018659094382185 0.90301527846388
4.195118743509099 0.4210237188523301 1.879028614620158 0.8670104789277765
4.443657114314382 0.44184364155796696 1.4598977022944555 0.9071861825189595
3.888499266672574 0.4691509165799494 2.5292519877160413 0.9631920197268335
4.256279351254734 0.433380074119157 1.7524428926345819 0.8926545936215836
4.183239969599581 0.4447409978832387 1.916043827519924 0.913640738404669
4.646917972400248 0.5163072697703243 1.0226778163885952 1.060850561416195
4.076197797023475 0.45649996341997523 2.1513528147991368 0.9361558995976967
4.2435302936349775 0.4649674760405293 1.804744798790439 0.959196010647419
3.9922850285765494 0.4505483772964644 2.3295199564415854 0.9263023434577526
3.897042602354383 0.47961755534405526 2.4181720955921024 0.9877121775665114
4.238214236272322 0.4461004286159834 1.8505353398518778 0.912245583411867
4.11682575480346 0.49066705886571016 2.092288061458585 1.0080657486810902
3.6567919982046613 0.40794734042211844 2.9922360434834614 0.8419462602169068
3.8426083750374556 0.4661233115062131 2.544616613148462 0.9594080527867681
4.023211537062023 0.47543076612766305 2.243358132275299 0.9775668006548052
3.695871566741091 0.47495981060865194 2.931197938472594 0.9749671774008015
4.374797482208642 0.42796270272597114 1.5280355076424523 0.8819599564548859
3.886059754729036 0.4636692533717935 2.5455152192556243 0.9473299817114953
4.028109226328077 0.47273528891045946 2.320493965568519 0.9757331459756471
4.112129812880037 0.44095680392007797 2.189271741570616 0.9089533469571055
4.209416056351045 0.4831876607061661 1.8838862764021034 0.9879429826334692
4.811191350793051 0.46706172026104364 0.6502941534477682 0.9604419163374593
3.936797658024155 0.46247759959904905 2.3902143602754613 0.9552145885742279
4.63939285453335 0.494361237947672 0.9935126326502766 1.0117011211739049
3.6561271594405795 0.4713153648700741 3.076540158417614 0.9704350369393986
3.898419044141708 0.4764987637847419 2.5124490331833798 0.9706722506866834
4.591015763630501 0.5242211289993909 1.0683477706072693 1.0864135481178936
3.911734113104803 0.4756527362569756 2.4144187675839595 0.9734755952274302
3.016923270255212 0.4477886322317257 4.281121573863441 0.9158320087924076
3.8733460864539464 0.4250842187051499 2.621566616149141 0.8702429102164811
3.8888010388543375 0.4348433950628704 2.5486978995685856 0.8944153541063212
3.791988817325736 0.4742569332976252 2.777168706855048 0.9765679428639849
3.6998919665776038 0.447807919914995 2.903154793259353 0.9157357908285054
4.065783611631165 0.4739106698704883 2.153916820346176 0.9769281005293634
4.435804855010389 0.49612725263660234 1.477087416449291 1.0145735030874892
4.2823966343256625 0.49214391251897566 1.7780171185987017 1.0153848837856876
3.8277765749062223 0.4745192988741181 2.6625564649828006 0.9711889727266833
3.936262820738582 0.4503265492192127 2.419496463495112 0.9252243321177039
3.576093295528043 0.49404360494376104 3.2060359912150105 1.013834344841949
3.819989853172979 0.4486383842781741 2.6468903071338588 0.9299801675393422
3.9614579117670594 0.4436729755471357 2.336535752209076 0.9167702505238704
3.964228295945694 0.4544034964420533 2.340681808431757 0.9364760483530059
4.344875439058296 0.43585162775765734 1.635722732326929 0.8927173434852422
4.4365593532332674 0.45212844675765895 1.2887260057535521 0.9286332358209523
3.774532943214466 0.46730520936692643 2.7358220662919104 0.9548751345182322
3.634321325389076 0.45042286542474863 3.0614168857386694 0.9285215922981868
3.001978961269046 0.47436530070874666 4.409892455766633 0.9810384923108254
4.2039639147079075 0.4435900507455179 1.9454317373939713 0.9128874701376883
3.8946651516479864 0.519161707722467 2.532510031518566 1.0640132770742203
4.329505733838561 0.4703597138793597 1.6298842661626451 0.9648971688598202
4.079904146931351 0.4661063186253996 2.1754237234556157 0.9650593534975199
4.068686664162602 0.4689095966104301 2.1955338738059638 0.9736047358218197
3.5295522213494257 0.47519550914329617 3.140890861570046 0.9718236168743953
3.2508529085864275 0.4789382190163936 3.7959310074942776 0.9781593115766336
3.4674797893016462 0.4537447206274109 3.378751026385949 0.9287319169781222
4.14817540207082 0.4306022916561661 1.9852073113646176 0.8865078507332785
3.83455954492476 0.47363361762402684 2.627756501765375 0.9737803982504181
4.239028517083195 0.4599069587954022 1.7399946194876428 0.9432059261137691
3.698313106510928 0.44048342874986846 2.9511569761263345 0.9061731284384336
3.464981727686781 0.48167642001677946 3.349884271323744 0.99004740793335
3.7373456649738266 0.49465554370071324 2.8686961886558886 1.0134383421360658
3.972853084808908 0.4510936501292074 2.3661690239895146 0.9338288705852865
4.8789597501268265 0.4509839910607258 0.5053075150622255 0.9219960873232428
4.29186606804858 0.4487356682731606 1.6493088381095053 0.930667233839265
4.319510051140284 0.4238526350250186 1.663329322787009 0.8736965057062432
4.1610842130206525 0.432361173763888 1.9896950315482782 0.8857488139223009
3.611804166101773 0.5164973388692999 3.044168225222627 1.0662302220361342
3.725274131438984 0.4258762053221975 2.8950355461595665 0.8735568898617474
3.4199819989307914 0.48008523754966115 3.4702493122825757 0.9964173021637404
3.9075301134606137 0.49045663130871325 2.512879244243825 1.0020977284519184
4.115409751029924 0.46349940018958 2.0321361987191278 0.9575502796306139
4.171322327776927 0.4484196362236496 2.035428738035481 0.9131513805219102
3.8113909169742266 0.4330461343007477 2.721051243258069 0.8853548899502828
4.119651032860908 0.46280318078315386 1.9488848743283333 0.952992910593612
4.431113768066094 0.4611093366662071 1.44171400798706 0.9465345964754525
4.809097358620283 0.5357820118957004 0.615556569112336 1.0998404298482376
4.300162821476582 0.43147203602149586 1.642074991295354 0.889042628410207
3.929219235256193 0.4819483454594254 2.472921967177414 1.003228489814238
3.998488740709579 0.449742507136727 2.229604252389371 0.9129153327305274
4.249569714657248 0.45545830312936875 1.7986349763071003 0.9327365270607701
4.118109964451087 0.461313132799055 2.1779227623161654 0.9589845895308928
4.045310444700224 0.46731045541958594 2.219611429297096 0.9606550343346969
4.19574592258294 0.4532389825248641 1.9170053864230852 0.933213898505248
3.9007303181108934 0.4428680283150854 2.513093538682316 0.9105479892050206
3.7807995830627155 0.4706934240812916 2.846040852019869 0.9595555243945068
4.450501565280463 0.45009215200978087 1.4442354157192816 0.9208791804579862
4.201631375191979 0.44902393792112033 1.8564420105140331 0.9176574832955725
3.036502161682396 0.4521032827019355 4.236893286834015 0.9321111698840778
3.2548248251412617 0.5001243196972636 3.7945532825170494 1.0320811191671744
4.24963052829532 0.4552078113833787 1.8270421943801392 0.9372843865769082
3.9465426207403818 0.4685112551968008 2.4452515746384864 0.9525184849282744
4.138635255583662 0.4591702799066704 2.050190713115266 0.9439722161090337
4.585699070535891 0.47712585745181674 1.106309987199721 0.9712154916392779
3.9398592796399723 0.48736648896815365 2.339992518739667 1.0037524009863286
4.6454279667935845 0.5015906759582668 0.9382321902576133 1.0324832190059696
4.171452279188674 0.46528894219706574 1.9076646724171236 0.9520742052702132
3.9985406664621888 0.4702053806920162 2.2682174038504916 0.9694788432028395
4.256087676437431 0.44928033634707276 1.8684591342006345 0.9266292677329037
3.878626507198236 0.4624365766344286 2.5631056639006378 0.9540072985396781
4.052987692793131 0.4435177824009487 2.184118765681311 0.9143613760381437
4.813823118039982 0.45975441741005496 0.6321123847532042 0.9466430149653061
3.754833110284638 0.4632922372414692 2.7324204830748986 0.9481874354850057
3.960046788240681 0.45517107867858253 2.35336261395448 0.9280699358262547
3.225302045096457 0.4217269576197536 3.9239991333139055 0.8661378114661691
3.7418883385531405 0.4474725250890119 2.7630529678357805 0.9253104473867882
3.7575433120825052 0.43645676680121404 2.7765892295214027 0.8930434152267842
3.9812606960865127 0.48723059436677735 2.4373764672184373 1.0101047726726864
4.078275958962502 0.4206772890381247 2.1207131974405193 0.866479863760686
3.966409941256008 0.44435547905389733 2.387061640569252 0.9060380079772873
3.586080395762589 0.4757045022641683 3.1091739711350623 0.9827347449887146
3.938892960239124 0.46023527589379415 2.426320278867479 0.9422156862901124
3.581347188162809 0.44864602782395274 3.101668424809895 0.9201154384448057
4.380079981115987 0.5258930454036506 1.5530770253966673 1.079389712132635
3.9847013982731943 0.4377130547769985 2.376150346710946 0.8956461553258928
4.399560898207085 0.4699652470445519 1.4615708501374034 0.9709052394497449
4.3625888093755725 0.4634461914758381 1.5415451454625066 0.9594072237322233
3.8446632285784297 0.48137792252241546 2.5934263353988665 0.9957399210273616
3.8755471808169326 0.49551854780600163 2.5319803093096516 1.0227295798020062
4.155633189794626 0.44362796642495395 2.0739946054260208 0.9140095540594639
4.062589775520532 0.44131567996870547 2.2224536002048105 0.9060754784702552
4.288754187112431 0.42928089277911746 1.7001409528941476 0.8839401208520526
3.891556987785764 0.4467187521786774 2.5171152073909635 0.9247594348321843
4.3609387679906435 0.4225785357687722 1.5764447728468958 0.864405274657105
3.8331393157489044 0.478693495753717 2.569840941992245 0.977728579955565
4.305170939779701 0.4855695460524993 1.7668486992272445 0.998850237524411
4.415913337671584 0.4893386926057909 1.458623444014246 1.0043230044096563
4.195306481811263 0.5074581762470685 1.9571526361487912 1.048182305800203
4.0799970106111205 0.47899453184030955 2.2088076098485736 0.9909717406197099
4.3748407624439825 0.47593264841145766 1.5833084961104271 0.9808163703956418
3.3633561198370217 0.4902305618017596 3.6795861524938944 1.0048495780657452
3.953410598568479 0.5133971253167477 2.4959853231752334 1.0665341223312992
4.1124338129042 0.46631969043700405 2.0332375399611253 0.9638753715817208
3.8903510164998734 0.4265941062408094 2.5286513640361967 0.8809263752339019
3.896611266594972 0.45883543347246036 2.477443875735543 0.9355312860887531
4.702770025735445 0.46814773039249397 0.8263167791957764 0.9672097716299306
3.972340221310687 0.4472916864208469 2.3037567529174785 0.9292883625975408
3.605577547339135 0.4902760401877127 3.0563128310110947 1.0098950525153447
4.300113297356537 0.4457321090077533 1.6869810243842633 0.9258205935245625
3.485048684900578 0.478530849704043 3.30191284126652 0.9767856509780732
4.026605497373968 0.46196752641773187 2.2499090974135703 0.9473042622873422
4.228245596026651 0.41213556681447155 1.8480594130307069 0.8521927364137354
3.9259283585118556 0.42375538949762104 2.471620270154866 0.866616629956065
3.860979177728532 0.5000078533422416 2.587416055805121 1.0169057525170209
3.9201065543066838 0.44209767756874624 2.451695271836922 0.9095992948667995
4.467577857683986 0.45995553036901415 1.3860710050160368 0.9436671560837591
4.218562530948013 0.46506775842826403 1.8728233178929414 0.9593498326018957
3.3711713360772597 0.455342082363346 3.6228936260120363 0.9367936896310487
4.813231493746772 0.512855921188951 0.6484034985099921 1.0516975644130624
4.238021395650598 0.43883712329867336 1.8488587942306238 0.8981819041665212
3.6131192877972405 0.4547070730590589 3.05795682008763 0.9469157842910025
4.20669071505019 0.44200624915134884 1.844051164944482 0.9098845537063635
3.717585413200573 0.4695729845284332 2.9383503612917066 0.9688480846451665
4.432325492993869 0.45595545203632865 1.3545761865734407 0.9439756052200485
3.981373495587884 0.44203572069972896 2.287460840870937 0.9127301117589133
4.490670305830955 0.5165095433927283 1.312652606074768 1.062232523667669
4.126460712840993 0.4573266494645186 2.0577093761630185 0.9408192159445151
4.368305264708177 0.45576179570100633 1.4754658509227987 0.927047336804328
3.5418113522411496 0.497359562267621 3.2137129897537493 1.0240965622679103
3.8770617916660646 0.4335134989650413 2.498452372411778 0.8894256315697147
3.995052923679104 0.4363561548058546 2.3113322856274263 0.8956084089145532
4.024716260156804 0.45322667105041714 2.2689513991317862 0.9299219082421611
3.926119098772907 0.45045705886667453 2.409452546627458 0.9306898049873829
3.5787039134005214 0.5102051690870466 3.223940121578566 1.0479454538634496
4.050178837470847 0.4655485266678241 2.1919499362343364 0.9554510226113871
3.6678980037290736 0.46214618646569394 2.9956224506458375 0.9443792696863976
3.6446137424503107 0.4669689667365216 2.9895669614418106 0.9539949661139651
4.229462735203041 0.4593818221919163 1.7948885973782462 0.9416381448663325
4.051272555771714 0.5006928397318764 2.136726488641467 1.0198461681744542
4.2931094416066475 0.4704929079481067 1.658074550402838 0.9749924761894699
4.660322780683925 0.4512681046036423 0.917111857656491 0.9278678079361381
4.267944520338336 0.44122721942928156 1.8273012111797275 0.9068958280815832
3.389073924823891 0.524656004106314 3.5434420127451647 1.0826573032437812
4.210504353020584 0.4631752391112846 1.8519193850374709 0.9578612522697901
4.527871035498775 0.4623753375836756 1.1612431854126344 0.9535051876014848
3.855165904752858 0.46083507335187796 2.5820873616804656 0.9447532729319893
3.879387230067838 0.4758834574809851 2.599559017733309 0.9763032063811826
3.964926131794238 0.47737411737625013 2.326416153807764 0.986607564181664
4.094016153250788 0.46736817634533706 2.147105578158624 0.9552137432822262
4.389255926078183 0.4854313905797468 1.5344352266148655 1.0023204195290365
4.6052787556529 0.46802066586723035 0.9992068668644366 0.9602075296278552
3.64424378360635 0.5045832574402092 3.079374466410589 1.0421875633969089
4.403539373147163 0.4570746041559199 1.445881375199788 0.9387253724790717
3.847459833493141 0.4228541538892982 2.572274456726567 0.866680548037685
3.6718040520789925 0.41233840846540426 2.8955038370156174 0.84272198363033
4.158624275187959 0.43605863122442423 1.9166516769992827 0.8953731986423684
4.06322734564179 0.5259887123021904 2.1487646987674927 1.0816459303883994
3.97948083235746 0.4175749899917937 2.2978186359171344 0.8575358668479018
3.545490374344342 0.4511303920036053 3.23926825067866 0.9236902135467594
4.0759207659247245 0.4521846605959951 2.1472752188878834 0.9385139801082077
4.0900385563440205 0.44739580931650624 2.102518090271361 0.9259748162010842
4.061834579135789 0.45662133171343716 2.1880784240621107 0.9335434551382715
4.230792202674921 0.40820612936210754 1.7920549691905854 0.8435571815829506
4.27868933904392 0.4627830487600369 1.6725742494818094 0.9536895798443511
3.9430438551910383 0.4412269702275739 2.4089906929133234 0.9068268133463703
3.621992335053209 0.45506867312214705 3.026585763192385 0.9345081902598718
3.9330951607405913 0.43509672128668614 2.4855678126053746 0.8985835473629631
3.3297814201605007 0.40744991160872246 3.748715979173671 0.8452888615126909
3.887312414981035 0.4729358546150746 2.5320942379482823 0.9650798251216571
3.958527366286547 0.5195494788873258 2.385414092181604 1.0624024976700046
3.8058072378754426 0.4578484716494644 2.697003685655284 0.9433965507826372
3.413925944558651 0.4367033571491343 3.5451523784567662 0.8990767051516829
4.006939351394966 0.4769164165875223 2.3227613150321593 0.9897133540740864
4.825702589937721 0.44959903945019536 0.6505216713908415 0.9304077796226152
4.236702936727465 0.4406247795812268 1.7796650561571217 0.9160157941497531
3.9443853908530486 0.4643213449437082 2.35261701942611 0.9470478528405917
3.9950067496217865 0.4765661208209825 2.2586263141100047 0.9752532738293054
4.292814302217362 0.4453579116003151 1.666217799878095 0.9172649338113588
4.051931065716664 0.4915144277373277 2.1644687216473866 1.0064816268330807
3.944476404981107 0.4539122700518787 2.406546126828719 0.9357718430605598
4.151552079569426 0.4670331247337606 2.048629263111403 0.9468614355205307
3.830065325720446 0.46026869104800716 2.6239694592191576 0.9402411722626599
4.215742470454893 0.46603081423242343 1.9304959684425111 0.966675088582624
3.950210581361337 0.4893577256532681 2.3716261334198747 1.0004380807169837
4.427974703412746 0.42602176117555823 1.4212619369630743 0.880495182127614
3.733646844466599 0.45968065437286787 2.834059924102644 0.9505974286853718
4.373249832543584 0.45939969856527935 1.5165339206691486 0.9421966609275185
3.5423934648426356 0.46209487259379284 3.2938939148114663 0.9516588532436642
4.334653369723516 0.4049402480028085 1.6055160262448844 0.8331969296698207
3.3361951084007915 0.45126321474071873 3.707419053574311 0.9233658938070688
3.9578218816373734 0.4711491974388774 2.418966772019238 0.9637648126925779
3.485023639715461 0.5004911852364212 3.357118120415069 1.0252495657099912
4.265262476215887 0.5101878012606841 1.7594882816678867 1.0446877071621614
4.140788876399846 0.4388469995618844 1.9986993213902822 0.8922587532943279
3.406316815101243 0.4758069528094339 3.487379043178711 0.9798966160317132
3.7762484653779245 0.4619745120356282 2.6876711656382435 0.9568701580178718
3.6305884717841277 0.43791442664192504 3.020202743476799 0.9052314365429206
4.310468401596921 0.4871383366407895 1.617980417343428 1.0014992343314089
4.343255124495132 0.4564035871226621 1.610808561217607 0.942006581347783
3.9183740945141006 0.5032592671553148 2.4455100515601944 1.0311966498267902
3.938596363125986 0.5019025476081237 2.437772177116127 1.0300601309714628
3.7978516672417704 0.44194494612015295 2.7363252194045016 0.910246420196152
3.770448464816167 0.5015766902684615 2.853317043417304 1.0244560435352121
3.9633786959911017 0.45325797100369214 2.3193498259382017 0.9270099137188719
3.6077693551953507 0.5000856821286449 3.086316485737787 1.0313351392082704
4.5900580824728285 0.49457064650853644 1.0868857238858407 1.0226381879252098
3.625416496981046 0.471268147984851 3.0478589333022814 0.963954765879343
4.177679305897103 0.4609797514631015 1.8870927634338104 0.9440240503987883
3.3085714061477653 0.4636356436607168 3.690667623349778 0.9605597996240857
3.711648911514274 0.4910547968457108 2.8641933369923596 1.0109388490887936
3.7828108760554757 0.4795637387343596 2.788283670180926 0.9850314842321773
4.4181612268646155 0.4953203368213371 1.4776888756635214 1.0232261275998802
4.095006442891133 0.47710494387714064 2.0996975052027134 0.9713874671592735
3.391408373770485 0.48834094970462977 3.5177969807003704 0.9991598640401218
4.368195176703662 0.48919766068363585 1.5883052920298537 1.0009851790827247
3.9315221762700086 0.4578553175414633 2.4494909246620735 0.9431309944632434
3.6636821188785182 0.42420748088497234 2.9713495681239204 0.8729939066674536
4.0583406875824615 0.4672806127967031 2.271803141677869 0.955181396389926
4.071843088168429 0.5176342720713638 2.0911386233820757 1.0713476681151908
3.5614149745812718 0.46169164265683915 3.161326753588479 0.9472224315349161
4.250369789897315 0.5144536920886035 1.7658709633386982 1.0595841042459535
4.64904309618329 0.49153118944941737 1.0732291722354352 1.00795176369053
3.8567089406808277 0.5068429552695551 2.5133517378227612 1.041218252860913
4.031212662357406 0.4340664784512345 2.1511316031347194 0.9008847143587094
4.288634662120156 0.44882645956491 1.7068962636193683 0.9204729764196025
4.415652209057334 0.4418802158498204 1.4693417457053304 0.9102360046863772
4.527172359295857 0.515080170723399 1.2980362364487719 1.0635650537154602
4.602573703773333 0.4421654762997475 1.0487169234085 0.910797396658889
4.099021255478299 0.463736124100077 2.117320639126392 0.9478965921935139
4.3027413100463185 0.47495233545842025 1.7229567208318142 0.9629363281953086
3.7094315829774622 0.46300045576243554 2.8775716198753396 0.9466987535270858
4.156178579104205 0.4641161990657416 1.9294815356382506 0.9510765427010173
4.531121383705914 0.4582999403186626 1.1505250332875856 0.9471535699049857
4.562856318097973 0.4746665190355971 1.1931086685687768 0.9789924774177164
3.7447701492205776 0.4531168627370972 2.83554002947462 0.9297035693396468
4.054606511158974 0.4734285479904532 2.115243674698087 0.9761265290947176
4.411050301945835 0.5024568520431828 1.3936603620201469 1.0226431681646067
4.061629147234984 0.4778052097093508 2.1867533721743184 0.9813195322979953
3.9218107551975834 0.46164188418669216 2.416885478518782 0.946016438297241
3.838309443537947 0.4523566432880268 2.6160322401846576 0.9241913517033288
4.288936996062527 0.5049873794098355 1.6454119924091004 1.0388481805002692
3.8112156621891122 0.4605057343961375 2.772752203928598 0.9469151026747538
3.9860794670560598 0.45599072250101186 2.42818290797637 0.9305704754426061
3.961951833985978 0.4365283934714692 2.329607352105715 0.897124555564027
4.000140720174168 0.44421502046808503 2.227848806130222 0.9114541041138097
4.043902669420687 0.49473453752207874 2.245169148341596 1.0153637592635634
4.442990827590973 0.4749123022804825 1.4167077288671832 0.9838195427021867
3.8129489294490053 0.5084384870012842 2.7268400915155335 1.042259676178021
4.292009503718738 0.4215421082003647 1.661402125035882 0.8634348430781421
4.218027786333318 0.45544059298146733 1.9163728197558672 0.9409367932692972
4.466124988824913 0.48360188537813087 1.3145438118062107 0.9960837680762005
3.650103662573895 0.43926373354026943 3.0187898337776486 0.9035388749693759
3.7410056782161085 0.4921295757484783 2.7820378225640643 1.0139895321867245
4.457610354563055 0.45605139965915364 1.369964629248531 0.9349495399089675
3.685895440221895 0.4420614986390586 2.969013072754854 0.9090860569507778
4.087479784877006 0.5092362629264611 2.158809034875593 1.0411210260062134
4.774864538382996 0.5238314985325718 0.7207951857424864 1.0723294504813774
3.8897336160404796 0.458138301572945 2.4763841679171588 0.9437646922471068
4.418703841961776 0.4314906190803042 1.4283271868215663 0.8898999773134535
4.35797605485471 0.43892397977825826 1.6869895065832003 0.9141313338857251
4.199445534370519 0.470040621044713 1.969975357829055 0.9631908236628847
3.5289820628525472 0.4902809916776527 3.2269873394868602 1.0049120008488879
4.076254313847137 0.4159477207039732 2.1267256703209094 0.8609868103741459
4.338852100260953 0.516240305254921 1.5966493416253922 1.0577684459842986
4.306615057059918 0.4524817484486467 1.6596520652758022 0.9354755681504948
3.535289460696098 0.44970835694213257 3.371001753620294 0.9241409762376315
4.045448744078109 0.4749562631282588 2.307244337828409 0.974168500536601
3.550524482416708 0.4234389381257517 3.245192004534954 0.8713988906786087
3.9844687522805384 0.44082832951381423 2.343231417818038 0.9028624330056885
3.9999624667359677 0.4617311874693388 2.2395169781747346 0.9527908498971818
4.042959894889208 0.46564309103184665 2.2366834105936 0.9579505779032201
3.554570513937178 0.45528727264498475 3.165679902464654 0.92830124779432
4.152308651951696 0.49310029188070403 2.0159823583581216 1.0131395158640075
4.099047088649055 0.43932606828728393 2.0579059776146105 0.8966574855804734
4.2837308408072134 0.4553572703951825 1.680875663093417 0.9416985478219397
4.195277713405595 0.4743061756925808 1.960342706650831 0.9819931563923469
4.212659540330398 0.4934236809929118 1.9334106851998243 1.0139913904715272
3.5859182091851443 0.49791260178187424 3.1700659102708473 1.018963773760292
3.7060360036503943 0.45992072448865323 2.889891762792801 0.9470861565449403
3.805653988280005 0.48110926685841265 2.683270975070176 0.9869548909081346
3.9671920020438867 0.47072101606234823 2.4325780024337615 0.9706947088359761
4.278860259742983 0.44971960785392406 1.7284290477286564 0.9267584426886495
4.4281649085999515 0.43276424425097537 1.430626175298865 0.8865472602842742
3.90446919610191 0.49138214616799386 2.5069696502097325 1.0089276485615228
3.811484562002235 0.43218425623070156 2.764105498702647 0.8896226223523854
4.230962985213214 0.4834717086704173 1.846937534335097 1.0045520184860701
3.7115162293757233 0.4575945541381672 2.954497608825198 0.9390311847055537
4.14675712443789 0.4882418512523876 2.047644507752255 0.999217418285269
3.884720151006564 0.46563176350329105 2.59898501287832 0.9530989000696731
4.412442433248485 0.4739285160575856 1.5031649391019273 0.9743927262386816
4.148510186836916 0.480686516832569 1.981305463639727 0.9900403985452586
4.113453654133914 0.4671402412868533 1.979952180135184 0.9584128650124139
4.14167250257855 0.44424953331096395 2.0204626803539316 0.9160491651312601
4.208416694174058 0.4464557274928818 1.859251922735504 0.9196322269283279
3.9785968865797754 0.4153379782849255 2.2770435142242986 0.8563888791267769
4.141279607439875 0.45102476522524143 2.037799980294654 0.9231289319534938
4.354853489968713 0.47036128199720934 1.496457723827295 0.96792097249938
3.5109034103281482 0.501092782335157 3.2429050397056614 1.0261567298832943
3.707935395020047 0.48009179206149 2.8366231654579996 0.9822583165804731
3.4361965470991223 0.49313790624110526 3.5095299347735702 1.020352949543545
3.283372866042524 0.4776068910016406 3.765841076063048 0.9781091984233388
4.445906297719107 0.39376137253690974 1.4126245110287265 0.807229906859546
4.710329248485166 0.5318866877347783 0.9033824360297549 1.0939712366356598
4.2270242775253095 0.4496453634382216 1.8418193780547387 0.9177077191527583
4.069675248365447 0.4262556825284777 2.1518963609069672 0.8762730529201684
3.9620463433406474 0.4775781663333309 2.4022684370964775 0.9808946765410995
4.00920419090314 0.4302767602958906 2.239576132926845 0.8889547795699521
3.6597433940041983 0.4960853457629596 2.963195102976407 1.0192113087031085
3.882838549855673 0.4494952545765189 2.4561505475836283 0.9227015400920882
3.8831080890927234 0.45032724819970904 2.5220815344690113 0.9284389644847977
4.093222267695474 0.4303529044763027 2.0793079081825914 0.8883788017061504
3.9032660128541465 0.45890316134002984 2.553183196406864 0.9518709850560987
3.862144219551891 0.47934330336911923 2.5416542089572243 0.9794294013152188
4.900432996776999 0.46060087163441327 0.4313668422371413 0.9473502403751356
3.9088006294944604 0.43414855738482583 2.5890571273267033 0.8927049334266405
3.808226347091872 0.48614652226035926 2.7622108720394616 0.9989227479627093
3.8896708457060827 0.48712611970819164 2.509311941844258 1.0073631422557228
4.016817458505352 0.46872956915982544 2.2744197762395073 0.9652827544665716
3.694896159433288 0.42256740341793264 2.898972190014737 0.8651838578962384
4.246991717744896 0.45895019250064933 1.737370740045566 0.9471343955148879
3.5470257117605986 0.4778021380947611 3.227941079500789 0.983324207756466
4.210226117505092 0.46665725520567264 1.9294329618701531 0.9532955141976269
3.642302706005538 0.4779507257946386 3.0214600120698796 0.9931302313966445
3.832012054519649 0.4756956980590207 2.682638962149392 0.9827203897826247
3.9930783344252823 0.42960625090467136 2.2877964352369164 0.8831256039779853
3.954239948192784 0.4505613110401846 2.3267907773931684 0.9283651296666288
3.632223606210095 0.45098218310742627 3.0722768956053255 0.9207836552302894
4.1421748426418095 0.46716529270445317 2.1200922668968833 0.9554164271759615
3.9322991994824448 0.4593084522335582 2.415136969266809 0.9432655075762441
3.8190767314674465 0.453569539866759 2.8227402018004986 0.9233620982926898
4.335691019029313 0.4333833481857624 1.530677291313601 0.8979295604936492
3.544091491495757 0.49332584967317616 3.1880652735130273 1.0122990470427446
4.564406193348919 0.48003166678360504 1.0846816417574963 0.993273022315822
4.052504299276821 0.4711092171256903 2.1996064689010133 0.9666964293722653
3.851750367096789 0.436480960980744 2.6187334965744546 0.8929621905001625
4.172810490358671 0.4641829430560178 2.012259847240637 0.9490459742677191
3.858145773956455 0.48935790955202446 2.510604051929186 0.995517958857835
3.840456852403342 0.4597421661785081 2.6496921082095852 0.9444380143061066
4.080831782732958 0.47116817274031714 2.104631201600937 0.9571858170755188
3.578972520751133 0.4801317195720858 3.1654989881442592 0.9841301560391844
4.702049061010287 0.4371147437589508 0.7759248332790041 0.8982491126019656
4.390889965643019 0.48778674955541834 1.4625150345463722 0.996338259804856
4.161772111449578 0.47014429557528264 2.0296679647253946 0.9732446935052075
3.7472683194828553 0.5280973429953344 2.8064569457479625 1.0785414242110136
4.535657909071559 0.45051832383088 1.1740255385785354 0.9279484755870703
4.26759360345085 0.4459603051045638 1.7134430994402003 0.9177772369542413
4.032421246004416 0.49074560347427887 2.201874743692378 1.003742839139178
3.8643382105404633 0.44093082124257177 2.555236614607913 0.9090139429663945
3.472292196306567 0.4612671829434909 3.472607180333066 0.9435127866213547
3.8602787230993454 0.4970806082752691 2.5277255046403506 1.0237479571507218
4.346747402404558 0.46208935311860916 1.6492902718874838 0.9496940874187497
4.278572042592451 0.4517301264377512 1.7124334804391697 0.9219301191759103
3.284995358026506 0.44359549358524686 3.7185623971477786 0.9152177754817774
4.284306926112554 0.45123269991210624 1.6862368406537054 0.9300298719810671
3.8332561331527044 0.5027344706716416 2.6194081155360456 1.0287994065674715
3.554115646045231 0.4876863781689347 3.1994197387258723 1.0007595914658762
3.656643486011605 0.4248577532297938 2.945696299352547 0.8745960714916144
4.115520452168008 0.43415922334360263 2.096047114785158 0.8897147950087849
3.994971351880867 0.48199696284658344 2.3339580693603423 0.9936493503515257
4.480754589945145 0.4320370966507224 1.246594191905256 0.8852852818080854
3.6732874204240575 0.49536685819108495 2.908048310002105 1.0172936212315569
3.933101934923568 0.49251038637556005 2.445741560328776 1.0200458775047405
3.3494502507352255 0.4813732265585958 3.668540944640571 0.9891835650193938
3.9607459179470283 0.48253176017819766 2.346028525816489 0.9981582232473314
3.9957513877529443 0.4914472131198321 2.321323944888273 1.0151413699178513
3.903703358121272 0.4531610560147282 2.5614232290243826 0.9370961469137338
3.262304744969476 0.5143741943842735 3.905834926582134 1.061248365546023
3.247029302745265 0.45082066809835925 3.894399212475024 0.9290811137209748
4.406771178216861 0.4604618187443071 1.4367677021040444 0.9576861522148999
3.6390605214860514 0.4536270608616995 3.1089067136731368 0.9256951789017088
3.4887436046975284 0.45976771256758714 3.2629873194381664 0.9490437090418151
3.5971593329181655 0.4558611075262689 3.1509760740773913 0.9325116451964538
3.625799610830174 0.4513041624460413 3.149499468181972 0.9203092513016686
3.415070281901844 0.43178513532673385 3.4753850679637264 0.8872822801096205
4.124007348094372 0.498819102407782 2.0121282543536694 1.0195587081404498
4.179852506878008 0.44843410081183577 1.893713281661358 0.9270503877884541
3.6432397023031475 0.470274988150579 3.0039705571022877 0.9667615925981208
4.215964052522222 0.4535495768369963 1.8346693021264606 0.9325903180246039
4.161970764988297 0.46405023573816867 1.9364700656245841 0.9620333448974635
3.851798750215962 0.47603041713747196 2.600237618669058 0.9818035884358493
3.8254732220074006 0.4485995233229743 2.553435087094207 0.9195971221514897
4.167648626273721 0.45197174391639644 2.009293397928305 0.9294346837823774
3.743190512552463 0.4798000984764082 2.885609280519681 0.977486471973278
3.5285408724778655 0.4372155442316468 3.298291765640488 0.8987802665445368
3.4955278147453615 0.4431344310719659 3.2843128851381804 0.9156998115578538
4.432189124815939 0.4761957598026936 1.402632372280254 0.9854988323118402
3.7629922880206985 0.4635243136156651 2.8272908047176903 0.9529099878312519
4.1337364691219785 0.4259079445215017 2.0436751652025134 0.8692794268237912
3.700656715024669 0.4754135434293535 2.9209837851946157 0.9756070385843257
4.082049433298697 0.43735759672740604 2.149245423052833 0.8974533692774026
3.7115382185091836 0.47386477179758063 2.9534764398420137 0.9713249177388489
4.4434377907180655 0.5131472132350067 1.436407879748801 1.0465831367922032
3.945079389229223 0.48765848039915893 2.385138095254243 1.0078414190055374
3.9154316613093494 0.5113852310737594 2.498925677613089 1.050501007189256
4.581987805164884 0.457226516983276 1.0752319296079773 0.9394298718746541
4.1837368508633395 0.46022392635113546 1.8522989513664516 0.9376268279361538
4.443938602302107 0.4929553261693857 1.489905592505707 1.015811516841025
3.6545696346388827 0.4570832825356547 2.9930643488673123 0.9389893814257653
3.9036980804989785 0.4693882961545522 2.4824968151804407 0.9676178350488166
3.96698564480705 0.4406352653226811 2.4421310645330108 0.9052559158938354
4.1911781490149185 0.41435289309531675 1.9679271514479064 0.8503374880396251
3.8675828113290756 0.4641125412457841 2.4774094951270227 0.9518025724309566
4.134908028832632 0.4033225443512491 2.149951848990052 0.82960634891693
4.018106641787971 0.4494796927016552 2.3261851984783206 0.9275273337510805
3.8767028042537595 0.4875241130627091 2.4575102005496534 1.0076287083543671
3.749419796980062 0.46641676687895595 2.8102439132270023 0.9474455441868295
4.117597912879031 0.44021248172427846 2.0800567421691074 0.9110788867234179
3.58338485681145 0.45221354691048604 3.2217257371053662 0.9212701036939984
4.065477431534511 0.4783837128333221 2.1741695810336346 0.9757352729051724
3.3981177899955295 0.4430329466950819 3.50522623800779 0.9119948060717471
3.999541564784354 0.45236028581005144 2.320482429302456 0.9308449391606591
3.986248693880902 0.45715607858553586 2.2891208385595743 0.9408327617125873
4.7424546552583084 0.4713122828076901 0.7741453835718985 0.9702825611455477
3.9430946238372915 0.4570846549090821 2.4031803407343055 0.9438745456414438
3.8123023665706723 0.49370406819237117 2.734618368670108 1.0070976174247726
3.5532055715236996 0.5073261916021925 3.186159882618665 1.03701352587894
4.134437497312176 0.42775087103857484 2.009832871927193 0.880139583237563
3.7350821385127118 0.46512810601348703 2.8805664295948734 0.9522387538922013
4.134967437725651 0.4570173804783706 2.09933362552946 0.940278852210388
3.8859342661853304 0.44598518588500397 2.4530312990455445 0.9198690891291648
3.7438415423087426 0.4842544026319869 2.7482621899262436 0.9974712440582094
3.963599089776335 0.4828525746112941 2.4029916818893273 0.9859466392767814
3.8239708136175237 0.5040024245149967 2.6899974891608034 1.0307746848284207
4.182764121646169 0.5142956131380158 1.9714860971718626 1.0645624027343634
3.8460082227033308 0.4442031170086848 2.6782746453072575 0.9166212045936364
4.3653449418403305 0.4894095195411163 1.555639993044322 1.0088819989921114
3.383738832450229 0.4926023542566839 3.5620363234561934 1.0172982714508083
4.203945277761373 0.471274782521949 1.835050837365193 0.9745674518176395
4.512112665542647 0.4233794029989869 1.3403828031878575 0.873009366826837
3.7227998671453904 0.4318851581463736 2.9065616007460084 0.8835216663279618
3.4733408353135333 0.4124804162370133 3.377398603258003 0.8412188934678144
3.855583859818626 0.5054202280995731 2.5804942784599434 1.036200545623963
3.885869929410526 0.4917122161943934 2.4631076153775195 1.0147084958616033
3.9314231449422783 0.47639183137077556 2.408619954651118 0.9805393915520789
3.6886651009972047 0.46450720827846337 2.9252441849581823 0.9517486919037185
3.811168924733806 0.40566088606541656 2.735676321615496 0.8332485478330273
4.141439431882173 0.4349097969399031 1.98344860489711 0.8992993060618627
3.795225699833214 0.46875542794143366 2.6775761247818117 0.958700293922813
4.113614867981147 0.47634652007111766 2.1594143519327673 0.9789682470824713
3.554352318662382 0.49286108534167067 3.22703883609475 1.014405862154427
3.929727183033292 0.46804322650015895 2.4568886368154574 0.9551315212766066
4.043552958838992 0.403694126995838 2.2494304638874927 0.8341713017265144
3.85544358176318 0.5048154669532984 2.5034432170778276 1.039154749236054
3.6571715234448305 0.43492951185433204 2.94497031725287 0.902443842133845
4.420220776484612 0.457379482595721 1.4049737823643031 0.9456353340717768
3.5172935945590367 0.47281902513786184 3.3409819515013734 0.977809445302864
3.366183993204915 0.5047248364613244 3.641607841574242 1.0277184538560749
3.810582156792668 0.4322162041130482 2.720045242246145 0.8915656345731492
4.258152486240549 0.4173139883163816 1.6798868893981753 0.8706806990257872
4.284882522852447 0.45346115190434877 1.767363539891433 0.929899357035801
3.722379721832273 0.4622923697112775 2.8453506707976572 0.9472670748689694
4.159376768016522 0.45640586390049254 2.0057998152882814 0.9426826637773646
4.34707626978875 0.42450042085934464 1.5590179993081439 0.870029312588753
4.284178723502331 0.44268352534735267 1.6195973585884316 0.9072940742096556
4.056702384660602 0.47197099405642423 2.1708924117960073 0.9700858134920741
3.8338202598226414 0.45554243814524925 2.5814286629061898 0.9373718223930234
4.393264356689295 0.5038124155688511 1.4540363184183633 1.0361779383276495
3.756008188647515 0.4660726549269662 2.8299132407349665 0.9505935648462096
4.335960058487558 0.4856077072613319 1.6765161168586111 0.9999766485055485
4.0288294016265525 0.46966757666527953 2.2333229337558267 0.9642452385487325
4.059822057161632 0.45551935904536145 2.209778440615602 0.9323149180743985
4.042427779564566 0.44091131251345594 2.240287446609444 0.907143826674952
3.534316409149449 0.46223278392770933 3.2279344214015397 0.9526519232034988
4.086600114845348 0.41768798406055896 2.154556319930125 0.8622700736887771
3.7990499777833513 0.4086825791414784 2.7534533459987642 0.8376154661756197
4.223150006104509 0.48106130672191133 1.8354950430632693 0.9898880402870274
4.002689058870709 0.4765201884667485 2.230830190024793 0.9755114865083492
4.280392525619499 0.5020565902110175 1.5988372730800053 1.0311668584048177
4.165083385892968 0.47332458637486335 2.009929481534506 0.9754475700888573
3.8015999223637706 0.4619634331448035 2.67084531440907 0.9457389742802763
4.050508988120969 0.4994612927044873 2.2731342936234573 1.0211214334194003
3.862978305618662 0.4584189724160009 2.5702349025471047 0.9419644902547077
3.9117877577771525 0.43552853452663426 2.4526662613686563 0.8931472014977984
3.951336187271269 0.49641347594349383 2.3540242028415035 1.020794856016849
3.7456426355523873 0.4756142144567829 2.864852822735357 0.9762401919864068
3.9366709129887334 0.45103246976653044 2.4295172714799422 0.9242595950097084
4.2756059956366474 0.5081950552443663 1.7312176624581044 1.0462933786235755
3.8212012618909297 0.49727781599666016 2.6190333674742265 1.017833855825165
3.8103213834941627 0.5061126356413397 2.7211381879790197 1.044228075308838
3.6346032741483 0.42655621850101455 3.084457471764091 0.8778333864183382
4.091602734555705 0.4471010153318324 2.1135161805185096 0.9209891827432372
3.5068373040907366 0.4086574410683298 3.3361862973960648 0.8400394220644337
3.893263427961486 0.46716423546252356 2.5353966072073373 0.9467389838691384
4.176440938389826 0.4453210708527715 1.91881522105071 0.9078673487081325
3.595007821800648 0.4549939532926494 3.1062899069713685 0.9366349259205604
3.575367992797886 0.4648032481940149 3.1857848052254503 0.9561333920760439
3.9904281506537336 0.47815522074413835 2.2535884249300424 0.9704387254175741
3.97882465423396 0.45029105261698893 2.4192680442465964 0.9232696087098915
3.7279617303963777 0.4594623653104505 2.814721177499635 0.9345796155185075
4.005404178440921 0.5047484096636161 2.2310146268556164 1.0381083611479331
3.876301811733292 0.4757968868555128 2.5324383501495573 0.9894038104452855
3.3289954957783507 0.4866094209912706 3.746699260778854 1.000690660858684
4.220141312418777 0.4554813392478311 1.853431309473637 0.9353818908868757
3.5227319764369787 0.4917949459506517 3.1952538818048133 1.0094357276234385
4.66987837873522 0.4727844787849794 1.014927922696173 0.9705542334415994
4.021354922935106 0.5018058949369123 2.2455002862616924 1.0370593799033083
4.673253138984995 0.47164094241465976 0.8586713109387665 0.9746436586033986
3.5818683129713653 0.4965335861261493 3.156192109694004 1.014593350011177
3.9401851445477303 0.4377446440821855 2.390584802696158 0.9106641167085368
3.6379330262249896 0.46887329625990926 3.0233949997708423 0.9662272375955135
4.193005492992852 0.44287919732934106 1.915228699025223 0.9127459618176793
3.703277991911949 0.46019622678614985 2.8770210630922035 0.9479763320996408
3.405731213826426 0.46518725330796545 3.5001632558355205 0.9558375498461994
4.115987830340674 0.48031517816801034 2.072866881261189 0.9844629939256367
4.858651730042717 0.5280949344158749 0.5754569014363193 1.0819503480681323
3.3074102031690993 0.4741348255032269 3.7326299703231545 0.9664815231835815
4.087572088966203 0.45632662293929827 2.08280862011001 0.9350702747394921
3.662801927610794 0.4613665515991691 3.0497034099235263 0.9402751181632001
4.342704473182023 0.4494510596968179 1.5320708579544235 0.9311085899289845
4.146996558180358 0.46862716716747066 2.0489173735916424 0.9567762319625752
3.8806335734450537 0.4464619364473052 2.5477844736077846 0.907366215867721
4.16237811833321 0.4452188480324595 1.9822198697052227 0.9198271482376179
4.177309705813071 0.48134954489171666 1.9743675143343102 0.9944247590117236
4.024122633526435 0.4290859030157261 2.2953603621699523 0.8872168413157454
4.076489652992663 0.4982009558661292 2.077681482019055 1.0208326983314457
3.673843786147474 0.44922458389989134 2.8389740727738557 0.9133288204637598
3.7905109610487715 0.48155548301281975 2.734489959285077 0.9889880895959363
3.768541258474605 0.43358577504883455 2.841335983833421 0.891505123678421
3.9306750196743288 0.4151558392820584 2.445467254131792 0.8487105649085005
3.43452295935338 0.49477895049479537 3.4872759859747173 1.0210498470569247
4.136016445585803 0.4303456965941068 2.0586288546440397 0.8845905738098672
4.215814113082155 0.45858537345122125 1.9305269853574047 0.9449194272129519
4.149418075836097 0.4487439862537122 1.9888342467308024 0.9218151252608688
3.893635039156793 0.4714504883074227 2.5352817654251614 0.9674051002131556
4.242835394118381 0.45948946231447135 1.8438872176916616 0.9446893517539243
4.177957833541493 0.45038915145721914 1.948631846360338 0.9197686096848652
3.6632949833598714 0.48578919433888784 2.8760871319281933 1.0030143568760848
3.869757279393032 0.4221982898091085 2.590703895300501 0.8724565620551373
4.3200104709706455 0.4390512198682332 1.6307073274904411 0.9015365781356
4.262444028479649 0.4498286730642671 1.7696219216381452 0.9240627607240077
3.7480008083136847 0.4783570654072843 2.8188954630320717 0.9869141669514925
4.1462032585527755 0.42674447216743167 2.0141958894294243 0.8797975236352027
3.583649920078437 0.47873964289584353 3.1669069024966463 0.9835778011233871
4.131723866399006 0.4798031117715454 2.002884032922837 0.9870278663108357
3.602182006403702 0.4773230313490497 3.0770615654585143 0.9778849571901079
4.889976279347612 0.4750731131417438 0.45702182712872247 0.9766316252454296
3.697872779050255 0.4567953262975987 2.8747965579944657 0.9361268754395946
3.5555542437508283 0.4879285402818665 3.1702884317806626 1.0037832255160446
4.269536080443457 0.4680795544706471 1.792244574996927 0.95960816883113
4.695527485194561 0.4934329824115465 0.8194482524066137 1.0073136861560923
3.958776468883328 0.4548741712579371 2.3748524797918944 0.938868779591282
4.117313903369611 0.46355375888666595 2.0893510668360156 0.9607633449089307
3.8084701089516484 0.4428823462811068 2.603865947829034 0.9072879410959706
4.004826297794777 0.43936083208067556 2.246047361945174 0.9039514187719255
3.847503769002385 0.49697304052258306 2.625421712341449 1.0230987130742513
3.5471152061439737 0.461017455611492 3.2308281518926023 0.9394345602873048
4.087982061728484 0.490730410758412 2.0127827658380237 1.0116207590735102
3.8535116439031154 0.4079385225574708 2.566466943908364 0.8380159800395688
3.488730610533734 0.5142576406897239 3.304287988565566 1.0500045967720628
4.182293461449414 0.4310832369623998 2.02369086562265 0.8887474291629719
4.00391048883483 0.47586789304855087 2.2826961597172613 0.9708957148210928
4.013129774108788 0.4730369585294458 2.3541193945408025 0.9746930870481303
4.403677319345832 0.47152383774608486 1.3877900641246725 0.9637956911061867
3.6052559704155502 0.4275582417326433 3.015798976619613 0.8777655932741807
4.253692156319078 0.45263106547741505 1.7919929525989606 0.9361803222180848
4.082199941376881 0.4652969032917803 2.12154375029509 0.9603515768245846
4.103847500359265 0.4703315857236953 2.097368893100971 0.9691595854168268
4.029783265515541 0.4652781004750671 2.32554330340926 0.9542220364635959
4.419285336451679 0.4925372350733237 1.4290338561525784 1.0062262679100844
4.76608711454541 0.43225881501622326 0.7086939228407728 0.8979384661125173
3.7102141578883288 0.43047678874373574 2.8482665479717326 0.8841742836978037
4.203752900375132 0.4406948890789692 1.8516869164980596 0.897367818006662
3.9037580910788536 0.4552203869394745 2.5711432799019445 0.9290689829158918
3.782948967479971 0.5074918421809401 2.7599675818429006 1.0448018914312558
3.872724509175474 0.45581256558631267 2.5003289790579126 0.9384614088549051
3.778277757638221 0.4867520895782962 2.7505741919475115 0.9927222785749737
4.173736450469892 0.47877889099896626 1.9009503726622943 0.9832474047126792
3.7678810108515837 0.4402865699161287 2.864160225996429 0.911426672898687
3.9888909048431174 0.4606488112800245 2.3526123396509826 0.9468271595835906
3.5787679020478436 0.49127418960917896 3.1951352908954154 1.0164520277194364
3.8064289304772894 0.47489889347567615 2.6562869883886067 0.9863347501103877
3.6162608134122873 0.477920377699921 3.1148187243544445 0.9788370839014291
3.9358885978852873 0.44444138368257713 2.3409711196063197 0.9111116210685253
4.071662882567661 0.43077430932837546 2.1609660233032812 0.8888756166841635
3.717079728283915 0.44810671323726337 2.9299608482933133 0.9203835343731156
4.210708979775237 0.40881928624043906 1.8124329876505358 0.8396135461915077
4.012475626733027 0.5125487356750114 2.261067611497253 1.049625944913256
