4.5426970685259125 0.5412418668266827 1.2040822588209932 1.1082291681865517
4.3632180348577325 0.529390685372912 1.589195304726081 1.1056743961926212
4.5393393601739565 0.5541892943290347 1.1989226960766803 1.1395832567926563
3.985322500961922 0.5108765661902265 2.3365220079476234 1.0503920242631672
4.371458173477629 0.5892387559677392 1.506848722894395 1.2086058949408627
3.8146172703557926 0.5471931489295828 2.6922938026191225 1.1244579300401587
4.081906339841928 0.5441820129568185 2.2787320000266984 1.1126027578268103
3.932097470948861 0.5310968600637704 2.41194816043995 1.1040968577043888
4.239145196468114 0.5681177738138861 1.8294923067751818 1.167572634457642
4.506406525415162 0.5860983504518944 1.278185325832332 1.2006391150187286
3.8506313480194128 0.5320325573165313 2.589812733830571 1.1026250266924182
4.464970942984379 0.571966547754681 1.4036300313006436 1.1774956661258307
4.523394586679537 0.570293938425858 1.284020237090997 1.1743909931311958
4.836565054927249 0.5671444105743246 0.6350380786865062 1.1493622107053723
2.9781016030476826 0.5852012335489561 4.266158933050923 1.201076876786426
4.290932467568794 0.5722796626063025 1.5671483093822955 1.1843712717422157
3.8103282725926975 0.5931407248054452 2.7115976913057565 1.2088278037299838
3.651289463922158 0.5651423284312751 3.049844642654718 1.1587446346945822
3.3258464704367743 0.5784770970295118 3.6986800730810523 1.186801159343635
3.9993229883207286 0.5444861726281987 2.2935814684144247 1.1266839086561853
4.272766199890134 0.5147161408081822 1.7251627515004664 1.0573319817132902
3.9743455692933525 0.5378017003622295 2.3986026496516515 1.103664261850216
3.777158126510988 0.524617374946724 2.7867669902377195 1.0798195629220773
3.8508816426150037 0.5256451212601877 2.6074769744603827 1.0734663396895205
3.9878410089021017 0.559497353945885 2.2279047431857792 1.1590641191657634
4.311500112656836 0.5575716923827658 1.582730197341168 1.1570877336611405
4.163793205225774 0.611642069581687 1.8920260503942496 1.2573787366447178
3.7056947776371363 0.5608328222903046 2.924345451060131 1.1508790298088765
3.355686173073897 0.6178995195183699 3.628605462474342 1.266979371605954
4.1226452497962995 0.610830778419268 2.033725877419092 1.256052274249223
3.718671609441981 0.5651300597023492 2.8604163710759067 1.1664309339307
4.055373968282124 0.5527078996847096 2.182485703965024 1.1527824186564621
4.272803305670867 0.5470852216526634 1.8109403139859865 1.1335632368722863
4.1860198215721525 0.5945179945835665 1.9607498066834719 1.2124915916268342
3.617388758784369 0.5740875198799448 3.078681200109815 1.1633887453859093
3.181927731061477 0.5642769720203868 3.978020422428681 1.164556651048071
3.432820919656034 0.557505012804715 3.448341547035752 1.1461948201846992
3.8826812602743352 0.5458048348848117 2.5907907344187127 1.120290229988582
3.9536193801323813 0.5703135667039259 2.4553147728018407 1.1669065257649882
3.751755282079545 0.6150470613394442 2.8050092781784937 1.2778369396809455
3.932181322382232 0.5523510378110031 2.500688328593178 1.1366605843658737
4.247774014168627 0.5223013693236592 1.8648984506320463 1.0848118978129562
4.251673832659579 0.555346656828293 1.7665778502599876 1.1424505935808593
4.013025561680961 0.5699073772436006 2.2969927135651496 1.1648340797578054
3.78015028024291 0.5192467897657976 2.72713705973967 1.0735695149729556
3.7353971292873434 0.6182482332481124 2.832256657017218 1.2739605382033286
3.684067961959137 0.5551568120305749 2.882712566277589 1.1429543768656414
4.903059519265371 0.5767338126905099 0.4652060005301275 1.1849567782610657
3.5773902646289937 0.5353254212515799 3.4077484766055806 1.1014903410869519
4.032998530847173 0.5779725696556276 2.191654244523421 1.186263827447241
3.257794550059095 0.5851789900972136 3.8310075867871114 1.2013100716817424
4.449613585192619 0.5904822158027063 1.4114089029232533 1.205005195883894
4.015456607959766 0.5411147006477773 2.310012072551344 1.1045736603938139
3.3713667772428595 0.5007346080054517 3.5380808266869668 1.0398946413663497
4.020068142463088 0.5236034807200728 2.2116082963602075 1.0840251572635082
3.733383982246705 0.5729023091024235 2.8078701738196514 1.1753813447360504
3.9974372402444205 0.5494891602468595 2.29003511770025 1.1246576245188344
4.409649893732179 0.5474402325913744 1.4174038972129808 1.1379552391326175
4.267788566202346 0.575154564444021 1.7410042161253818 1.1716931404829267
3.4412957225065 0.5314991230027257 3.403736808774277 1.095866388847494
3.873239184324768 0.49458514358312483 2.5196603216391105 1.0173980792348123
3.5258473002815807 0.5577417022271479 3.306293793580287 1.147003061333066
3.6203397171742364 0.5241719667195417 3.0613948850332218 1.0849235245002409
3.479213445840025 0.5111960168321243 3.358618711600271 1.0451798794354772
4.310971621899421 0.533195717548031 1.7229303871989834 1.1002540149245972
4.590878427577048 0.5482389850815278 1.1612658349860707 1.1287561622125994
4.20339234773706 0.5325529033684104 1.8813761838551843 1.0828228549419987
3.8507442380856034 0.5558228027418027 2.6313426812532934 1.1408073162832122
3.7852725878741804 0.5427543554286188 2.7481194048625395 1.1131985979844217
3.9671920199563875 0.6220732675996614 2.4621415082884006 1.2700950234447488
3.5878270583095704 0.5409641592300244 3.241031752422044 1.1178886242569055
3.8008712586070117 0.5793590616964605 2.6643494060517803 1.1923585388693927
3.9389970897725406 0.5638898107228211 2.4481963462159824 1.1449957468444139
4.413439078739248 0.5833642805076127 1.5358650773203883 1.2013511495522096
4.51675971995904 0.5809764217535704 1.2048435637975292 1.184720179555594
4.035218218257821 0.5474992870006159 2.2609220888675394 1.1188435664338128
4.129167762560386 0.5625456117671591 2.102532932045956 1.1533824710558027
3.7685372776962005 0.5559251079216078 2.772571850395966 1.1418555124085334
3.7280365623519502 0.5782435456199565 2.7904104299004935 1.1848851940820277
3.9268049215354153 0.5600111283144091 2.403335667785736 1.1479334086568493
3.807476724819928 0.5527237584757715 2.5877275322212423 1.1360512975676382
3.908941192447849 0.5363910545080786 2.425639775222389 1.106408989890807
3.40546608739251 0.5736505805146783 3.5132335012026044 1.1773938604034437
3.5154940621562263 0.549960416743935 3.3218651249116977 1.1286721504723138
4.117955394066484 0.6384152171829501 2.0130552171342417 1.3037644958571415
4.170111068455899 0.5232069168233765 1.8981340192341905 1.0657969424661127
4.212502277653644 0.5497955333589909 1.8701268533989768 1.1221778055621356
4.2939551481925875 0.5778762138273695 1.6948624528599412 1.1864963859587412
3.9457512995887827 0.5483278407904356 2.3113063598932815 1.1339964998516008
4.904386618801974 0.5453497794853379 0.5155160845531483 1.1217344846116089
4.733331637300355 0.579347527852073 0.7148265008712245 1.1879542289261202
3.061357331292595 0.5668122227046267 4.270266715517167 1.1718347597532708
4.757312980267534 0.499674112072864 0.7765877792968516 1.0256161238154886
3.9600222681980646 0.5529785294787682 2.3461226964624817 1.1464104184070047
4.593950266416335 0.5780962329721203 1.1795330974957012 1.190438129695455
3.29455435924604 0.6133049851547796 3.74844620915599 1.2601216095790946
3.8330174556689607 0.5651439505059768 2.61587876676987 1.1539619000087127
3.7092207313753036 0.5642315772279175 2.9284248804290143 1.1662614468909847
3.557412013209194 0.5248461226939669 3.102179899322433 1.0856423997622118
3.74477989563797 0.5673026523625175 2.7823032621722863 1.1698496405213776
3.646164548772904 0.5798584954544787 3.0932606474370283 1.1977854573801394
3.5892595388688995 0.5644927886572164 3.0859573204193973 1.1517748254952733
3.5652301281661045 0.5569817187268177 3.2578187301310195 1.1513045552888335
4.232181257586943 0.5732639239087118 1.8446193246345455 1.1841389972973713
4.3780940566690845 0.6045479270152982 1.506985018750042 1.2522862650441702
3.830837690099419 0.5543682601973725 2.641249470867865 1.133010364929946
4.475714171850237 0.5235742003729955 1.3383308918130914 1.0783210053295347
4.471247925768805 0.5628228567688129 1.3063870611228614 1.1645921939677988
3.8536345932753027 0.5364177814274564 2.551936111893535 1.1009865305934485
4.542305655782986 0.5336309607595617 1.1863417851933773 1.1054611595435895
3.524358839396478 0.5088067370593368 3.3400121789485486 1.0470681743797916
3.66334441550819 0.5838047224653401 2.975704585627133 1.1879726063431526
4.0464586095394885 0.5733402162068981 2.232769591057161 1.1867434107947101
3.866650515708464 0.5432047388992954 2.654858297788873 1.1201698810528724
4.315284629078622 0.5667443025407787 1.5643291909176213 1.1600832059839736
3.9462278103128003 0.5753531623329515 2.421187518307335 1.1713492297628634
4.017233551729271 0.5869524309373318 2.258334022551456 1.2003335034388682
3.9370254395802933 0.5320404595609591 2.3805139469595744 1.098595986354601
3.770965592476701 0.5517740182347747 2.7229511681203613 1.1379743845294064
3.9839311067729763 0.5584923780088394 2.338214734831677 1.1470825760339307
3.607030552549368 0.5479770182911421 3.1089594423023406 1.1376166602102908
3.6427361058897834 0.5444041178125824 2.9601023447882513 1.1139194252464943
4.358322662656741 0.5348836392229671 1.5991158699093406 1.0923418105263778
4.080679653498663 0.549576052469939 2.055710330195117 1.1259406512312182
3.318633584355638 0.5381132120367996 3.772251293592396 1.0955934048305138
3.676662200477712 0.5596002681807046 2.9757888448270924 1.1440505824377118
4.631148708478929 0.5653968775861525 0.9394188511229502 1.169439861826799
3.833844633471057 0.5452242247239688 2.721592407540709 1.1279907037066104
3.9148127382162983 0.5259505631074103 2.4346981357590254 1.0747454988425265
4.089569285731146 0.5561344843935867 2.136221070647786 1.1438276876100713
4.394869635404847 0.5243728530240556 1.4625933107390288 1.076000126495418
3.4574355045989655 0.5407892911638331 3.516679758790811 1.1126894081101188
4.146126118244152 0.5951359925915306 1.9939999020650565 1.2142622874467641
3.4123508173486083 0.5622976446685078 3.510476683552195 1.1509390883217192
3.8732607247234716 0.5298748737610836 2.5313445533020174 1.0967901496042598
4.204992401580089 0.5346038291726017 1.8356681386689675 1.0834567196928422
4.562075101081968 0.5722625967880419 1.1180534461163316 1.1753963825330933
4.439038768069963 0.5686671737752199 1.414680573346653 1.180294876727878
3.6285814048394327 0.5230880704220254 3.079895855833459 1.0777384015873435
5.000491056928132 0.6038745408805996 0.314233697931558 1.2304763989643166
4.18708507555489 0.5165608695381589 1.9256257872570464 1.0470910344886104
4.646132684688488 0.6044439202985553 1.044979337963455 1.2498964858669244
3.54622222106598 0.5203004915687568 3.2756289877606397 1.0664417093282623
3.5716028561983872 0.5138119361142941 3.1030150601932434 1.06208690648505
4.138450639901057 0.566581957187331 2.0316327392172857 1.1672715549756592
4.268308173687503 0.5503390432453971 1.7602379971722275 1.1334656028275458
4.045587195089708 0.5557110406089409 2.2380696728238356 1.144093212738999
4.255554853531656 0.5303501045016079 1.7685255046712598 1.0977911819445392
3.8322263749513352 0.5632531448869983 2.6686461170890223 1.155965814050411
4.134480525216388 0.5283692296033661 2.0665073974002617 1.0788866133831558
3.798242780700228 0.5759185856230866 2.7058135987816274 1.185030541155909
4.183593341135305 0.5622733830013983 1.984242991995182 1.1668944522131948
3.8227283646116894 0.5900338457215023 2.6988620183745904 1.2175447143070253
3.8022593115923575 0.5736416777912943 2.6635022753913313 1.171228899017922
3.8320995755816405 0.5730023083735639 2.6507878304106676 1.1755844241734894
3.7216588271275377 0.5426437140252817 2.856447131580926 1.1130690558007006
3.776692820933535 0.5625799321828561 2.7708482387876474 1.1546734695528749
4.121829117982957 0.5122917313427534 1.9839364558390544 1.0518802045203521
4.478248522557715 0.5943466562682933 1.4743551336634737 1.216410908466579
3.8937573944784023 0.5492198480059663 2.5399981832096192 1.1335412132346632
3.2863753612195894 0.5849902020591667 3.6930796314365253 1.2059735158129954
3.4026218100779193 0.5037547890574757 3.5078286332174597 1.0364606657451172
4.307431870709878 0.5939831026658274 1.6788659225369964 1.2184307598028865
4.086803339918765 0.5507267487847365 2.055587105691771 1.1353142496509139
3.742894195718161 0.5204638267496967 2.849085043763571 1.072765627705385
4.145515620063351 0.5008464600616852 1.952918746609238 1.036825891913304
3.157528479715343 0.5773373811941931 4.001207894608196 1.190094791445234
3.8268121504623753 0.6211027089838838 2.603873497819948 1.275382319751783
3.7874241297387803 0.5656195839687573 2.6881731220412455 1.1650403275725971
4.208296694706503 0.5545181279242163 1.8980207162110838 1.1425054416622167
4.700175910863711 0.5557540547758691 0.8602767453138684 1.1361903040801486
4.2974679569893075 0.5654286566978297 1.666859267612205 1.1642490474338023
3.9282585556480836 0.5216589850132838 2.5484751802098513 1.07737155815055
4.1537721490656985 0.5371962454127948 1.9483386375819054 1.097594314189092
4.221892923208314 0.5845031293581187 1.7723908305163079 1.2014436658829868
4.156280152512723 0.534064726607976 2.01970534013547 1.0965015342421573
3.757962540929678 0.5870643157258677 2.8512722323736863 1.211135179408076
4.47992921239951 0.5575267143917326 1.264502958846724 1.1505292983689102
4.669934656969128 0.5030034194619277 0.8491397131436618 1.0309324252119225
3.8722681268642685 0.5403052967671821 2.5274075838861876 1.1133107658698658
3.626660389304588 0.5691837090762085 2.899441578019927 1.1672733023156765
4.384777502997636 0.5753833801631066 1.5700239990168163 1.1817096400505265
4.0302320336756186 0.6459955970714102 2.3147040841043927 1.3298303715692148
4.592077690466158 0.5524917358322688 1.0572753391288563 1.1445357540848378
3.8703603172295624 0.5345470604717638 2.6838334423243246 1.1062429074939817
4.274189360004143 0.5350941378990175 1.823014063364819 1.1005533056876988
4.203004422940353 0.5798481053817752 1.8751823543228436 1.1910153114431634
3.433242785821813 0.5730482736502748 3.382466536191456 1.170644166174294
4.065627402389265 0.5405073952823348 2.187862237942323 1.109481811738034
3.988354659132212 0.5052870522577939 2.240487339424189 1.0456515750179334
3.903705308544858 0.5477238912002479 2.4588722766373845 1.118246998475634
4.3888937538061565 0.5827678277435688 1.4671478893732741 1.2037548420493587
3.775612547117487 0.5500354273473199 2.7459731480106457 1.1211105790783575
4.07633680934586 0.5834329966598963 2.199306872951269 1.2061083807814055
3.9548353265499743 0.5734444244417286 2.4977950941200042 1.1902507090349197
4.418882485457843 0.5315571609203176 1.495503028281239 1.0894747415517474
4.795805497559004 0.5874743870506667 0.698368195376813 1.2068236351356112
5.159950779517118 0.5661548715145536 -0.17271531421022002 1.168145005881575
4.234256235353323 0.5773546983301507 1.7981018980322105 1.184865155590324
4.234535991495914 0.5966547142224342 1.7427850589746168 1.2252115568670954
4.110130624607521 0.5433503224067604 2.1149611295304407 1.117195141188972
3.932436065856101 0.5376700153331758 2.37777079450161 1.1075129876352248
4.09691897675021 0.5111777793938319 2.1332516682889233 1.0490325132422382
3.623341535056023 0.5575184546140054 3.0576490503272282 1.1510256572868822
3.6305164257959253 0.5789091158656371 3.0356790403016567 1.1868399918654156
3.6077482312987925 0.6122440453591167 3.1734478708047105 1.262213473547128
3.7282597138983276 0.5060809740578068 2.8599018332560187 1.041825754788733
3.752992964765565 0.5583872058348195 2.7345669750930774 1.1508633772365342
3.9522302909782323 0.5469337355253427 2.432747797497279 1.1185179111718564
4.3253506016504435 0.5843402191116459 1.7278145932227946 1.1996459951137508
3.5749123396218976 0.4971083919446757 3.138979074547568 1.024893417296052
3.609743718698242 0.5143750756879325 3.1421375232133 1.061575587759649
3.846014713818355 0.602413751160394 2.6838493755334447 1.2404633255828692
4.132230210387306 0.5550788266197537 2.155835661365572 1.1488251697371294
4.007501591956675 0.5048345687710339 2.3577671047611197 1.0329695298504042
4.71761794668861 0.5959966138246423 0.8861010217887573 1.216838119219228
4.4247898282074924 0.5867460119280884 1.4040734523763074 1.2071156645501904
4.704350579727273 0.5794604895729731 0.8732215003270545 1.181378736900614
3.531597165878642 0.5796892983814531 3.3623362464638276 1.1887675427824913
3.912378416654569 0.5282470449911323 2.4552138653158195 1.093982002133527
4.345137717245089 0.5284862807900264 1.5303941827865448 1.086306237199344
4.557291704232476 0.5591904565579984 1.1852845952210853 1.1596075036040265
4.391560205518127 0.5999004122029435 1.5342220465621599 1.228201413996464
3.4997016875066853 0.509421129674913 3.280524160177727 1.0564408997457952
4.094577286454197 0.5056711722273439 2.0724746788432906 1.0521942531063138
4.187691596957688 0.5704033468652961 1.912502456895073 1.1750818622720847
3.7718256268379218 0.5540183313411468 2.6947826344836248 1.1387354960948175
3.485467171252064 0.5428567620404812 3.343568249657592 1.1139687775116467
4.463497652894363 0.6096915302812742 1.2072574123261894 1.2676854330301974
3.6227437682231534 0.5670216980652172 3.126224138698194 1.169076403144734
4.4154752851052494 0.5543885469106742 1.3905182393352324 1.1428751106171338
3.4969196506265203 0.5421916866685824 3.3208381861852363 1.1072822602369905
4.425956849646748 0.5402227833808178 1.311171239760575 1.1234857865521783
4.135843190577736 0.5238305985238132 1.9458285272377385 1.089189523516446
3.6513496386745183 0.5414135731213263 2.9926057063954707 1.1147603038927123
3.9571355514980198 0.5624648762923546 2.3570422273059677 1.1615738869234478
4.2060530799567415 0.582878244337359 1.944417673676867 1.195166121958211
3.5393153452471715 0.5498474372716733 3.3077454816960596 1.1321247918903914
3.7099750870034462 0.5555006706506019 2.9440105955280265 1.141055955472234
3.6535402839026645 0.5494219805957969 3.023440543840011 1.1232657488142492
4.3453667143190025 0.5920421639635628 1.6195216558166683 1.2253590948837951
4.020768054700628 0.5737418709970861 2.2519324813104378 1.1755106576109509
4.057087678780349 0.5108000079566093 2.1492778146468163 1.053622445127546
4.4566406053325665 0.5486449676313065 1.3710596213392165 1.131416553962357
4.088638459062945 0.5868555634385388 2.0639206565911614 1.2006295761711938
3.595406290042117 0.5662734764485029 3.1502613741885317 1.164917631616259
4.051726274336259 0.509860559236323 2.0413865177163366 1.0505762620963963
3.3733469094179194 0.5844444222160091 3.5462790543960647 1.2011906057673685
4.085231321765471 0.5822942810859196 2.160167365927885 1.1980714001619726
3.7600282781933774 0.4933426416132133 2.8559784855316117 1.0101560712112114
2.884431600668365 0.5906541891197412 4.54208834548766 1.2169471788252841
4.19871324589546 0.560248242865708 1.826000664990925 1.1500929226674212
4.2516677449624165 0.5514821448561606 1.7656838757451943 1.1347818553920999
3.7678748412848253 0.5566051924667427 2.792419577966691 1.148831854999427
3.088979945517941 0.5635694384748094 4.116413681067439 1.1599926464446664
3.4073636386086346 0.5184067133193119 3.5004525945993743 1.0607319083939017
4.2591337439059975 0.6009650661976699 1.7680557249186455 1.2370869096205666
4.556654374366805 0.5810935661160057 1.2772119442660812 1.192501163635749
4.175368018972385 0.5782298379133639 1.9529990497142866 1.1831858993945754
3.770290548269994 0.5032757644660275 2.6848640477326375 1.0321501122225143
3.894367966581382 0.5573854209697462 2.510883006507199 1.150436743786875
4.221851247085623 0.5199661234773952 1.8235242241332579 1.0642813633540742
3.995259266407222 0.5178816907489768 2.262042924980876 1.0662936878824982
3.3835444646939647 0.5616544130928972 3.6068300179037758 1.1612258120756251
4.146724557713104 0.5656392803967337 1.8992606223708588 1.1677538777130627
4.8281597149675335 0.5775813639460582 0.54241138153674 1.1919497785806263
3.622434354884385 0.5792605008448234 3.031546151574813 1.1843672379106391
4.407594595809595 0.5416107109462137 1.4503017086645973 1.1240659719899542
3.6947427267609534 0.4978191505891478 2.9782332716174804 1.0236919839661753
4.687609812423548 0.5780021709194768 0.9565183648689337 1.188037295363433
3.131819458875845 0.57017358785648 4.045543007149128 1.174689987247342
3.8291864860033296 0.568194691647946 2.5094823403179003 1.1697420822932953
4.125963186885882 0.5144477651304844 1.9936093153880257 1.060307870466148
3.8351163474921632 0.5918130545652097 2.6831740996076388 1.2096669439700545
3.913465795920378 0.572721532250424 2.5034555810048795 1.1775335351079992
3.296086440085707 0.5818681042298223 3.742703539014006 1.1978345892249433
4.309473549347189 0.5364350582462541 1.6696559201514924 1.0954955347688924
3.6436455788393243 0.5648746646482729 2.9324425141378416 1.1575751957235407
3.999540837048932 0.5189598227006225 2.3630572292427567 1.0689298222376604
4.1900830859679115 0.5514082978628885 1.9194886303883316 1.139198789725442
4.266449628544823 0.5530268795304925 1.6446019032723855 1.1291025328780224
4.198513711295316 0.5693607938878559 1.8960283346022102 1.1609566155209183
3.3492133669917044 0.506505875875149 3.6932049717728486 1.041734496797242
3.7335065829993637 0.58059296012524 2.852669329342593 1.1912929608612246
3.569386647708546 0.5420371832709792 3.2557974062995796 1.1158621715014454
3.6834863382612655 0.49083823265732773 2.8760959807762188 0.999636162509321
3.5852124253407904 0.5189836704415854 3.1698106858140753 1.0729855420442982
3.957399475518727 0.5552630789315403 2.3938525923201874 1.1393000376290705
4.1119371432837255 0.5197736119278089 2.1560344285876165 1.0682486233550632
3.8156993833528916 0.5218069474172827 2.6344897457786445 1.082278439822436
4.51966771842692 0.4916111264957352 1.2979513402582326 1.0103833301453182
3.337794387273491 0.5619742429878647 3.6454880088500463 1.1538267518148806
4.4872068835012495 0.5636492952881078 1.3197537229345917 1.1638539227229898
3.9932223406928733 0.5642226311850462 2.312325653323732 1.1611975226463056
3.750066010429023 0.5623984717652291 2.785182670882591 1.159086346384401
3.753924907385598 0.5479135538666525 2.8223681663119153 1.1368651273126824
4.065429705458315 0.5588768777991385 2.1929281426333196 1.1621618537502862
4.428154223844816 0.5378410074576332 1.4164628501307392 1.1112609380526406
4.168754115192112 0.5524838748459062 1.960764650747733 1.1313936489146696
4.5421137170308015 0.5434630925857037 1.1825108171518048 1.1102501844321206
4.287623879999443 0.5730468486977389 1.7551375262680753 1.176640208226315
3.6399772715931986 0.5689394524444762 3.1042932042995703 1.1705740324483334
4.015418035412283 0.563775869392089 2.304430065932938 1.1517826634038193
4.286351409335524 0.5647186958310294 1.7117102218522724 1.1563851933209306
4.329138365346118 0.5518529556928237 1.5798921514699837 1.1363411805102388
3.979286976265067 0.5409944181995876 2.3331890723345605 1.1095186526879572
4.42864905541373 0.5483636248984216 1.2880936172792343 1.1183588427002555
4.116891520455573 0.5342713589868563 2.1380140379912307 1.1077771786540316
4.257168374048479 0.5551667826678325 1.7303757004790876 1.134697917646993
4.538285203739395 0.5633165907451042 1.2334923432136835 1.157703895882098
4.098258371723298 0.528122156683768 2.1101690598227894 1.087544112022417
4.126735001691229 0.5336833602856453 2.0665040776707464 1.100043782053621
3.269826309045391 0.5274066861101827 3.7078847258455205 1.0854078999260512
4.038512002013054 0.5919267164884751 2.2663086419681395 1.2228708308132554
4.135240730578009 0.6026488996352253 1.9725932710177605 1.236393849253943
4.5728976500661975 0.5678049967071825 1.1498350344140098 1.167041825939928
3.456616424414908 0.5466692995056369 3.547492341740279 1.1236997739871692
3.03799532448904 0.5603327129707932 4.381132476054665 1.1544663787732974
4.68692306808621 0.5272150700293474 0.8222095790174757 1.0895395237187409
4.243566109977753 0.5596252855736258 1.7020238951454338 1.1480396419572931
4.679760076558932 0.5270840698932915 0.9538508583924317 1.0847834937458423
3.5039416188812553 0.5991103902897745 3.221084249826601 1.233231573626799
4.05806159424356 0.5392248583645951 2.2039792379170917 1.1114224590746111
2.5446871905400275 0.5767784544361333 5.305411310442141 1.1823572634035602
3.731492056342555 0.5612736106514131 2.788775452567848 1.1588059939506206
4.077949020123671 0.5609216331056082 2.1626317842839056 1.1612079632702912
3.802334340553197 0.5350785007128913 2.849859872976366 1.1022960757318032
4.517361543183709 0.5550803974751971 1.2265910643383022 1.1424156219115744
4.320154439509889 0.5544320384030642 1.6687973964775813 1.1256556252884395
3.6812656703522917 0.5771925935295111 3.0248230649478876 1.1997652846283988
4.2881636728739725 0.5313643150993143 1.7256030969147427 1.0821113645264384
3.403199087613652 0.5472031427120175 3.5210355063023107 1.1158736059903867
4.3826209311384225 0.5234429985313129 1.5416424636307782 1.0744711543430117
4.260104461963851 0.539441700481412 1.7413892731928908 1.1109807072825753
4.0655531144529125 0.533292871055198 2.1308747549519405 1.0900756640510216
4.530767066494125 0.5456556203838223 1.1971043952329679 1.1278868364006123
4.009964225298438 0.5321811138085462 2.306514266312096 1.0846161772663445
3.3391768787638227 0.5608323341960026 3.669360507309583 1.1449070047463497
3.6795616751908145 0.5137048033740238 2.925284326843556 1.058354447765085
3.9825126733122813 0.5777311670082125 2.3176790831701832 1.1884891998310738
3.6079430786517963 0.5960523594724799 3.1118160955346377 1.2276070301527293
3.218942776773303 0.6046672308164588 3.9742070111976613 1.2496127125809497
4.796062465966685 0.5549050868958487 0.6978575072264346 1.141033681739503
3.9380167920773714 0.6063064283484766 2.351189212062699 1.2464097848067233
4.180790265259372 0.5764596032190582 1.8982969368226588 1.1899033623183473
3.5836781505960875 0.5006407206348125 3.104921271418233 1.0369387063043032
3.7230787643465213 0.5580225289800423 2.8218109524334105 1.1416047163314686
3.7708991074450586 0.5261380570284483 2.7645646498819088 1.0812963897504473
4.302631521144686 0.5720638016838503 1.7314957477062973 1.1809197781038185
4.503834968435198 0.538956637133608 1.2081826664505444 1.1098347191725024
4.16220247910039 0.5994415992754688 1.9460366448650697 1.237822721161521
3.8016245589822315 0.5808305330085624 2.7669205017279905 1.1898220058033482
4.3511767824605485 0.5543538007497432 1.5723007956945494 1.1432992824060415
4.274331989146249 0.6164143282034894 1.7958358458662356 1.2624513940358053
3.582758439480213 0.5464237601446631 3.1272749119535472 1.1148325304977764
4.51418925701356 0.6141006458703557 1.1734056544025209 1.251054430379731
3.6913378463490547 0.5549920730838439 2.9195949441555467 1.1388284014602734
3.792301900746258 0.5668700110989385 2.6686709704805542 1.1625103396166516
4.646302391142018 0.5832229806239746 0.9753435559642152 1.2000313562752685
4.227328878551263 0.5418545448801949 1.7113599751730244 1.1115842690589375
3.269923400379552 0.5590276078363653 3.827284407379911 1.1459846949640455
3.364204770870982 0.5620080690181093 3.534675797939753 1.156946156759542
3.4656046234882982 0.528648285224408 3.3619103777969817 1.0852597336744962
3.287525242145213 0.5651364415202462 3.7754284748637725 1.1679091779489816
4.327674625976176 0.5259071685051037 1.496729572534155 1.0834520327681672
4.294292680382052 0.4994771265054855 1.6911561581316996 1.0259201238088693
4.163820150679396 0.545176965651065 1.8734928260884227 1.1260600534379288
3.9416682851491878 0.5393619737206318 2.4816188712174174 1.1138970633725465
4.277215218545342 0.5480823807608312 1.6465861527090055 1.1257782695617287
3.975484434794745 0.5334080112004919 2.3786841596331136 1.096821512345817
4.187219766771676 0.4516123438261194 1.9036872326224765 0.9222010545897469
3.9485526306368675 0.5554239307020634 2.389696906021617 1.1592873429795045
3.9677588730184086 0.5736724400173868 2.3364253359799028 1.182458258736657
3.53625970624981 0.5740909350167291 3.1737872439747488 1.1753592192620155
3.9252946231287043 0.5633765911733707 2.4630492268213473 1.1571021723382848
4.979642457152796 0.5402708753252672 0.23444642852631364 1.0987881821502026
3.964387370214272 0.5556853108723463 2.4056363277375286 1.1449231304029344
4.003351245608684 0.4965436003539571 2.3273555881734067 1.0203235336523158
4.146637413345495 0.5406485763303528 1.997422095041129 1.1055005486160403
3.9798563673731593 0.5780330116184155 2.258680466745251 1.1882472584368522
3.8995684393869556 0.5739699273988669 2.517412267203177 1.1849746145769868
4.218651399162253 0.5594947675400014 1.9156054549935426 1.1533055120728841
3.3527810520175185 0.5475706964417897 3.5147323690151326 1.1135971746948778
3.937477797446128 0.5050272089033762 2.612705125514422 1.0409830701926757
4.001940278017019 0.5161159063319375 2.279486426769579 1.0537047371066826
3.775941089686371 0.545566863085081 2.7841531357849014 1.1250735473033766
3.9208786124202692 0.4990177607925399 2.4965955808781772 1.0257076751278278
4.076371228193022 0.5704477887240018 2.066163956576247 1.1817155463432614
4.054171771306505 0.5482120420778939 2.1937944854077154 1.1323478692471716
4.102564865011449 0.5311901332044257 2.167707864976948 1.0861809042198205
3.7120848987017343 0.5763276342139777 2.9037822337572 1.1844283375509903
3.9372185445168624 0.5612539757620542 2.523599508843965 1.155264488677956
4.127476730066933 0.539849716836444 2.05701985647353 1.1143302498107606
4.430385871302533 0.5411016169793573 1.45198532416265 1.1140916024465348
3.8635946173914704 0.5546712216836392 2.541940758215402 1.130005267655302
3.1814650541484335 0.559236408967312 4.076524549733586 1.1573894432859333
4.353613204827905 0.59764343468033 1.4481978141230183 1.2341453156946465
4.094704035857173 0.5453214215997536 2.124414102835118 1.1186187298231822
4.90454163581135 0.5904847340019969 0.4296466468157798 1.2126189184554577
3.8648989123969297 0.5727798475479239 2.581711220033889 1.1841778862681678
3.684969533206713 0.5471124046081073 2.961965250084378 1.1319452611935985
4.129841548908759 0.5105800848189136 1.9755603792293082 1.0547991002409158
3.4607570982998594 0.6467470520518266 3.468506858269466 1.3231716428190783
4.624941295978528 0.5085529479351681 1.0589065678985472 1.038483027637228
4.183286579800717 0.5828453769085231 1.9392119145795537 1.1972845181234704
3.4458108477459573 0.5440834390878082 3.458891498424869 1.1305966820096982
3.4061928216411554 0.5699781008278113 3.5377744701044325 1.174204207447689
3.824679418409673 0.5440280957583487 2.647318748833732 1.1217955437166571
3.3919536755806856 0.5700518913067161 3.652351864254195 1.1752671726600463
4.96953518248538 0.5641358101531625 0.2557076744550755 1.163582051885706
4.048649019931077 0.5529653917366751 2.1698235586689814 1.1456717864740666
3.8274350773970047 0.5709041217659444 2.6863475243959165 1.168858556379479
4.105027339754555 0.5505370835845133 2.155097705623784 1.1215497108466126
3.9604400823879713 0.5227786367103038 2.294309177309005 1.0734059917795165
3.5579262105054825 0.5213708859626195 3.275702004928189 1.0577712612843846
4.372120691866348 0.5097902159792754 1.6219335620561481 1.0333105177901565
4.068102616205399 0.5547507496158101 2.2431643639472805 1.1495118650294187
3.821197681773632 0.5823317725444841 2.6912390562808497 1.1875690238049361
3.936546052012596 0.578094065738265 2.4671865908904786 1.1871403140427879
4.114124496400943 0.5057215621305703 2.04299076316022 1.0464005146188586
4.457723357551872 0.5320367300051884 1.3538806720634629 1.095164368202389
3.782185236822477 0.5969931614262556 2.725398546926953 1.2295547863184402
4.273241370747813 0.5691994058129173 1.6753237587209346 1.1757767112593625
3.2735749054361016 0.6056730937598194 3.8187829422049764 1.244579040819756
4.310603460622636 0.5830119895693717 1.744085917036014 1.201505344705748
3.812286136750749 0.5105164691972967 2.7000242922032034 1.0398700886557615
3.6709856743604217 0.5922827563339494 3.0016704889682906 1.2229835735230998
3.9670567275639215 0.5259982848630785 2.3365098668061632 1.0754098988485266
3.649497183083559 0.5237135165423554 3.045920259875296 1.0682591311329035
4.015322953801444 0.5574132865685102 2.3196230026150313 1.1498632946773297
3.4878865151427885 0.5805594089346245 3.3407814431443135 1.1977397254839754
3.855126304416346 0.5760658949371095 2.5971862543182134 1.1912723601695898
3.746746596836351 0.5375043619731875 2.8351852455983053 1.100711302949497
4.120689486344318 0.529653718495407 1.9070842839253739 1.0927190001005254
3.7872288181080904 0.5800376340053646 2.6301533895599603 1.188812114552196
4.092196909243111 0.5622971428759194 2.24375647710803 1.1619883975270278
3.880226324885963 0.567328500115902 2.563150711009305 1.1654524581444687
4.268831952315973 0.5564919252661049 1.7388385942436628 1.146949068509174
4.044922183951369 0.5808666140302844 2.2062823463587597 1.186664104206784
4.535186099896004 0.5671900394200149 1.160663146266947 1.1579569369795215
3.972655521072623 0.4871929060463972 2.4915870247736516 0.9991948248578278
4.2265772400987425 0.5244398231235 1.895044963766509 1.0793481141341388
3.608610915438519 0.6160048082832874 3.0595047633658146 1.260628076674812
3.9556012414549446 0.5475112535027121 2.432374403975399 1.122156584796013
3.666562761381076 0.6084006086086086 2.979360868265405 1.2500357190864786
4.372462009959268 0.5459428599381815 1.4990212390147981 1.1181872056513595
4.19676969628037 0.5495468440835819 1.9108936045118765 1.130210256627395
3.4171896227560294 0.5424589547666171 3.344921815259065 1.1042090816058696
4.394017857199493 0.5441035647314062 1.45250778991223 1.1135827666841647
4.052167110791865 0.5577761297939775 2.1185161154075596 1.1543733595318597
3.2160539668316854 0.517166064258659 3.9196957961488286 1.060773139230862
3.976340192732997 0.5964247826368297 2.3837373147077745 1.226062460972304
3.689260299622039 0.5873037351372479 2.9467574453483145 1.2129506005468782
4.255191761080422 0.5504817737661227 1.8150466243246828 1.1315955301801766
4.000842674326273 0.5086885726991633 2.3397601231333907 1.057800585268377
3.329029888495439 0.5738977860535037 3.6641618263623137 1.1838774610700717
4.460709232183195 0.6050124291752714 1.398353419696984 1.23900298467691
3.903768813601291 0.5803072727117267 2.509050438509186 1.1854540303631107
4.560416177427596 0.5579636538893913 1.1417660789851667 1.1444328393704437
4.145544419779112 0.5312544256396188 2.0526633806069414 1.0955479805683042
4.036445071642218 0.5288577845249011 2.2280514542439733 1.0856767372579228
3.1083990304623526 0.5424981116306455 4.08555756509585 1.1158731998843134
3.747485511055549 0.5324626428756277 2.86272843056451 1.0895926115404089
4.450027371680395 0.5622189636135079 1.3622796426033006 1.1534465805084801
4.038885403797501 0.5978419945985889 2.1322999446531252 1.2233073734371107
3.6996008330378993 0.573056832500631 2.908429560352597 1.1719912667870473
4.305231503853367 0.601907523910866 1.6879568641260243 1.2309404253308784
4.31882498460935 0.5394733405562079 1.5563318977098595 1.1098687977956647
3.9230514593845487 0.5413376818584646 2.41071281334107 1.113089379242064
3.6523118253693267 0.5888508013170505 2.9785748622760595 1.2189335342287535
3.3061103695674037 0.5236051883582881 3.6955164427662988 1.0775984275753983
3.8812981789673873 0.5377762634884927 2.61869311974965 1.1002693339440803
4.288031729421789 0.5833526164926629 1.764910722808721 1.2001530521155825
3.7330805810512446 0.5058734874940407 2.9109434306191306 1.0270475547344036
3.870875842286117 0.5362092721779651 2.518343186332009 1.1006061373075302
3.920865502928395 0.5099244207775753 2.470873411983001 1.0528205670193036
4.3281682867549325 0.5383848209902079 1.64340191298148 1.1121339664151082
3.2201012312629533 0.5581903308621275 3.901362557641267 1.1421599080867715
4.1902448275945305 0.5682755392713446 1.880177460944545 1.1668358033891286
3.6471272130748176 0.4933394930644158 3.0406634546116162 1.0153533966765902
4.1082834916321875 0.5503098887177026 2.1103703888672456 1.1365678799242576
4.341781844416504 0.5889826456193756 1.5503077562771184 1.20470198135098
3.815991116555942 0.5700561050431504 2.5997802315550897 1.1659651487720208
3.9917080890034384 0.5639446992744025 2.347135947602691 1.154272100465235
4.374729532123467 0.5550892974834197 1.5537866789403625 1.1441420934216362
4.329318894804451 0.5499491398204892 1.666824671720815 1.1346158176245504
4.497581071918315 0.5148849585484369 1.2939509948762526 1.0608137877856902
4.209862760042665 0.5582345308078601 1.8420889623039818 1.1554853209071854
3.603401581452979 0.530223838124651 3.2365002389281408 1.0919934121252002
3.8261834223766114 0.5267718727263646 2.6614707106402804 1.0910170436361761
3.364510992854572 0.5900467163865497 3.572231661120906 1.2097474597102256
4.235962165018211 0.5730530533310012 1.8716533727479077 1.1734164989674472
3.5462073383772763 0.5437760051282509 3.2159602022306144 1.1236805432978894
4.054112293372224 0.5286062148053936 2.1993861645192396 1.0856262892888378
4.524896646001183 0.5907646130361007 1.229128509964668 1.2042570074063936
3.731872324236196 0.5143288523294041 2.7510653956774704 1.0574273364296085
4.174334323153643 0.5887600633606257 2.0114525658307683 1.212890053896659
3.8689054642972227 0.5162567307833876 2.632474777530983 1.057669713439034
4.343854464569803 0.5959672427094262 1.5537344318549633 1.2183432313499243
4.768245483773978 0.5615679366103045 0.7625281092341284 1.1638681781462077
4.320431785169695 0.5806809491967404 1.6928497140917789 1.1981234235713563
4.487689678740486 0.5858167348739468 1.204504057312787 1.2099613544753547
4.103462193089584 0.6055792533226363 2.0997557196772316 1.2472891310955092
3.9195174545076417 0.5349538293146019 2.4957071392143773 1.1060557442279384
4.066034520489714 0.5475385611538566 2.180811805853872 1.1203418631400048
4.03671336615295 0.5677798767770191 2.195593475390143 1.1711675037232059
3.4913332283349776 0.5333915244637795 3.3824855753688974 1.1006813337143648
3.522546826010295 0.5754685936455157 3.2363872584563245 1.1887310784133431
4.1605256713051535 0.53837583964219 2.057199155564972 1.1066403897120076
4.154820584249423 0.5416466934355653 1.915715376228373 1.1145598584031808
4.127459646396064 0.5257541810841874 2.0919123624260294 1.071769469718401
4.158246410344955 0.5523932122689316 1.943045365952751 1.1318880951608308
4.056239492960106 0.5467056728820887 2.193084963652667 1.1185177310013872
3.703280178173501 0.5400367685029945 3.001487241955167 1.1103531730181715
3.642320543048262 0.6148153473897193 3.014542477913131 1.2619603023328407
3.8507503617813916 0.5919760149039197 2.571955617563014 1.217045921134055
3.699292770607002 0.5277400081073141 2.8934100082264074 1.0793664872137456
3.944307747381493 0.6208233885908948 2.543662873447711 1.285342934977904
4.442539900403491 0.5416676861980413 1.5417600511045877 1.1103870780325624
3.540065165639014 0.5154530536971134 3.184088782202286 1.055168844008421
3.7150980088922774 0.4850944840414148 2.936432378705933 0.9991551990512698
4.327510799355532 0.5304442503394237 1.601552626068134 1.0897583160037165
4.584977347582507 0.6100238378800698 1.0223973443822092 1.249023231436174
3.900605219070993 0.5379633201583969 2.633689663637232 1.1128227721824213
3.8365966250205714 0.5422712222461206 2.6920092429826115 1.118625534935119
4.18988768273919 0.5661422316916667 1.8863194376354702 1.1627058773115213
4.169582476205959 0.6156293766574706 1.8920494187295929 1.2689627628189821
4.4724282746363375 0.5992931195147098 1.2308027058872724 1.2331432227824815
4.327445856560528 0.5679160325102874 1.619214685867183 1.1681771375185932
3.9976795684517583 0.6095786439567461 2.29034195017904 1.248838688466729
3.5139615804446 0.5833601313291066 3.179331479784744 1.196898840893994
3.3504779372916857 0.5891071003201865 3.6722253052754166 1.214641646608605
3.9440893429089314 0.5977296041693739 2.5460123903603527 1.2315149851535132
3.6903838610317603 0.5266195743185105 2.9220670354138196 1.0775714588042449
3.9012017186662846 0.5960909523335082 2.541396519388827 1.220914155048444
4.359862809351508 0.5654058513693051 1.466262509799249 1.1688124378173455
3.94728963586102 0.6173750339360534 2.3445251401958997 1.2726959566143163
4.376173048427996 0.5542274548302443 1.4895503894793736 1.1427474618348143
4.5711580378274554 0.6152362439843428 1.1424736337973962 1.2634969610727755
3.9531174995624765 0.5595008752739532 2.35657973376579 1.148377264872386
3.6324990790603344 0.5802061627423646 2.9942101797595297 1.1811453228346387
4.401202285403233 0.5410605350804762 1.4624926238256535 1.109928250329177
3.7461747752963976 0.5862482003425823 2.7518957689539283 1.1983460573478697
4.48812140696019 0.5680462708446037 1.2912125135112933 1.1725013829460225
4.588557761391858 0.5730368178300882 1.1257012398212125 1.1777420630166742
4.176824582357103 0.54639528824819 1.8979084720308586 1.1237656148567559
3.9442277909030103 0.5379058244844839 2.365228750400284 1.0969948732632842
4.3312897321977335 0.5459227648030798 1.6569108234837624 1.1240870395933356
3.9758445816528045 0.579666777025037 2.450415636015147 1.200503892751735
3.4993938562308924 0.6060836864704532 3.276155308898642 1.2457282738964366
3.9058785993257343 0.562498183190705 2.5644878834348526 1.1600323080011659
4.704940171270769 0.5363349174282814 0.7644955768200992 1.104293168398273
4.072291366101725 0.5602374052415098 2.0320320334367725 1.1498658082199855
3.839531473792015 0.5376364626810805 2.5971268135216343 1.0999185507223825
4.213925324942878 0.5601383857367633 1.9573174836883132 1.1523594932590568
3.853780239726738 0.5816406939317583 2.6946969677953367 1.194131292963779
3.618571083576319 0.5294078537727575 3.0871017375326772 1.083208247890606
3.9654523348755886 0.5849737952063415 2.4288028892407754 1.2123761793010785
3.9459846566357033 0.5672664874456338 2.3641746390791387 1.1755771362971263
4.154044631471759 0.6112920628460028 2.0560448021641857 1.2517500706318616
4.256333644568717 0.6182835220359894 1.7493325975371 1.267843572277527
4.035966440684019 0.544353557066921 2.1502599990193687 1.1209435884202628
3.3112525361420015 0.5510262572172644 3.6895913281588895 1.1308444202819696
3.80800087364643 0.5470622830155205 2.574289979129606 1.1171945823786285
4.627399883781272 0.5682643502123094 0.9909615842600423 1.1572020428189143
3.5367073620783924 0.5846800822469209 3.2926493329243067 1.202690442777603
3.6018546217643976 0.521717778092204 3.134059709605552 1.0795581284015394
4.346098962267467 0.5515514405677348 1.5599578220263153 1.137705830043245
4.056317687641595 0.5423061699216633 2.229693827122766 1.1125576442212515
3.738370723591158 0.5913323928225674 2.8396099333832368 1.2120050869510428
3.8819299405928502 0.546609752712809 2.591424502467234 1.1151308869123973
4.096289004736272 0.6235233049337692 2.112686832877051 1.2857994622397262
4.768806341302163 0.5192509593465644 0.6805973727534904 1.0625175492863586
3.770452434659087 0.5463644293627192 2.801011997635071 1.125100140676111
3.8494335352407316 0.5180183946582355 2.5684188987817773 1.062322135464868
3.8875593594435394 0.5888929913238706 2.479139394150063 1.2203350008600098
3.922755040693003 0.5397937335611339 2.5139839711887233 1.1085329684330603
4.018888326440807 0.5777874837146392 2.209390802355427 1.1744014604208326
4.729468214907671 0.5219457139030992 0.815416757177337 1.074895283190505
3.7149691409448087 0.5606559957759466 2.8696884892310544 1.1621852172891998
3.5509331861940625 0.5349643404367436 3.191779378157862 1.0952015298155595
3.704848779860462 0.618241651548505 2.895172462522453 1.2782244405044434
4.479098886630112 0.5686891404907807 1.2258276038839349 1.159506121727437
4.336380435885272 0.5082771993326488 1.686007938467574 1.048224916308314
3.918267440720352 0.5546443509482814 2.4849206169899407 1.1404742533464576
3.9779933657284166 0.5466312513128035 2.3682822511909087 1.1177389773174016
4.215195740314635 0.5554824004382125 1.8260821450681823 1.1381168913124735
3.8596621149722954 0.4867708601417425 2.600224324220242 1.0000571285031632
3.9632372638578364 0.5581013756272089 2.360715280355205 1.1518533177414176
4.021942426839143 0.5117158758539332 2.276337623397063 1.053652487152782
4.398978546721564 0.5471736491529937 1.5416127637012895 1.12434302839541
4.256756491222916 0.5369942519087604 1.768910570381316 1.1123445368668372
4.319264983678151 0.5603556168827022 1.5987103753645195 1.1459771277473623
4.401204185666877 0.5515924284050465 1.502410700662578 1.1440064066979816
3.9708076894100506 0.5443906223201254 2.4427115257385745 1.122777993930705
4.000591768555405 0.5385409670814542 2.3230672735817723 1.1051672110930262
4.03040510564934 0.5246972269846779 2.2755056151398145 1.081421258171702
3.9143697274843867 0.524189890341156 2.4594091376751677 1.0788841855086655
3.7539035881733476 0.5950388154537418 2.8255892215936558 1.21014390635717
3.855530347286053 0.5866956796490926 2.649846903499473 1.2053362789478097
4.163493375862545 0.5246720657081569 1.996735599621506 1.0903754802697452
3.569432482507424 0.6310372998902698 3.25457463572884 1.2914928151320546
4.626201307406308 0.5720721789080448 0.9783147778152367 1.164338509544325
4.544514592362949 0.5925343043670345 1.2230686857214532 1.2164082707750883
3.7522032203792035 0.556623260116681 2.8466202365904847 1.1407704476463176
3.724366461423428 0.581784589503333 2.8924744295640843 1.1981069739190038
4.144536408138832 0.5710077759245522 1.950153989983591 1.168134663815625
4.547824724503898 0.571974035029313 1.205840785167707 1.1689841501501388
3.8288247351348335 0.5873220048027246 2.632458808894608 1.20964778333307
3.92482964771294 0.5787885718141672 2.4272785402038 1.1908217840140851
4.114005981441725 0.5448190261776875 1.9611432282649923 1.1148670603657393
4.687562858743211 0.5415022043079055 0.9422860291874293 1.1132805021373526
3.9903872969077407 0.5827117037077264 2.345817005135867 1.1993360039332772
4.085085561305522 0.5762089816735827 1.979688363513095 1.1876296269254147
3.948588567208816 0.5478810304428053 2.4613106619034513 1.1268390390261018
4.07193837110683 0.583709219400898 2.1856847144707388 1.1952550898939571
3.6601554977012354 0.48431018324034536 3.042241914757306 0.9917958318533932
5.041038830682215 0.5577449573844773 0.22163011517351275 1.1417824500705087
4.141153739230984 0.5841765299959992 2.0104933380392884 1.2050880903182308
4.16951563980153 0.5427955066240542 1.9787208274730577 1.1177644858164597
4.273270413866863 0.48960521760968434 1.7759056505987023 1.0077111902322717
3.641322509692759 0.5483001690602195 3.0726352174700753 1.1355347967322775
4.517290612747484 0.5133679780354096 1.1427707358663752 1.0592107221169393
4.302952476765623 0.6147104354774291 1.7085274585364414 1.2598270314595168
4.114299011131251 0.5635133427671911 1.991408560716084 1.1561516523250928
3.58090968029175 0.5769564535192397 3.064626799857977 1.1842271570914196
4.203061674789982 0.5663526858004446 1.9077312262377695 1.158216547326909
4.161252765955963 0.5630912760078061 1.9074186365350194 1.1562440035854464
4.5968688954560255 0.5874637931957968 1.057502587654765 1.2051378710285428
4.163620357457658 0.587191095763961 2.031464931989163 1.2149857794207306
3.8663250203323787 0.6045669222903675 2.602269403721867 1.2373784501826286
4.898621666775105 0.5660868652423504 0.43045184257873054 1.1636058618326548
3.676008076866067 0.5323843022980946 2.9929324989463097 1.1013617337949473
3.9505122960489327 0.5831803782789597 2.477707689287757 1.1855701537270475
4.166055618077788 0.5347531082488609 1.9315814047417001 1.0983085159757875
3.203312385422862 0.5761049387106482 3.9747952427482343 1.194288975004259
4.300434289127232 0.5187763942127233 1.696675878750486 1.0692358768768653
3.5880218930845853 0.6130113783508018 3.1391244794190287 1.2519040733491549
4.334333702957295 0.5261456543142439 1.5748935518676819 1.088604743680241
4.746107948012094 0.5346425741729297 0.8152402078761675 1.0905225708685242
3.497895526600315 0.55147300792756 3.335555110880915 1.1323876465109597
3.967410029404526 0.545479868511042 2.363390122596893 1.117112988482371
4.238920222847022 0.5973850733176788 1.723947224877775 1.2336556403758734
3.919537513676636 0.5563429935190177 2.495275197695639 1.1457289789078065
3.628889687755808 0.6111034091150398 3.0369163397196646 1.2525655306034582
3.693372819726655 0.5525399328445515 2.9721881201154976 1.1342531150565465
3.885167879295061 0.4912768336975142 2.602895224846033 1.0168941549110706
4.333310273695037 0.5708333519457429 1.5784030066625152 1.1599236152842414
4.113635002135052 0.5768682496933555 2.1094043965850195 1.1867736991682067
4.511762153145724 0.6067440858378461 1.1123643137158112 1.244997454979455
3.788853429472109 0.5378401338677375 2.7395820224164824 1.1076959034854181
3.660020385329622 0.5117639043092969 3.055511461778859 1.0562672974979959
3.283834094191371 0.516505847340673 3.858975952778274 1.061139691921965
3.561770386692532 0.608611721104251 3.174887432793171 1.24838800860707
4.311103562890811 0.5448428011249128 1.637858415836631 1.1153355248585552
3.881511742038784 0.5848872244985874 2.6053404748714946 1.2086447834185294
4.06428206173922 0.589498768270863 2.143584108694828 1.2031359694372137
3.8642973164704495 0.5388179658898065 2.607728974283629 1.1061341915208676
3.2312541546624445 0.5954043372902097 3.9624780475446375 1.227808748117656
3.7563843309386376 0.577173530078183 2.8099164811283486 1.1806364255286605
4.79356935476989 0.5885499196131786 0.6700787570883346 1.203670475349353
3.9795885360886314 0.5978271167178723 2.375368404979945 1.2289117324305916
4.25447260899349 0.5624239783862515 1.7427493432687595 1.1527509935789948
4.244477940086478 0.6053080298129152 1.8354021953190145 1.2432018300728476
4.687913717925836 0.5515347853863516 0.8367329001573851 1.1340983511816132
4.175823602837024 0.6041732541388417 1.9458509230114651 1.2356927151586925
3.6684219667541242 0.553127962496174 2.9849690336884964 1.13221255734938
4.8627873906429055 0.5817259263209689 0.5137422420838319 1.1854811472717683
4.12115611803617 0.5299045711410847 2.0349985341385866 1.088664278257188
4.5695355672693605 0.5317707000211427 1.1886147765201156 1.0921491934778214
4.012014333954765 0.5391875853447091 2.2293471111029235 1.109545523521371
3.883284246497196 0.595078867138299 2.553353053948025 1.2153424072262877
4.326339187031996 0.5417367441149784 1.6272594019450959 1.1095524791729117
4.307674136556104 0.5013230056518934 1.6264754953927394 1.0317015388549728
3.876042109427112 0.5802474347864529 2.5868642046424 1.1934920232198185
3.7670800189076106 0.5909122855554766 2.7803824620789017 1.2125966817514398
3.966312969630633 0.5542740052996248 2.453797302737544 1.1355127097357747
4.5110500138880605 0.49447918999219576 1.265235687868484 1.0160442051211165
4.713073366834999 0.5830443335093068 0.8866704142499104 1.1878786165967627
3.932287797310194 0.6065818042047639 2.4839987852684953 1.241277679711253
3.779005850839842 0.5678209275037153 2.758007934719706 1.1591568205142369
3.7213011304319545 0.5276876924051713 2.9708636138785507 1.0819477875030423
3.521071481259126 0.5388672772761178 3.248991384896521 1.100873294602375
3.735909071200065 0.5846118573576229 2.864205521452684 1.206388062946344
4.474456066821107 0.582967035184726 1.331090766432773 1.2143693400820437
3.6126206600373996 0.5267461482420515 3.1687612790668487 1.0899245166514429
4.085852142795277 0.5890031075059057 2.2032496755971653 1.2037322041113856
4.5973637288332085 0.5528175879062517 1.209944770573983 1.1289668277398004
3.607069280181153 0.5652351514015665 3.156467660422593 1.158278160484152
3.977848800985388 0.6195504792418774 2.329574472137192 1.2723799789215293
4.481466392898524 0.5510640902252216 1.3107949551445854 1.1357675995314507
3.7429853265285002 0.5100621450325299 2.831725434361634 1.053555747207846
3.647345002523429 0.5260966670763304 2.9454660726641166 1.0723869234444212
3.3366223783496647 0.5557538071358336 3.669180095473756 1.1347505343975606
4.384225306083103 0.5176607943539149 1.502890049117131 1.0626452604824235
3.867453578920972 0.5892713519979815 2.5574338553953746 1.212421634667046
4.091265212169192 0.5464646840537499 2.090851572467821 1.123465927191928
4.067742612125038 0.5647772194692325 2.156005662391316 1.1612278642728904
3.49031946165519 0.5523433621956477 3.39077600114695 1.1494885602437395
4.412982163519382 0.49902958865597125 1.4485101400700322 1.021859975217904
4.150698098662858 0.6086859336822209 1.950199412617224 1.2495490014014954
4.000680401535159 0.48688233762684135 2.252507893690873 1.0020436685126366
4.354326718787143 0.5740251862541523 1.7066465859162039 1.1852365708964736
4.078755945312383 0.6197730309050205 2.1161629633514916 1.2824405260303215
4.775758449257555 0.5930068916956045 0.7534601289914142 1.2228811607659402
4.175249382866114 0.5930940020179402 1.8448312510905756 1.2164212410803747
3.6704651991884036 0.5709504354160578 2.9643999679162745 1.1782477505906193
4.533044162399393 0.5561080477403112 1.115621850428349 1.1350934602371878
3.7057863398112953 0.5338576100911098 2.831953433971235 1.098079970127775
4.265828984654409 0.5325424667939995 1.8985124752848344 1.092580495189426
4.527623354852482 0.6030190151719987 1.1714640506395657 1.2315897012924786
3.9434631224326404 0.49088867878122994 2.383938953299431 1.00410226356421
3.768519436330929 0.5220120893769693 2.7485525843357417 1.0767070091370257
3.458607850793266 0.5694444347467014 3.458603331212278 1.1675506748284503
4.535531898746184 0.5717872131394436 1.2320333138373354 1.177335146729388
4.1984601265644095 0.5820861391997767 1.8576820123814903 1.20333758925946
4.0372987497014865 0.5774523495944605 2.2877265903480026 1.1859300329250069
3.9401298656315813 0.5822143785146848 2.4927465172063816 1.1941495427040778
3.545607050772447 0.49496927563710313 3.3388611716875336 1.022106112036968
3.966479113428024 0.5739085584624006 2.404713620949004 1.1774611712343925
3.4282246154639564 0.5234775293349976 3.5118684734635206 1.0810675060014387
3.9923541552664212 0.5722514726677195 2.2983552893687325 1.1709095994995322
4.447356237314617 0.5336324210427322 1.3272505280607902 1.1025470210675343
4.241149816871847 0.5675150565643061 1.8238979753870899 1.1612622384813205
4.017899134400505 0.5342538463934686 2.245857796884586 1.0937204168022145
3.579718034336631 0.5643793065779618 3.288800187900443 1.159121069521344
3.9419366829336653 0.568580488928666 2.51540237962654 1.170051734320648
4.521774343325513 0.5560531127140041 1.3523042860191254 1.14649656221195
4.045628199867922 0.5704065625778134 2.196469484799628 1.1689999848235737
3.5405735607101825 0.5418429989508438 3.2870561768624498 1.1078976477014666
4.51505666100581 0.5237141057333806 1.195229039853325 1.072507323046014
4.2760595029713055 0.5316693811323966 1.666153254236661 1.095381866175722
4.5061992685567684 0.5482287462308142 1.204509500811516 1.1264440272346903
4.155992191239928 0.5950771498879012 1.9717728600643945 1.22459614439075
4.23927648297715 0.5774871076764753 1.830131515036605 1.181859520953967
3.9284106927739915 0.5514894027248756 2.401726975916864 1.1264492160469612
3.624858276319515 0.5709176052161461 3.048280641507201 1.1601032103514979
3.626568051058831 0.5571568457698859 3.1151943832544666 1.1488165049513812
4.456717975766511 0.5966647594017458 1.4223435829661004 1.2281912209629209
4.847906550771333 0.5293214355522488 0.5402672206186552 1.0919954540969572
4.739883964641483 0.5349337085393111 0.8448575924072795 1.0932820671160541
3.3703070383465605 0.542427868414452 3.59919843429571 1.123928750509705
4.056402899426682 0.5519968944613131 2.2148422524928635 1.129572510942906
4.391928935007444 0.5843034631293057 1.5118165407309208 1.1971327355234767
3.5043644931458555 0.5796425519192282 3.316164966668374 1.195533476264526
4.1445131039889915 0.5688432448983627 1.997783011754819 1.169766722776766
3.9032724436668187 0.5854317050796395 2.5849730088728045 1.2080118422396577
4.017119151931179 0.5663221457389208 2.2341984166402282 1.1655835901514708
3.628269663415808 0.5462262038392962 3.2039809505647705 1.1279208635855735
3.6648038850710654 0.5529634756381375 3.033215903115342 1.1376470736006494
4.237737165684271 0.5059276527754089 1.836266416467133 1.0505649315106118
4.510728267358704 0.5913003339092929 1.3040185091803882 1.2164950191498167
4.386054793467704 0.5555201054755154 1.5061715686359751 1.150804701946491
4.258738321613068 0.5291415908433857 1.6693860142167325 1.0913654269323123
3.9989761114765914 0.5877100357526164 2.2037845430929393 1.2137056771068044
4.274326736877247 0.5334447581230536 1.7534921104096837 1.092688206269846
3.9298742245477234 0.5221937938549174 2.4881871751362126 1.076294046535253
4.241560716531552 0.5425094917033496 1.822480014990092 1.1066399316594941
4.254634798815037 0.530589877243218 1.6597845403905742 1.0699659016738694
4.495940995908611 0.5418399212550363 1.317898275836539 1.1130656616005972
4.189539533580962 0.5593153430794905 1.8194161939057523 1.1487231528856718
3.1451102660601236 0.5394790294800591 4.084194247369162 1.1137277097450815
3.4494268275466835 0.5446053953258738 3.4729641422933852 1.1204641184235835
3.063032924897903 0.5257197813694756 4.344888851761914 1.0808058260296545
3.6531237989439282 0.5986548418282778 3.0301456825197715 1.2290792809184148
3.6830252341696994 0.562919629397801 2.9636778854072756 1.1555653554960237
3.53834878457565 0.5879788936010711 3.28405234104867 1.2190225282045208
4.573064400593754 0.5903291593145595 1.170778447872567 1.2086603741052775
4.3915018443590625 0.5703453879385126 1.3729231813879752 1.1694576809106865
4.241020224009915 0.5440165716320386 1.8859261002001728 1.125474093592283
3.9197939841011795 0.6046056650230964 2.515872661931145 1.2376429119991075
3.952202621673398 0.47296820182209315 2.4132297110269656 0.9748753336651669
3.9256072470860826 0.5925827316110424 2.499801211418789 1.2181071516320734
4.397736590415262 0.5258933569729488 1.5260877247742017 1.0798233610965886
4.109055652920506 0.5483024034306925 2.037723134918841 1.1294437509294457
4.2548264725485065 0.5519452760165909 1.7014772631796449 1.1346697733365632
3.928274942042353 0.5225070098726633 2.384453113206815 1.069548882747179
3.8951317310434153 0.6075276604473827 2.4866834861780203 1.2532522555440755
3.576533255350078 0.5500892490258599 3.15108316881877 1.1283463772355429
3.885676405247273 0.5671053455860909 2.6113141004905933 1.156783416325535
4.510432558584897 0.5332218970551631 1.266891942308896 1.0993876117360386
3.4701128450013163 0.509882337170194 3.4598098116117013 1.0514859905641325
3.5724891236549103 0.5558868835044082 3.143489440440561 1.1426011049824987
3.391840071237141 0.5414304486081528 3.5426040384430575 1.117301177695529
4.2941656011796105 0.5286802735917489 1.6552262577910544 1.0890387317617218
4.009947122357829 0.5144136038236163 2.2607969906279686 1.0574184509965923
3.775190944954028 0.5429313326863391 2.677320624366681 1.1229125395061392
4.006310649117746 0.5905566178152206 2.2604106983488697 1.2118036418553388
3.923991402995889 0.5918839117204681 2.584654186512239 1.2238820504040224
3.877079056689527 0.577467811173674 2.5223861488537773 1.1848772251953947
3.330690815212795 0.560959561843498 3.616844014740092 1.155693275510772
4.414782280338706 0.5855677243236976 1.5115542076461974 1.207041802159105
3.993217942346912 0.5870314759583557 2.3087065320490905 1.191498025306518
3.720598698362015 0.554639783561312 2.8374616935556225 1.142364895089137
4.41034426256962 0.5924728986943727 1.4152262473030384 1.2113676316497708
3.7627502537090978 0.5527360257454734 2.7568986345685995 1.135468708027897
4.335890014267349 0.5664210700023128 1.5574273226259825 1.156653954762031
3.9154334379463247 0.5667580709822592 2.522829091166311 1.1632382011853755
3.7526301041927104 0.5372446418393548 2.826380507195272 1.1133069304840355
4.013190365754838 0.520676011366227 2.3259685844015534 1.0802340515127653
3.748164946123686 0.6063267980081705 2.836849474031597 1.2454846192815594
3.8969699841072662 0.5047006285316278 2.5025407079047746 1.0341066252611744
3.336147105689003 0.5450697759083767 3.6187355882099532 1.1243530904364087
4.007039020275283 0.5345925735564856 2.1771271621373067 1.1040743729420524
3.096956563813457 0.5579468469840113 4.109417285318645 1.15081628099896
4.153100580547443 0.5140084028142073 2.010882285568101 1.0550681180300912
3.8646779481338687 0.5258098724963953 2.6037386544250753 1.0806606128257796
3.376731217127585 0.5241798270490645 3.6466593831747427 1.0857887644444297
4.557026967580108 0.5753565764351756 1.276712103171897 1.1782990550707293
3.756387787338672 0.5593162489769652 2.8253226744802027 1.1406016831396468
4.26829280517895 0.570608158054527 1.6951469966662045 1.1770629793410565
4.2248033133667064 0.552800961727561 1.8568869209490773 1.1457189136840422
3.448691773860364 0.5466532760003818 3.3636191488136973 1.1256224701767812
4.942744706634068 0.5273613778092846 0.4320280839530284 1.0861512941997489
4.246580538124779 0.54460413248388 1.8019164382513306 1.1243472219485213
3.682378214029016 0.5731869755421366 2.947740557837876 1.1775615632348932
4.313521531374848 0.5573617011779174 1.6978160108674656 1.1515346586310127
3.7793415108688793 0.5339337664810693 2.782112977312648 1.1051444658395477
5.0004992631165175 0.5897994742792786 0.23777753190265427 1.207167420379299
3.9803821690686796 0.5846235880096974 2.394689536645976 1.1990378622226092
3.8759441462672997 0.583518924892444 2.5629243256146883 1.1957749612056188
4.167783068107853 0.5593755381963739 1.938578524452077 1.149598692474134
3.550961917147224 0.6057314237453096 3.278304256582624 1.244709291401977
4.07000431265365 0.5751740689725876 2.2294929780565926 1.177050941796612
3.87178497743541 0.5209741292530652 2.52796083746014 1.061102772192683
4.715035651839621 0.5739886004580008 0.8623868355044351 1.187003352795694
4.329659672627793 0.5666133962902422 1.667168568544079 1.167934155820207
4.897275339997025 0.5879506682627214 0.4122333078305783 1.2169631014921336
3.751850067359949 0.5874705500632278 2.790882830329534 1.2028330630387842
4.024550066941801 0.5664057574408832 2.2257725561607256 1.1688651900407816
3.7501208266697543 0.5258865463463417 2.8133028259314363 1.0822346151253035
4.112516496044313 0.5497808757130594 2.0191077931947854 1.1180949419970656
4.112548270757099 0.5519009560052137 2.071667269866066 1.1330963230296098
4.660829566403789 0.5735834734500694 0.8981128795105109 1.1787839230067374
4.079508685172378 0.5427434625674848 2.19966980431541 1.1230989090865693
3.5293537122661194 0.5715267557559692 3.27754259859078 1.1782229453873425
4.134534943534136 0.5788741035913341 2.123878693719356 1.194669635981038
3.6240758132963884 0.5287744857232437 3.1309083661069272 1.0881611912617828
4.02442098984238 0.5301673710861835 2.120867340702593 1.0938577655039892
4.024868182978144 0.5301911076531901 2.1933860047991516 1.0901463291447564
4.155791762743234 0.5231500665090117 2.1105203917874444 1.0761960710242913
4.192141388410988 0.6020919137108146 1.8539428637618542 1.2285508219706367
3.9224117034072976 0.5323324833570413 2.4150870820002255 1.094705929136404
4.776755735474076 0.6167759458160431 0.7087850375430497 1.276402233563747
3.3825125723769207 0.5556050840202996 3.548022293536139 1.1281134032691946
3.5384558634197667 0.5263546923110808 3.279798975886205 1.0795077642069153
4.121275524900221 0.5063114866053663 2.0169685735681213 1.0499147265132527
4.609530453936196 0.5652136501361902 1.0444469058895756 1.1607989971699948
4.013236374977592 0.5927514498868527 2.20173385488199 1.2196932175485151
3.7693016184296644 0.5392936026218819 2.8191599154235405 1.0963720999232578
4.253939014125056 0.5721894706530414 1.792667301369161 1.1723326083332275
4.293243077588862 0.49051869445400603 1.6594103552256725 1.0154385161434587
4.326875441227569 0.5506500825689365 1.6232503273866994 1.1341744970551335
4.145189819533067 0.5635361285413618 2.094447343481219 1.1508912335321138
4.16226105024284 0.544417379113212 1.9362623577995657 1.1233429441326632
3.787139150173229 0.5581603973725524 2.869567321404314 1.142104823719832
3.4341263014281425 0.5772207373039652 3.465144004530427 1.1867861200833254
4.574450486629869 0.5680922735317268 1.0569391464897868 1.1621018082470589
3.7622177508915007 0.5313564978717272 2.6796520951862464 1.0995340083640583
4.794325354426288 0.5662187041003836 0.7280133513068605 1.1611319509971523
3.721697190496159 0.5556656017130351 2.828245030111024 1.141288360040816
4.3636504161211365 0.5560581871388873 1.5903543364113246 1.1321009232737904
4.033140920969126 0.4884388797384642 2.1962561181744844 0.9957479502615745
3.6525786227710664 0.5607816339152624 3.0464395215920517 1.1570635911718796
3.833838759887188 0.5495172542733094 2.7254323523684363 1.126135986824525
4.064192251318987 0.5793574960607657 2.1807539444951045 1.1957876984345839
4.53878534860317 0.5532725383336379 1.1387064588049869 1.1312702004207436
3.6129656806136916 0.5455215537353385 3.0595682394955883 1.116851621898133
4.151864977046801 0.5953342032522313 2.0793544461214326 1.2277128837789935
4.2492906535876 0.5252585648958745 1.777235468543711 1.0822861841958844
4.280360038836363 0.5107406125849187 1.7299476109496894 1.0486307928018437
3.961870049047674 0.5302890375712429 2.481620381430299 1.0961631469761834
4.110683708327791 0.5968340249222724 1.9700166811965745 1.2161981918616425
3.386502558028738 0.5556881155247788 3.5127256462997876 1.1443642560169893
4.5180029165430025 0.545931089621161 1.181974583053126 1.1140262895462925
4.077668655932818 0.5575432556501272 2.0192239063465496 1.1415321338770048
3.8403761631369138 0.5388521903560429 2.6622416209676856 1.0976875038506946
4.500155321789972 0.5558094987928142 1.3773168552839565 1.1468665041964523
3.7772224036535373 0.5534751970445854 2.714964712843046 1.1398447320162803
4.229608750968185 0.5638566810602823 1.8041402469924441 1.1622407261094283
4.1873829156253475 0.5855195250255518 1.9024600260496516 1.196737155975999
4.236811224931282 0.5734226387740237 1.8044761454531166 1.1864290297505768
3.4190015368445748 0.5272709858818773 3.5279292426653246 1.0856637249450158
3.9800334268397592 0.5435519855908997 2.3755989961168846 1.1250453633975428
3.685914749291636 0.5714057998842847 2.851181330210878 1.172180879398527
3.969049147479426 0.5070436680318794 2.3707419506307312 1.0426332788115111
4.9367512425134885 0.5676430753040522 0.4580466539564415 1.1687326004677252
3.721447815798709 0.5375244793490247 2.8706208125522403 1.1108583547998654
4.343290974484047 0.5666281230083373 1.530106150886998 1.162483794037249
5.269934512688273 0.5727887242509053 -0.2922691848806254 1.1751588935838013
4.390815264428128 0.5594548592509871 1.385490212042031 1.1482752924813728
3.655592420893016 0.5570299376046648 3.0204794758743505 1.1433216590521027
4.299145622289838 0.5639995554590583 1.7831607203406201 1.1401765249376814
3.759186478566776 0.5862374838369186 2.874938211685185 1.2105689013426726
3.7159739624556027 0.5151423538750277 2.863280399310293 1.0439872295988328
4.261695462117498 0.5284872560814818 1.7709106559187509 1.0875839323434229
4.307717814857233 0.5089778086818745 1.7272071067072037 1.0538801222659206
4.444854086671206 0.578743345521429 1.4120408369835669 1.1944446315538046
4.066427976887595 0.5459760797508365 2.170106153612798 1.1191264184457175
4.170208214763428 0.5223474823347743 1.9277427805156657 1.0683603009639242
4.338283429294796 0.5211464949833238 1.5850747752030951 1.0745842560991492
4.458367381878978 0.5044103061159925 1.305144056092513 1.035665655723156
4.460148537623221 0.47768205116531587 1.4245474660483382 0.9770307917206663
3.8618472325537985 0.5453789069237754 2.6029802037667933 1.127409078922606
3.081836182703028 0.5997700660357232 4.152926168085146 1.2417003500675285
4.167520423082635 0.5633482760778301 1.9273390086935644 1.157133589362439
3.547049797787084 0.5298757080323877 3.305520065393674 1.080927473149412
4.122230493029216 0.5559861502989366 1.9796554958326353 1.1411864087394723
3.7396474524085552 0.5594590910805883 2.905774926107508 1.1527247195258012
3.905399616333354 0.5495765797514045 2.549716531244333 1.133416429155904
4.389631136562623 0.5817457203722118 1.443585683097404 1.197472412473752
3.808634759097056 0.544133772201829 2.6876712181694122 1.1155637980966193
4.092121136691789 0.5021020949709109 2.1627660194496166 1.0268203581450221
4.437897818378846 0.5808767846350096 1.423137153451515 1.1971307278520664
3.930648473808044 0.5633843775136792 2.4214820405520654 1.1513786595552
4.145043196269185 0.5551531636146573 1.8838981675470237 1.146930406904338
3.934410515735685 0.5240648378108258 2.4414041430753834 1.085190344344531
4.42482469535126 0.5427824940082093 1.4416292101891106 1.1199229984001704
3.945674228070213 0.5928304260447278 2.340672501342864 1.2235637285716712
3.573479219252758 0.563536119005989 3.1597694412657296 1.1590416155298
4.596384754480993 0.5488334963832564 1.0944063462419567 1.1306964459723226
3.3214228975450464 0.5218292167641158 3.7671020641197286 1.076537968018353
4.358360426211682 0.5461153105618065 1.6076410668173118 1.1139921431403945
3.655103083878033 0.5590524388784279 3.0480259133523813 1.15416485911928
3.8199511740723664 0.5821404230619535 2.717922952871935 1.1984699388341358
3.9452742325208674 0.5617062529522755 2.4696606211292265 1.157210638225362
4.1491284588166195 0.5402303029205787 1.998095666787143 1.110583449125631
3.7527769563702913 0.5952681975624098 2.779200110678769 1.2250483239782446
3.593684097330131 0.555545605243579 3.1575327460386218 1.1551867499206243
4.37783119423321 0.5103278688509343 1.4903937475460598 1.0504123034207071
4.272236265637378 0.5708781084458684 1.6624727682378704 1.1726278004042476
3.593898145922913 0.5781050721736277 3.1175902646984297 1.1904291678948153
3.8736812497564466 0.5631997409919238 2.5736682725664037 1.1580597410988016
3.366809084779988 0.5523262290758875 3.576063024634154 1.1388659470643092
3.8943514146621174 0.5684261954920068 2.598906434736418 1.1634191933231706
4.110929825090073 0.5366820573643785 2.06305621039364 1.1108097610289231
4.686009004146712 0.553244441051869 0.9324070925480408 1.1264998251819522
3.6094021952182347 0.578497072366508 3.1886864352791378 1.189737675214787
3.7561038685867176 0.5899355157991778 2.8142748783690923 1.2134091991115665
3.851521586589823 0.5589087089907064 2.67388863734595 1.1462717639260327
3.4943263787313983 0.5498925202367493 3.257495611747182 1.1216112396004783
3.6096396528488643 0.5520310306354512 3.1005145581660853 1.1388639042614384
3.980538612927434 0.5170494128466235 2.34207358549265 1.0662492826663414
4.520970121728871 0.5438461045564584 1.1358277934111602 1.114513133053959
3.6039819267301785 0.579422842441577 3.1659443625844297 1.1925473520871916
3.774735553069565 0.5423324525368644 2.7322931730306825 1.1230202184225504
3.063548938128469 0.5545411358409951 4.101946076780836 1.1354822846845969
3.820812974692955 0.5726837730906761 2.5997108050008033 1.171835854882664
3.906419908144816 0.5625621622969645 2.437139704068862 1.1524231602718935
3.4587786113870194 0.5906796207458452 3.4532099432049765 1.2033862128411428
4.465878212438753 0.6053913162329654 1.3967560979853855 1.2466546799516054
3.8040768383487906 0.5737757088657223 2.60998023828179 1.1725206523888114
4.635073482983235 0.5375465510391633 1.010727369715125 1.1054446965384888
3.947665547937414 0.5151629395665421 2.3979366895547205 1.058928179324819
3.6375261358787236 0.5496278736532488 3.0439262102597135 1.1338948720350046
2.9550059699835614 0.5626177820814502 4.49071314093844 1.1470136934149502
4.169964308415016 0.5116836629697169 1.9722877959925453 1.0589633239945238
4.013548394672085 0.5570467003777911 2.301172159719629 1.1502784659440024
3.49184967477537 0.5532299147627675 3.273150116643094 1.1372013796769265
4.44582244706114 0.5853559884105521 1.390402045693139 1.2074687113864446
4.527347025882314 0.5625684909813335 1.181630073685109 1.1540979625006582
4.118140074586333 0.5473292462390645 2.006981572613049 1.1196809065422306
3.9712979905252306 0.5353528462961352 2.407446045171615 1.10542522402904
3.7389204642105853 0.5611015007769913 2.7973135661408075 1.1440667884223032
4.375997606476769 0.5419060667368905 1.525724035073041 1.1046658431197462
4.198006861887052 0.6078725457590112 1.942554342433541 1.2494049797597868
4.054980473430348 0.5537567256755579 2.213306310973466 1.137041227325319
4.109849909008064 0.5587569814940905 2.1924202753318185 1.1396359459043457
3.76364923296891 0.5400992085922568 2.8436784028549056 1.1124927405150795
3.555898366190621 0.5509995629003931 3.233527330897931 1.1230435425921506
4.119466256725705 0.5685739061344729 2.0134634254660453 1.1651671347555772
4.296382517161564 0.6259658107564898 1.7020220266976591 1.2964472248228593
4.143958046423524 0.5322520960567876 2.0501260360786504 1.0935783880627754
3.3967089140559104 0.5968144436595445 3.5473810489854 1.2282152418510175
4.287474070645805 0.596033127224216 1.6327108635647374 1.22775161089263
4.324346310843904 0.557176848478112 1.6367872907760648 1.143705950605606
3.4436154144455338 0.5749062830455214 3.409869177665554 1.1877583714670727
4.092703052618328 0.5689648849420185 2.1312050894961487 1.1805241792181969
5.016252962590581 0.5757496702548568 0.21817944748097534 1.1699201155808965
3.483936298172041 0.5166043340772107 3.4316363231389744 1.0736727223174554
3.65687999246264 0.542013528754787 2.902154195582683 1.1098417376132106
3.6966168971438247 0.5774560373907928 2.994719619168206 1.1839364572719635
3.7385278343664528 0.5564018286980938 2.9634495771826797 1.1443384592863337
3.872942877236471 0.5809335094982774 2.6601818262897226 1.2007206421268275
3.4169890124023286 0.5799510408877844 3.5177894828184426 1.187742781454752
3.763708260715001 0.5506993924595881 2.768838995465095 1.146768378165808
4.010051580696292 0.5934233628890917 2.3490769444191093 1.2274564938845411
4.1479608646704715 0.5488441289473386 1.9772227822821427 1.12196337082454
3.395123431172019 0.5041641507094706 3.563198348230043 1.0340028097087253
3.4331289333591624 0.5883599539848678 3.4654451914177544 1.2134873499324208
3.560218457839115 0.5300189149613236 3.1695729533497348 1.0969719310916028
4.640553980477625 0.5057360539672978 0.9596006113237585 1.03694910791931
4.718475963711322 0.5387728091401367 0.913987003640877 1.114253448502321
4.2110622552321235 0.5413335248623318 1.817979631785636 1.1146526077876284
4.351831898700544 0.5428017695885085 1.563470542242762 1.1176947207521586
4.118102874349406 0.5732353504322053 2.110536991166742 1.1770826267958685
4.2328044468979815 0.5523800314698332 1.7544110332098812 1.1283098582933697
3.7566586467130847 0.5851462234261432 2.745293010954426 1.1956865437360016
3.2148921011050637 0.5862827180349325 3.929811630923295 1.1963458745246915
4.017939270896504 0.5739931812528537 2.318861239774213 1.1801340828250961
4.25655897199295 0.576254070191609 1.7493454485812205 1.1762278383653835
3.7548992701257085 0.5526125104132276 2.8902688099988123 1.1446910719803502
4.525328566826131 0.5608490158698571 1.2245525247594315 1.1498737911573087
3.5806104270265866 0.5711548621050008 3.181876389018601 1.1679802799784416
3.8328316153113002 0.531493720669757 2.681921902596867 1.098295048168682
4.58283845569114 0.5925161586350878 1.078580605183983 1.2137004104233098
3.5863431647822868 0.5501813639666258 3.1309703135747053 1.1327077330902402
4.212358723815496 0.5579407870801888 1.8141889767893469 1.1479299728994228
3.8504850063421454 0.6085867824328858 2.6215683744847875 1.2512565103978215
4.5804620335536805 0.5112354864257185 1.1348914707237814 1.0534992864322819
4.072844625706948 0.5700309188677439 2.067261084105362 1.1640261794564237
3.652209949056153 0.5470496217250563 3.0390190260952195 1.118659666920842
3.816406145750155 0.5677922836193713 2.6671737790149983 1.1717792760383203
4.720955830909455 0.5797679100471825 0.8093737003745946 1.194799218570574
4.702823277055076 0.5157483527877396 0.8867479954976549 1.0575549598164848
3.5284775959173995 0.5628077999316121 3.202724531209265 1.1605852542190018
4.151172972218405 0.5497868645564525 2.015861655827814 1.1275835985042755
3.81930985081528 0.5649554915000652 2.6987852069307827 1.1569252178420495
4.495413435657969 0.5528534023553255 1.362377604268805 1.138535892489135
4.2225876815226915 0.5124144274888746 1.829260325629654 1.0602182541139433
4.097440920196014 0.5354085997601832 2.10441298754211 1.1023117133553444
3.851550596069134 0.5244691574221354 2.6069661466059255 1.0741314080771154
3.1535935137675777 0.5570413743149122 4.013804024202877 1.137762861591552
4.035243728256992 0.5389063224847013 2.1800277814508866 1.106316412522067
4.022026527591762 0.546580069207857 2.2513309092738254 1.1202967574093137
3.4514928060612258 0.5270717020949068 3.3939028977225867 1.0778359950780778
3.6451137729551353 0.5689390841941396 3.1012743201600816 1.1709988590136111
3.879876558310205 0.5481911224599704 2.5130906001729905 1.131181567741705
3.443605161981119 0.575387292947526 3.454193907801109 1.1939816554340625
3.5895341576747186 0.6051366419813424 3.1417801028326826 1.2426270324895092
3.9602350823291017 0.505116379254261 2.368930571367194 1.0383119226416266
4.2120594678830034 0.575334684785846 1.8571113639094348 1.1849404488758393
4.716196730497096 0.5938623372623877 0.8153578970166884 1.2145613833731486
4.688989862975392 0.538592361468132 0.7297053031830855 1.118171560105991
4.060449007113952 0.5117922936077207 2.1758266438416554 1.0501574951401111
4.453793781881281 0.5995741940596035 1.328597000224474 1.2219905562461297
3.868827395388678 0.5027804650025286 2.5622396692936498 1.0249508252911912
3.2318371187343797 0.5562298004429009 3.9035588556225935 1.150677094718746
4.350528944354454 0.593311706210947 1.6254376439241045 1.2229524655303916
3.448462500523995 0.5664760269026627 3.3923703687291225 1.1527378125357077
4.0023884605932265 0.594200199955742 2.268311845788432 1.2418468140518333
4.637713165260383 0.505919184783236 1.021509838209512 1.033801564914817
4.497929663527881 0.5929684916540517 1.2363308867925782 1.2237376061985747
4.7390074762537 0.5131314809704284 0.7214845276225337 1.0615084488658528
3.934977234876533 0.5573286320603901 2.387056285022066 1.1369755715853112
3.849629389244386 0.601655901910515 2.6490107574373623 1.2244338963762071
3.896056644199693 0.6029997828316163 2.489836016372963 1.2346047376407123
3.201809475758207 0.5269019243738552 3.973652155277235 1.0834496763151367
3.4922462205323184 0.5522169814309621 3.3076364982091366 1.1306157196587694
4.006078141017809 0.5670508141827169 2.3401699789379853 1.1565770969910771
3.639241913195521 0.5781078439237959 3.040089847261343 1.1898989478874633
4.0562455253483165 0.5770871366998861 2.24248687580794 1.1878987584068679
3.5047639675435995 0.5247650329268211 3.3670995070336716 1.0827040547244515
4.178691949839838 0.5552932443195903 1.9105866578452302 1.1410761174355804
3.647341425102214 0.5820197967123705 2.962110333298757 1.1895739517733455
4.53932989642763 0.5659993629243067 1.1823328214301156 1.161424541718054
4.018543783089352 0.5904776808364366 2.368374302862973 1.2177606312808331
4.328075825058299 0.5620402256715468 1.6891564203530083 1.1483258431619991
3.9951814030330746 0.5458434395883506 2.317253179990151 1.121141477122857
3.893448348412008 0.5514154984437474 2.5633736499450106 1.1348908796529988
3.656815625593908 0.5584285516093811 2.9603462444931203 1.142018569825437
4.365910693923087 0.5707125608764692 1.5075199784912972 1.167387381200615
4.584599555822507 0.5374342056562968 1.0092840989055434 1.094349353920325
4.595729449704397 0.5354839731301685 1.1724042001079205 1.100486503542223
3.777391862997993 0.5542446504113664 2.800891618737073 1.1347467442810322
3.9754358292020173 0.5288767081817459 2.4075192047813108 1.0810465326132093
4.5821562054536535 0.6295161901503913 1.2043189243259262 1.2953572191566314
4.538209591958096 0.5522441543901512 1.2223151024733945 1.12912203338414
4.161904204222012 0.5526384524404007 1.9797777270646204 1.1455429704243796
3.3829904188791575 0.5950074517066827 3.631966422367953 1.224822003973339
3.7202450812898706 0.5384035933756635 2.724454158984138 1.1012784294040356
3.585234663067896 0.5869960707079922 3.1197470891758634 1.2102526847268937
4.60497003718144 0.5567456535448387 1.0668387604969711 1.1449098265474682
3.46872908595933 0.5898393821333836 3.4168512269646913 1.2067498491891402
3.302724383146707 0.5450349408879571 3.6917585344887067 1.127988622448644
4.390536134961508 0.5132554279473617 1.4797184748049594 1.0563774706753328
3.5546611732492774 0.5662955280751956 3.3068989920252796 1.1713886419516713
