3.905581210445079 0.26035048942030004 2.489948767546701 0.5300446768974979
4.10503650298727 0.3050543637065289 2.0902078925025513 0.612322484475131
4.045234609796276 0.24249144249011886 2.2309769438067626 0.49680565602949484
3.818200792189191 0.21867542328779485 2.6998357139860096 0.457423973241367
4.145920732852348 0.21928163587412103 2.005334038469412 0.4462249798270831
4.283532339763034 0.32707558535205106 1.679561990986895 0.6669404515133962
3.96897015980376 0.18405166852846147 2.338346327777648 0.3685196304446655
3.895362234153456 0.30365772441010686 2.5066124980721556 0.6246724201459489
4.253990375422063 0.2517227778185122 1.8013903648433387 0.5094139153347274
4.058437724653162 0.25820990076614814 2.194498751566872 0.5196845647144464
3.9628806681055853 0.2620591630457267 2.388288992633548 0.5401670979928996
4.102428720958834 0.2646256417512093 2.0525738479561344 0.5538557434427863
4.3840919717926745 0.3029628550818908 1.482650552142999 0.6316602089196603
4.047825350290928 0.23157267017394986 2.183112621313308 0.49459084300387546
3.824897432244534 0.2551137221422411 2.6528400394441674 0.5237551125540796
3.694854289647281 0.21358727455931062 2.968640620538788 0.4321900158981013
4.223470609071349 0.2209555476680167 1.8727871941581502 0.46321794300252206
4.12192419575374 0.24201890061616363 2.066787997412655 0.49328964689093274
4.306882758518762 0.26325226831228543 1.6899999627441002 0.5415466616481172
3.9686351538923583 0.2352874756715947 2.3331389953664763 0.4847097649710908
4.009799795648678 0.2552007405915773 2.2647005623505896 0.5244411659788084
3.937604358018677 0.23777530548319892 2.428670235796257 0.486338324680376
4.1756456907947275 0.3020376710799989 1.9235399362492305 0.6236677790429307
4.0202696168054795 0.29246225697274764 2.237467532064273 0.5927760595201311
4.103106400990795 0.2535744455455976 2.145054666182009 0.5185158854681402
4.094140795869901 0.26962119042962923 2.0758304843102335 0.5660051217012865
4.110063398731843 0.30348146354430366 2.063712968463056 0.6182473710890741
4.23177963811438 0.31718705115048773 1.86005856438511 0.6464654479218346
4.2760987224096105 0.3149220027678015 1.7267130268692723 0.6448809122858293
4.057694395501149 0.1967698349099654 2.2048672996558167 0.40753802025216773
3.98818377910299 0.2148452611249358 2.324723053970535 0.44994466468638766
3.8557362082044735 0.31565348566883195 2.578653380045938 0.6380219217772016
4.199316403894606 0.24067634331361545 1.8893442965920975 0.503875257959912
4.025722309996214 0.2915829480742164 2.218448670922866 0.5975691342853935
3.8390040471350897 0.24908606746816583 2.6543091399146137 0.49551477435634766
4.272425350539228 0.24231304764361952 1.7488323268934542 0.49586738200433145
3.8016186555368554 0.19527016828566296 2.6932238161867925 0.3819171833290817
4.043459055188615 0.2068116573643976 2.232691353833352 0.43144670067076324
4.105804370603604 0.23792558076698475 2.08004543443057 0.5046321608788399
4.012424120372348 0.21824096239217552 2.2497237284795735 0.4461560849166731
3.9964029015694345 0.22203917870185455 2.3000004080063308 0.4659344411275489
4.0440192067911465 0.29165521826140806 2.1940520283961003 0.6008104816063293
4.280771503537647 0.28052062312311266 1.7384588251818944 0.5700745885892923
4.141375894176489 0.254585622000227 2.01367206365884 0.5219779864611852
4.064684409871722 0.26718878912191774 2.158158753328842 0.5404402633487194
3.9853154235093067 0.28026888957680635 2.3728610264310257 0.5775042051464138
4.043398227680373 0.256051695928926 2.2421569628184255 0.5323365746382229
3.9588447081970317 0.20531330008115073 2.3493741914856527 0.4397012771311401
4.093655745612715 0.3107682921523831 2.0706726960177457 0.6332922059455086
4.023191127902971 0.2843770270938636 2.2770977856357897 0.5760180312226736
4.218470893105492 0.23429618592837453 1.8397286468499583 0.469309089026084
3.955302995754397 0.21514821571937676 2.3692870950935885 0.44646340663968026
4.042354745291274 0.22280831412096663 2.1905027664299945 0.46594150215502783
4.080164601470845 0.1897507082080972 2.1415269867693993 0.3897415609613793
4.123263641379987 0.3073501729219356 2.0630951788736285 0.6340673168261081
4.1550960839892745 0.29644708741301085 1.9540544618147353 0.6233686312675297
4.212403147870289 0.2586639253697304 1.8238523328060543 0.531387113390047
4.128431317816377 0.2380117302227285 2.026689234602064 0.49667785685998433
4.050114138084132 0.21502247764483237 2.20725256099849 0.4439929194203126
4.080925777312067 0.26541521794183254 2.1431816113037554 0.5545162206253276
4.1764604865693045 0.28192607813321247 1.9258246287741037 0.5788238632138327
4.305302565444801 0.3548121707906735 1.6952882707281216 0.7208216227534449
4.241506680482381 0.29631757171244233 1.7817419230095894 0.5947287198093646
4.172636452380733 0.2809508780941473 1.9246496178457695 0.5763987112080701
4.000171818434945 0.24841216678278544 2.300934915170243 0.5043351943404679
3.9795647235442138 0.3172768041809269 2.3749454842823834 0.6559290440501704
4.114913272653974 0.30685865854652555 2.06589511434895 0.6343223649233178
4.063940857867056 0.2842269837304085 2.152851413141052 0.5701920089601843
3.878705692888797 0.17085180630033686 2.57061439919285 0.33943077058615745
4.131282880532776 0.21712289352316522 2.0056231161852374 0.44108210204886167
3.9115191594789787 0.28120909633707164 2.460255210673507 0.5599656392913698
4.008842574310993 0.23959725108643723 2.281097376550443 0.49018264683918145
3.9229651745647645 0.24083708512458746 2.430374244185562 0.48804181291453075
3.902375441621341 0.24984719020075444 2.51278246923124 0.5133776454427432
4.06592207257342 0.2789834767123644 2.226525068721645 0.5687036459353587
3.792540460386142 0.2631618173623988 2.72238922772552 0.5400367344115239
4.198736005309044 0.25027837453144924 1.910682401433828 0.5146227774806564
4.076953485619726 0.28529399714410786 2.1491079546426803 0.5858954098793723
4.18619747154747 0.26894840834477896 1.8928446508033936 0.5568409711441787
4.115499785141842 0.28464323985918616 2.0616887800939727 0.5820137680433823
4.2240829228184325 0.21432302867203 1.8468016033247596 0.44839747641307837
4.148646488869192 0.2700965760649361 1.9794528600024117 0.5334120339318436
4.091275564786345 0.25769463758893196 2.101901221447392 0.5180533983393621
4.194373215168181 0.23107020565405592 1.8856665720251626 0.47202465746045497
3.885218428560685 0.27845253829614297 2.5506274870204546 0.5776526902484787
4.084151871554718 0.32822781460032757 2.111265298322744 0.6666933158879854
3.824255615302965 0.2668311134436169 2.6808020903454635 0.5408309683948497
4.167528789089552 0.23354035607555013 1.9894422916539556 0.4800430799090974
3.9545284010808404 0.3130008976158837 2.3837104118396573 0.6487843929312275
3.9313493994002116 0.2077137850020427 2.431938562964464 0.4338399085118583
3.995645345913821 0.2625360963307796 2.3389041673941113 0.5406770143703634
4.27204326408361 0.364690356946365 1.7327174320327572 0.7376099412360806
4.15703872856349 0.2785315227741005 2.0029157185412565 0.5724485383691759
4.346072351764573 0.37738284305741815 1.625186706992322 0.7705871458508488
3.9599125126410115 0.24911918701323285 2.3764732661034147 0.5249026615879852
4.621308931019844 0.28061186709519886 0.9932354272760293 0.5295678828497085
4.155545613205973 0.20113315089211484 2.002914209142778 0.41732334948543787
4.336283275208791 0.24800878386113617 1.608147039578309 0.5181026352819509
4.100866746492548 0.2802183903984756 2.09674224742883 0.581812001073428
4.059321902391305 0.22814875016273392 2.1370793778379555 0.4874373222941027
3.928696535100198 0.2940632529550595 2.4284399730646107 0.6098282817240831
3.8961196351165492 0.2917135230997026 2.518122101125144 0.5872591109717987
4.085459096140664 0.2708731396884172 2.125880293432173 0.555558440955219
4.005029311901465 0.2811698898922739 2.300653369973517 0.573323418504502
4.00617117985377 0.2619605853478329 2.292910379361903 0.5390540154714879
4.050155778918628 0.2258126734910877 2.158043267251805 0.46524829867157563
4.105216257651229 0.24146339141546977 2.0790930689612503 0.4875460839831385
3.7342088912689024 0.21908513862197812 2.8317710955728006 0.4487742356026107
4.254671962035125 0.3438429926935608 1.7775441345710372 0.7076836189560448
4.304844782388372 0.27024016118348887 1.6766874057078995 0.5506149310278686
4.0688025694930285 0.2872642845149995 2.1350865133235675 0.5735697344341733
4.3600788259876655 0.22105304739519047 1.571079339858499 0.4500715593040336
4.240979008091227 0.1651109910751289 1.812156183690334 0.35224270907895355
4.019844281189437 0.25640997366745333 2.2284160569394458 0.5223414266248378
4.139501234601524 0.24119913517596728 2.0185925816304167 0.4909396134520639
4.115751929510465 0.26969427046177114 2.047432769855689 0.5510800715910947
4.311181726744122 0.2693758317455006 1.7284127810207512 0.5343029754335982
3.9313017180759657 0.1903168828915346 2.484400775032972 0.38569855727269337
3.870128570806005 0.23749912536892914 2.5636572568319447 0.48372547358722545
3.98387127959879 0.23831398601618745 2.32103987079832 0.4799859859079459
4.143795677572651 0.27453225354646593 1.9873981196218802 0.5541454919429393
4.047992167575302 0.23364006619687108 2.2082411435022333 0.4566938855333769
4.229423789688529 0.2470676305131279 1.8362095322443746 0.5038897188914662
4.306423808818547 0.24442323348002498 1.6737932240585478 0.5051070559188612
4.082272603922726 0.2824448131453614 2.141091603823595 0.5839274701272091
4.300714740157495 0.26247313246808734 1.6726819285914007 0.5297396051105958
3.8157234340915416 0.2719595396062328 2.670965589198947 0.5588510104721883
3.986332637005617 0.27104538638787706 2.37509666034508 0.5554799856987148
3.7996622622778418 0.2920005477112553 2.695941200298267 0.591410293461523
4.041611731490301 0.22728980698854467 2.1999382282043918 0.4764702549589339
4.035864887860644 0.27872223192275886 2.244473275068341 0.5738031572633455
4.007879403855377 0.24074137061005077 2.2490767314311757 0.5051365098366305
3.960674743678739 0.27293160920117865 2.38470070898254 0.5461142072411354
3.859507281905833 0.20704559701024838 2.5792937552436346 0.43010792613747845
4.072571631797739 0.2902990691493111 2.147498537132202 0.6036941834565923
4.128951608334546 0.27703756718059663 2.032994924921824 0.5584121276822196
4.379842895057002 0.2615883308372986 1.4955863966764227 0.5288770167523196
4.191519270144267 0.27354259683880733 1.8773319158585058 0.5645491895875676
4.119387893899735 0.2726619721429733 2.054386746347297 0.5618658174638917
4.2810901211953265 0.27250018306527657 1.7339913498458353 0.5513480106360397
3.951200208982117 0.2446579193688204 2.4209377436931967 0.5012039004639522
4.043094250323311 0.1973482436607503 2.2571414409143373 0.41030877332036103
4.242265673046715 0.2592657619886815 1.799001429577645 0.5343673799054867
3.8085332314661464 0.2348915641381218 2.686482006892313 0.4834153957556037
4.111843169212179 0.2987214968110822 2.07886006730018 0.6100530766714224
3.940992415842144 0.2639229841659067 2.414129211672387 0.547577248885181
4.041705771096065 0.232657949165003 2.205593032538907 0.4862177347531026
4.090693529564154 0.24877117327144976 2.1190642326554467 0.5089869090786029
4.390592797898696 0.23086286196880107 1.5372283399638156 0.4746327984029931
4.2821476731152455 0.20943371552579354 1.6829085130921555 0.4320964388680998
3.993600198033379 0.20954634047148815 2.293643482030756 0.42975534125374537
4.272444678181663 0.28266403475742136 1.7395122149799351 0.5699037217257488
3.766495699128443 0.2423999578711583 2.7475481930189583 0.4990420555277014
4.010614600497291 0.3350564035377952 2.2927345910265555 0.6779883305219759
4.180473890488086 0.3060704901118513 1.916682897207664 0.6234795035860227
4.218742098948514 0.25203472144295064 1.8638614148318862 0.5276807619781462
4.022420752869433 0.3196181684045519 2.262723555127905 0.6537212288961407
4.220358947600365 0.1903114408212616 1.8235295845039583 0.376021192546362
4.275273898253982 0.3351771474895568 1.7665098381235202 0.6722348774590191
4.08103722459578 0.33643674288894776 2.1561479508367 0.6857295213922958
4.246867743153166 0.27928707754400794 1.7869765529870438 0.5514785323668243
4.157915005314884 0.24529126843721258 1.9842778119914792 0.49775057975899584
3.894391243708081 0.2011847714063726 2.5001855909365123 0.4063172240074453
3.9686357956352514 0.2244892892721086 2.3701518102712535 0.46911941842059984
4.0045418375205 0.23553608112699398 2.352891117525294 0.4614307243418099
4.1465948086127895 0.311808807510578 2.0201568809726074 0.6392661035182863
4.201561998186943 0.30503230191914504 1.880479774339321 0.6305373316247883
4.163137436253608 0.27272196378383196 1.921165830100011 0.563304674611206
3.986096871884727 0.2678272421516323 2.300842340013343 0.5439475791212182
3.9691802637219045 0.21812663055467843 2.3515986862752176 0.4437220989616622
4.428212764595747 0.2833553267803886 1.4170664245374267 0.5812349249237971
4.0970596451345465 0.25184665614891505 2.1335921291944975 0.5172883207821013
4.406002797800782 0.30309519762539033 1.422952521724511 0.6174170726556044
4.237078337036209 0.2325727772963747 1.8135061949760758 0.4894252992771567
4.081225602211901 0.27060075561293606 2.188476490224958 0.5451995605922407
4.159254436662648 0.2532630789150965 1.9876962985004087 0.5130258882885135
4.1525377291027326 0.2421363449141371 1.994998626026577 0.497042811799352
3.8841098020194402 0.25158229142327815 2.539658369581295 0.511714637380149
4.196372472056929 0.3255715537359167 1.8957371528788935 0.6616716453326745
3.8722758606061882 0.2661269662441031 2.561859558963879 0.5360510897408325
4.6175100498012736 0.33650123912033825 1.088290279776892 0.6906527878399339
3.8103568259500538 0.2515161225663332 2.6556606503734406 0.517753519140246
4.112854546584128 0.2863981606132695 2.0924675110322175 0.5751682373773027
3.8546714731004537 0.19619760195777203 2.586302670196588 0.3935754678507035
3.9367103301374575 0.2662594447668185 2.4591012498495397 0.5275629907492901
3.8390865245401913 0.1870469055340685 2.614952924393606 0.38034955205266396
4.13576850741504 0.2603080850358358 2.0024869532587837 0.54349267729066
4.198369934589447 0.3018061643006924 1.8916013010922141 0.6215669914014011
4.224284266615792 0.29130533474943476 1.8081539956559571 0.601730403102883
4.091562322449704 0.21692557293770645 2.1206745978531547 0.44806284394875373
3.983379036433205 0.28460014818739054 2.3598737060465496 0.5726786041449932
4.069860096835628 0.3058182954088993 2.101979935917595 0.621112557397443
3.9915346654671966 0.21793827300192595 2.3357991341782016 0.4470420596230769
4.244601842495266 0.20139460230862785 1.8138543026455802 0.4164018523608548
4.310265851430492 0.39288629218397714 1.6449926199213567 0.8058554498918487
3.9625979621882568 0.26665662767218395 2.3555881963244594 0.5414311635463888
4.245690863375094 0.3264899626708261 1.8354410111425703 0.6745197923331783
3.7402213631612238 0.2362844945121673 2.7813171408697315 0.4693683857393743
3.9673170053952798 0.34969403928105436 2.365792971349733 0.716875064074897
4.256291946791706 0.2839461746830389 1.7376484725176649 0.5763761894463298
4.304306107212153 0.25100730072534233 1.6681095277889815 0.512094427628413
3.9001466369278504 0.2671653124715821 2.540419680734506 0.5442685942398324
4.107894161337494 0.2705510805814838 2.1019587673445823 0.5525633756223793
4.174291706776838 0.2707906973848993 1.9323544310886145 0.550548706860503
4.403170102250815 0.2926793467251228 1.4516003834031226 0.5834070662553269
3.924381820098855 0.25584575530502746 2.429984032243537 0.5219757029742483
4.082288958413564 0.2478117443194636 2.0912954257704364 0.5035769418158038
4.357063542645333 0.3135528612879075 1.5498320519787303 0.6293322016742019
4.199899538007976 0.29165982416184816 1.930656239414599 0.5975909683160667
4.093249157082548 0.2877690313198481 2.0907651887931773 0.5808046819914583
4.155445395024591 0.23699870416730404 1.9574017573825757 0.4870661358043786
3.842934773370806 0.2708614936046414 2.5764171597471455 0.5550378868611796
4.16045229879378 0.2921952899588958 1.9990366656232506 0.6053236564360236
4.188819111581123 0.27791760844516605 1.9140584417336606 0.5568233522332753
3.9485996788870197 0.29787598895599815 2.414376266713548 0.605319658348231
4.465301140570693 0.2679083542504396 1.351730146529472 0.5504298800084796
4.116753549575399 0.2862894347066104 2.058744253973173 0.580530620910404
4.304567941527266 0.23598682400955256 1.7091055011777743 0.49002339859268385
4.183384705584991 0.2933386209638406 1.9318583008049852 0.5933035274383656
4.0513116062156165 0.3360371627828857 2.2011565457613114 0.6774747470820408
4.040809908164065 0.31296596848726 2.235821021303818 0.6477956119411106
4.28723288378276 0.21259580387414378 1.7086869241637839 0.43781596546990653
4.1127688499874555 0.25889287022155283 2.078399983951174 0.523737209221687
4.026841543250715 0.28257456091818783 2.2577055267177952 0.5832856889154746
4.104742228180997 0.2809902625699203 2.077702809474823 0.574069774031004
4.244214402736342 0.2718730509301258 1.7964348060037327 0.5613307054547454
3.7955789596932874 0.19095110379781735 2.7035513781938114 0.40092793834407825
4.044883482713545 0.3041107615623221 2.176737541648629 0.6244556197394026
4.092694478393252 0.26065287833246337 2.090562081498004 0.5376403171894966
4.044360526912039 0.2833963595580321 2.219861297721944 0.5945293469970203
4.183778059756949 0.2912788571574064 1.917748061454386 0.5935428400476512
4.0818695616503415 0.20853840584869338 2.1854082003870277 0.4195965791507874
4.291172169025605 0.26341985532289064 1.6751809261579123 0.539082808417609
4.135126237344091 0.31951557614091053 2.009793262515787 0.6609373154775752
4.279839483839799 0.20431419351832494 1.724193985941088 0.42060284439201584
3.9624073515278666 0.19487414766139785 2.369054785373776 0.4088360577636943
3.848437814661795 0.2679495322398988 2.584095867441654 0.5524048052353827
4.18470661637505 0.27425945269592145 1.9172961802810091 0.5575212155080621
4.303460971421787 0.2677532091726215 1.6840449207211592 0.5393454628969222
4.178046930644921 0.3140701140861843 1.9598661390138408 0.6305129091535734
3.87821631490607 0.2694767287885324 2.5662099981863298 0.5628503311088927
4.1794597434874365 0.26537129782026103 1.9337669118719791 0.5428893778058722
4.082955857089103 0.22390850763974723 2.0844426533064255 0.46464329571177937
4.341858100780248 0.30804651966178265 1.619463151614168 0.6497528597067451
4.0455984242183565 0.29596313743314484 2.237211992690319 0.60887076171007
4.005314598033291 0.20275825525650013 2.292159414499575 0.4207144146245479
3.8546060866430043 0.22899725112803654 2.6000399328229653 0.47531483085711224
3.947547488817224 0.22670390918271552 2.393265722977179 0.4726995827341283
3.980848702789552 0.2704661868222604 2.365202456270553 0.5510283976313329
4.0984033546499585 0.28930299288673295 2.092901868988317 0.5902726955819225
3.9012145989105607 0.2674233259953152 2.5385057192078646 0.5346276310914976
4.2494382316813155 0.2912283996830106 1.8112942764271902 0.5886126425338967
3.8315823417623873 0.25085667995004507 2.620407322837803 0.5129844760405069
3.9439449061222467 0.20490177879244506 2.3974446042005075 0.41349259021644386
3.9466156563106294 0.24972505299249698 2.4651695312916675 0.5146946171603292
4.553125148865577 0.26955873262617774 1.15966822716605 0.5579897563016187
4.141135992964353 0.289063972489385 2.0023713930190072 0.5716019147862277
4.032882061971799 0.3840675319969947 2.2445506856103714 0.7442071379259284
3.7915483014060958 0.2425746594786182 2.723216303688826 0.4910409153061959
3.8449885194793616 0.26666717632189757 2.6359488406393505 0.5390194304663374
4.246587434111005 0.2770062049814809 1.7966391230065564 0.5647213064346704
4.001991056826813 0.27426859010791255 2.2987622471394076 0.5738964849213319
4.112766345959714 0.31044386451237294 2.0966300083062173 0.6264914196036008
3.9387252434574656 0.29764654538103696 2.4506871831088652 0.612345526721479
4.073785282911934 0.2733744678606492 2.131213095471384 0.5638341254633997
4.110698697812802 0.2744862713712883 2.0764452534042914 0.561827178261134
4.2010439810404225 0.2817953026808909 1.8857130040875938 0.5596272160843552
4.297551507373255 0.28974041276684914 1.6601926355171799 0.6039457224652061
4.034171568896215 0.33456971671697305 2.24524220916816 0.68499294105
4.027478837488505 0.2340566403232089 2.2160829140399922 0.49305960233091484
3.9835506493630852 0.2658460571244756 2.304674467662781 0.5482672621928522
4.114643251716953 0.24218937735891038 2.085701228451807 0.49339443870500754
4.088036906462822 0.33066235041375575 2.123193400501231 0.6659214777808748
3.9826569872098903 0.24585842929262033 2.34272955092346 0.517983245303435
4.4902794014598815 0.26586708411307497 1.2515057749013305 0.5514517963034452
4.256444771827001 0.29651206358527227 1.766307506251306 0.6015962550098962
4.12043965205944 0.2986579422365565 2.0407557255025797 0.6043529836785834
4.204938158280478 0.2731240123677485 1.920020168166627 0.5630205034235742
3.9996801655053034 0.2537724904362336 2.293474179888393 0.5305376245760046
4.1046442930199465 0.23090507779720298 2.103824897005201 0.4673051831202856
4.078368560088576 0.2738657683114889 2.1419496473619235 0.5687874589342204
3.868009091428574 0.2370574452583291 2.5529502221182154 0.49074947480936837
3.9908835467555592 0.2628474404627616 2.304066032075159 0.5469899691593806
4.199711805100226 0.2947258090674467 1.8601697915560744 0.6025897788641382
4.129362190247782 0.2353006530136239 2.021553212382032 0.4749458283421814
4.3191978746641055 0.2981720258062914 1.6277229287983956 0.6042100952987588
4.080736065074703 0.20077194309872368 2.156224089412979 0.41455609744178273
4.131509418292418 0.24604101888180724 2.0287457712850774 0.49546345336546266
4.326602049081007 0.3318015565256224 1.597926209019055 0.6920309966033895
4.209041762748354 0.2274752948855891 1.8701316670658343 0.4646309108086704
4.084270650876366 0.25300177981842387 2.135623792732077 0.5355405988067096
4.237330595974602 0.2488785163953946 1.8339055240228532 0.5100674836875557
4.504286800549267 0.301225580201911 1.2727782879873497 0.6092806036272561
3.9988813234277165 0.27379913015611046 2.3064423451971443 0.5715178167009102
4.012812404055158 0.27542207337575325 2.315517316209811 0.5623145180874138
4.0353765049632315 0.29851767316957273 2.2577651353768307 0.5957093826320675
4.130790643400582 0.2206336081411775 1.9935547864116323 0.44450696340619794
4.105463241835404 0.2148296075156629 2.092379103602251 0.43057538448963095
4.4066828865447825 0.34336091905682947 1.4441349313885743 0.7002764556689216
4.264058935931365 0.32553341620260856 1.802024402010218 0.6659970562777524
4.082113042737474 0.3059392818420563 2.114325712732476 0.6360128482689265
4.129133150729715 0.30611650866730655 2.0518956418309573 0.6127903122848077
4.141713318255373 0.26308366479847556 2.0136001549042337 0.5412735713892683
4.13442018302355 0.3008091948588956 2.03248416528616 0.6188156291691513
4.063462414480349 0.23393066351421646 2.1581412084624123 0.48519697613461304
4.186836346626492 0.2586986305650768 1.9358573670054144 0.5309210396945933
3.895324336757396 0.25119002138123075 2.4678494312623753 0.47969401137585915
3.97566716176381 0.2650284421232958 2.3556901078299433 0.5467172914350666
4.0366765462491285 0.23296760704535702 2.2229356973861494 0.4823445051680372
4.279595887938548 0.31071826762654686 1.716906198117112 0.6439562141174334
4.363969915500091 0.32524064266972347 1.5890421695423353 0.6486158906923779
3.9715553239210504 0.26534082512477397 2.3856315073231595 0.5374932762800713
4.035483232029568 0.3673977969092751 2.2250601015193694 0.7491732213513271
4.506913934851827 0.389729625269314 1.2842295051066994 0.8094446436201672
3.958636567326673 0.2519783974181209 2.3901542228231047 0.5043201419063191
4.154244863921354 0.2783225657446888 1.9994734067990765 0.577071013977455
4.266173816560692 0.25862613811478535 1.7233512669418538 0.5290376285684383
4.201027113122331 0.2951931890387865 1.8732288826205266 0.585547324309473
4.2745056312309675 0.35359967653800206 1.7686953532718792 0.7277323161565434
3.8601501869537986 0.2657291948977743 2.5946016887093832 0.5457368708688024
3.9781795710030434 0.2164915102051079 2.3942098382834742 0.44522309618896944
4.065248236431499 0.23084065642465829 2.21505390189931 0.47744345300655583
4.253337358405304 0.304518497918296 1.7376096673850647 0.6233625838252352
4.440900295426591 0.28166743353547535 1.390735589124233 0.56871214574975
4.459800382433154 0.3131505249685918 1.3721414151144085 0.6305175551766421
4.294036169478405 0.21320518219380577 1.7219769803424163 0.41058177844798033
4.075225190480046 0.24702751237594983 2.1298256186211484 0.4968378486790487
3.961117147795819 0.29228838193973344 2.3790861348723547 0.6029523707601694
3.8966860232775717 0.15901852942219388 2.4915480295808026 0.32220505760746043
4.028297568031556 0.1967665671666523 2.2204962650696936 0.4020002125478269
4.199209330393032 0.23154079710582057 1.8949980686427823 0.4732508378174107
4.012252809230615 0.22599393600403156 2.294246263685555 0.4667011677793965
4.26799058444226 0.2714501528351342 1.7688969967916117 0.5510903003600904
4.114542450154989 0.2401035888756504 2.068156850068541 0.5114801783416717
4.029747180825231 0.2738157887090598 2.238636242083767 0.5634242549557679
3.9864958018124903 0.1530495133394268 2.30722466727 0.3219491301517571
4.059299081945117 0.2846295236660472 2.1642500848715356 0.5771246134329384
3.9996710531394384 0.3082613075428453 2.2929770261399463 0.6277394520226329
3.9668060134715404 0.2620682174298776 2.3306894103080635 0.5312225440476774
4.139575580418134 0.2872783334353725 1.9992847811436496 0.5785352047391361
3.927913371280673 0.2723339896695181 2.473341808485971 0.5480074123462796
3.9596518898936424 0.24612518732683342 2.4027236375251126 0.5048724196503461
4.069988308636447 0.21273531067768753 2.0980939154881524 0.4461173317674164
4.052648232611927 0.23924244121882235 2.1969274348682064 0.48425485395281986
3.91114252233044 0.22144983065549453 2.46622266464436 0.4567831531443102
4.2931701524171055 0.25165462300953284 1.688002811594327 0.5153672779628428
4.123289408952078 0.3023567351558201 2.0520982145060005 0.6140878364172202
4.0517018875352395 0.28691457070868875 2.21684396100786 0.5846474526227069
3.9065947965479104 0.2528172850084983 2.516620380535446 0.5085280467227933
4.137885696299321 0.29249419037300867 2.064930113710332 0.5873712765299778
4.194748837516875 0.253922843298023 1.903714640471621 0.5198252836498565
4.125036987565084 0.184786292393217 2.0404430518718875 0.38437600390279525
4.176900452848885 0.2844018276924029 1.9677868023015286 0.5750825438917375
4.348520290500387 0.27686924805384533 1.5897805357511117 0.5684814931709018
4.225453464772055 0.20317791283430686 1.7980754914374026 0.42047715586609685
4.296000070091673 0.28255235125759565 1.7249710046175384 0.5769346558069729
3.921682767332247 0.22870135502796984 2.4263281818522877 0.4726306011572715
4.2028751871984 0.3036856203268037 1.9046213311079052 0.6087452494545154
4.109517833886516 0.3047646777863205 2.077106314738759 0.6242441514208885
4.140721752008616 0.20241677591221185 2.019640346012224 0.40871274670037827
4.0043249027071095 0.23240326298229821 2.2951514262403467 0.45909090135258285
4.166105652265706 0.21471854872119864 1.9706134481868973 0.44331904120723215
4.333191640785053 0.2741964644947226 1.590205806262058 0.5580572583162344
4.1831114637045745 0.1995441095746051 1.9135478561731816 0.40756126564730094
4.012697141435512 0.26313667834150184 2.257853200486232 0.5380491067640851
3.896431703129624 0.29417715396181365 2.510429566113582 0.6131599575628547
3.960004941023196 0.20121220956615815 2.403039207680928 0.39734006165811786
4.117120015205595 0.3071728656876154 2.1038224974480237 0.6346593669430746
4.193931969965018 0.3002653866618733 1.9460277020364614 0.6112329464301894
3.880609401215355 0.2471665599835432 2.5322143138830233 0.4900390754842215
4.30620347844668 0.2825315174754434 1.6384031914763335 0.571884029726853
3.982853775053316 0.24762618921089335 2.313071303151605 0.5123438097539902
3.969926905476365 0.1974951617267453 2.3765703092826342 0.40912253117240843
4.208203263059115 0.26843709088393786 1.85971154365147 0.5479976851259148
4.209557269587996 0.2584672778507221 1.863763226343178 0.519344581196527
4.208577976589677 0.26737764458193963 1.8605950760776842 0.5553963656437252
4.13475328822101 0.2165136585169294 2.0292327813217925 0.43591736337936304
4.1910348459459215 0.3739820373936545 1.8965435520003737 0.7738969887652547
4.058079092927143 0.2873473201175901 2.1714032716799743 0.5955146477012141
4.307392048759539 0.2888897563199969 1.7061960734254713 0.5830304098384191
4.054293951873673 0.25202816401539474 2.1543622605364847 0.5124207790945453
4.223889856528392 0.2604903230552452 1.8350407288207762 0.5333556484295593
4.147759899780054 0.2684360744698708 1.9737218798312397 0.5595116575594861
4.039070081754629 0.25928200971223725 2.2129527372635223 0.5301846710319711
4.018486240410359 0.21174249173727006 2.277970315358516 0.4223779264999894
4.131392601893111 0.3402036446217533 2.0183343599790766 0.6979082753903992
3.947815822227044 0.2072668746911092 2.461171317837204 0.42838560038770596
4.273520184204374 0.2999659603885182 1.7340492174663475 0.6242067482618892
3.796444492781649 0.24942493977363403 2.7062272143261112 0.5158392428439268
4.257105738287693 0.24890336284325315 1.8000338182712123 0.5034083974364233
4.153891100201818 0.233860808172832 1.9605596709891486 0.4783340571318207
4.256584762557743 0.2987459878243366 1.757634526125473 0.6259740948396606
3.965944609621062 0.2067745547606768 2.3576232756720708 0.44184069573617624
3.864174998666627 0.23249193981609828 2.5976049730570954 0.4863600307866892
4.13379124955506 0.25051812380690136 2.005107287634201 0.5031934066483786
3.917920100139135 0.21561482702194706 2.485573476363361 0.415368243171586
4.306390733623552 0.1948761439216997 1.6969988399401794 0.3838323191090507
3.8469045823089734 0.28981460395083947 2.6196849125135566 0.6024791574937141
4.086778677451505 0.293801730120848 2.1136786663564973 0.5924544332519588
4.143801915190629 0.2652464343430013 2.030777700597147 0.539587715934316
4.010405309705289 0.25917952642680964 2.2912853022699053 0.5188228888355566
4.287510684854782 0.3195271003503973 1.7090275736023572 0.656991217968537
3.9681944694472797 0.31841033884466236 2.37710979924886 0.6528808549774435
3.9783763513510904 0.25256260427740435 2.3525434580588716 0.5021025294869272
4.010056645446458 0.25049930852199404 2.3106318274130064 0.5094638095049927
4.02380742350199 0.24218973115173226 2.224065096194505 0.4934214712233295
4.249691681666374 0.32978218766594064 1.7465128876714546 0.6798798039279395
4.0536533625059405 0.24729617182991734 2.159292298765216 0.5041444384796699
4.370821390110004 0.2542437013848135 1.5206002187475711 0.5198563512588508
4.043375848067805 0.26722212034605514 2.200248215571051 0.5465493185894652
4.1181904780051255 0.2508765013199009 2.057870853666853 0.5152548795986124
4.244280152615052 0.2513881624574287 1.8114214179532366 0.5085862366502443
3.927578824327891 0.25741415894059455 2.4831939677039196 0.5225989607896748
4.102673775441803 0.25274073063836705 2.0871659537961498 0.5208400884911472
3.9125274737212834 0.28762747292745783 2.4858643165251486 0.595479399730498
4.002704436826679 0.22119130324439631 2.2922900861627133 0.45943588844954225
4.045806566383565 0.26492894883192564 2.2161452338370493 0.5292266090431551
4.29888057685606 0.3465037873681383 1.6730781614566568 0.7106206479278061
4.036584752471157 0.2611292745246507 2.2539834283067286 0.5172289321103554
4.556027505954775 0.3551146085298679 1.182127436118241 0.7194061393811689
3.991460474678542 0.2537568335553861 2.287088441042279 0.5255381775655299
4.202603021880023 0.27985186116916116 1.9175676732082207 0.561266634639678
4.308522749049268 0.2376120828435282 1.6506174155186 0.4816162221852796
4.181026479403419 0.2582040512899208 1.9171134820963238 0.5344067464231953
4.602772505270653 0.33098769902572545 1.0703076140106917 0.6614197894012324
4.188083258698277 0.29059169820238234 1.905118110948112 0.6032221641426162
4.132203877866519 0.24900467881627955 2.015567754005381 0.5073238506517868
3.8642167551756605 0.25100883594068824 2.6164295432267752 0.5066016104290713
4.033625077385475 0.25493439758620695 2.2511640035006266 0.5274435866582363
4.422149679586535 0.2749155980306848 1.4198188804313678 0.5759781748946731
4.057602016290488 0.3040350253980451 2.162077419955101 0.624075324327488
3.809142621555127 0.22148207651159899 2.681104921463235 0.44486492856333354
3.9886732941455953 0.3324663811613565 2.334856700513992 0.6883370318826497
4.1419988834820245 0.23948081992075787 1.9817407649165362 0.48465675029088834
4.13144107899517 0.24879000291318712 2.023658638170443 0.521314966735919
4.460872439998083 0.3022954257013741 1.3442205105789782 0.6164719441654136
4.064753801032966 0.2766713158708536 2.162279690212282 0.5717514923045935
4.156465526785102 0.2835132616663402 1.979274216484222 0.5918081311115905
3.8901165682899363 0.2746235725768045 2.520473438516783 0.5654960802277477
4.016873340656944 0.2770559323342511 2.25766135076983 0.5658876461664154
4.046130378435551 0.30209635814421315 2.2279146718578424 0.6205646648154475
3.859609473925519 0.2801333382388968 2.5784056914420272 0.5736729957225689
3.999242897648509 0.23262736967257946 2.3017040239996875 0.4745995580020393
4.215657046771193 0.2818103909003305 1.8471941164818735 0.5756854515904036
3.8832145835617666 0.20110649814563117 2.573264634942028 0.4105809783039995
3.80708159242996 0.2444627480711774 2.6211261531167054 0.49747894692582517
3.81705039988622 0.1713201660597448 2.6492667391678335 0.36894375563410603
4.181383336737943 0.2985141587035912 1.8906683236379667 0.6154096592875266
4.242759116045803 0.24516851844453716 1.8011405587212215 0.5148341832820503
4.341965895772637 0.2922255492475314 1.614067211514267 0.5870220622488136
4.075236356276564 0.23824849099519277 2.1311997828119784 0.5120412903510633
4.041725404940532 0.31545768915532957 2.2419017528977467 0.6371241454410721
4.419161912533536 0.38379133689249517 1.4231746666983862 0.7920493434850512
4.194125186850439 0.27829859730482565 1.8774987511142336 0.5728765217514198
3.866396028607803 0.28995203179387063 2.574192354576697 0.5882046670365222
4.116469753323019 0.247001978281313 2.0621371692501214 0.4884088325486983
4.084364337109422 0.34092543053337604 2.1026582504838665 0.7009626494134295
4.195857318774019 0.22054024144489626 1.932160501314279 0.4491952462951426
4.1592154977875335 0.2549230749107447 1.9609779343957396 0.5216225907168891
3.9005391197115005 0.22418292634055623 2.5068727603399896 0.46383189820547205
4.115577016123543 0.3534597099651898 2.063581134834278 0.7206548786976338
4.160694322686844 0.3048018547310005 1.9693520472211365 0.6267526409257208
3.8905274047213707 0.20693544522926896 2.5190625454623627 0.42845726160927605
3.984368507000733 0.26674172763928283 2.34356519677091 0.5344012077453829
4.003155226705532 0.27489648643037223 2.2879630017480124 0.5573780133815782
3.8654646090032614 0.24496792873747505 2.5692401324083907 0.513114755277164
4.277938969561008 0.3314835629187625 1.7058491578295005 0.6880925256656747
3.976646998527291 0.28760970373990635 2.3223968616028414 0.5853819412730407
3.8280405509728377 0.2513195713843388 2.6524444718638684 0.5149748690966668
4.2076336130946 0.2599002434030341 1.9003073909469048 0.5230829450057821
4.118604198001062 0.2510015557885221 2.044495856508421 0.499574207217176
3.9105774005504026 0.2775723306588751 2.4800518945509378 0.5601359620747304
4.014780896056605 0.28243375620801275 2.289871285256347 0.5776958008137085
4.239550628070367 0.23723512287081985 1.842628583747762 0.47677012257529366
4.075121323487272 0.30150515437096886 2.1127850438496596 0.6203629297564289
4.132693048324136 0.19415863314491927 2.02760453095874 0.4053801359707227
4.167186067930521 0.2682042647136858 1.933759664943958 0.5515367182241248
4.124678587664855 0.20102301778205667 2.0671765005568714 0.4179887817470965
4.238683790179976 0.31019846032388976 1.7829395932473606 0.6416881196552591
4.314763737749029 0.4460600084130042 1.6102007045477682 0.9241852692203087
4.078518609571066 0.3319662320401087 2.167664393690492 0.6724749874272791
4.110182639282449 0.2756095383468035 2.0039573491922313 0.561518621290071
3.920540354460372 0.27429475487516436 2.484603914824951 0.5591617313245524
4.263269972570099 0.28821499866408995 1.7654646732756372 0.5834808492145318
4.246932586788406 0.34072612693691484 1.787067874370535 0.697727622986442
3.959177607109944 0.19562695911079472 2.3920181092163704 0.3981112715240569
4.093939222664597 0.24260140391394633 2.128518315590683 0.49209985700508163
4.46138803225565 0.2957809711734744 1.2987627735885736 0.615170867595957
4.0129356973806605 0.201425384456616 2.302945103396986 0.41427447646484855
3.989346633874492 0.27971877484981195 2.3285011090115098 0.5665393646762893
4.044386315672732 0.16720124261693842 2.183914803519297 0.34109451849462763
4.139742660927631 0.31856243502619314 2.0266192014496736 0.6582851894037776
3.989793582441944 0.20769314403485578 2.2890164580616776 0.42918139774385516
4.099072756261492 0.2979492170467302 2.1039903903597095 0.6145015356089704
4.123863103860568 0.19574174949714226 2.0813117355717456 0.4151679607782034
3.896656628902428 0.2601154513123301 2.516465432086795 0.530428772409302
4.333216200445671 0.311581791340911 1.6233264761039248 0.6339568558899914
4.172145767919535 0.2495560811137108 1.9621162238664323 0.5050606268055338
4.060197099608299 0.33197846115970725 2.1731864866848754 0.6868188833140042
4.071536687056302 0.24017514365480774 2.1903202452954478 0.4949916425135571
4.501732050534663 0.33673125826365957 1.257557456567329 0.6922300250766547
4.098920214883017 0.2884208739823809 2.0582849295358874 0.5733508804792814
4.072427206214983 0.2343909308853595 2.1590502024238276 0.4695311874990175
3.8926447775746693 0.2667332272526641 2.5097581607707538 0.5475340982922902
3.9882161172602837 0.2537333717588386 2.331286463879851 0.5227730719872278
3.966806033451884 0.2439939094107311 2.3722534571272016 0.49977510236848216
4.1021330000893315 0.24391954561773382 2.048844821472049 0.4997623814786249
4.019297126839237 0.2281794047681917 2.2923934522058507 0.4669687312059714
3.9702118020912325 0.22389719724828847 2.3815348787705957 0.45052475999386044
4.183544232580857 0.19779142670083036 1.9233860648336982 0.40052888420701793
4.090212337902859 0.2737641976803596 2.111810306291844 0.5679658425906714
4.094240583215921 0.21645521571091858 2.0928872513758083 0.45534682917137476
3.941795211715286 0.2355334533509988 2.4005075051628033 0.46963290393632984
4.301879437481842 0.3019880401971166 1.6919367838033477 0.6187039990205395
4.115095827125703 0.27957681925157213 2.042104022689461 0.5799418882953057
4.153720504112014 0.2673693065503394 2.018882582512407 0.5421084011413296
4.17373278069995 0.2529017699733264 1.9867081919470149 0.5127874261544374
4.2259354345881 0.251531749184539 1.8644073209971328 0.511987313768185
3.8033995064314365 0.2593902580032599 2.709394639687906 0.517671766264467
4.016267928318243 0.19606351292679589 2.2644315435234112 0.4099181956614335
4.535883102932072 0.3292299705556761 1.185462244849199 0.6755570674211329
4.071652590508835 0.350408328756863 2.1742597844141933 0.6922985070990391
3.9423398060155894 0.23060830054114656 2.3918765101329127 0.4812149167269565
3.9804481299629693 0.23998795869990333 2.350053716121916 0.49126423435063465
4.162888766744969 0.36796489336741034 2.005601259377614 0.7502282925974212
3.9572951469954063 0.295481296846538 2.386782902777277 0.5982049072943222
4.072902561865437 0.2070399737177564 2.123056831553412 0.42435147954363167
4.332309333480618 0.1946171593793437 1.6582676779082774 0.41034370064177267
4.170424076064837 0.2971879850696166 1.9530956854701467 0.600333393888628
4.012226515427823 0.277566306566619 2.29247003769983 0.5740026681737369
4.134512283691729 0.2616807264414941 2.0142277289150927 0.5382435971441475
3.889375868776385 0.23115847996745406 2.535835745201692 0.4716255998751981
4.20832012255708 0.33511897550279346 1.9179725935720051 0.6895362947588353
4.083425161847355 0.2881968147550304 2.101065864265232 0.5937684857715633
3.864726499484111 0.2431926287314074 2.564363835102563 0.49881437946338997
4.094521640145272 0.21509269929745073 2.0786665513159 0.44442616227752224
3.975108019730598 0.30876390231216166 2.333625738313245 0.6313432640385271
4.118475480028016 0.24229369286017033 2.0601517185114826 0.4864053051490187
3.920953456392474 0.2837176454824387 2.465036438438833 0.5809602301414435
4.019883728158913 0.2365008781851007 2.276543178190786 0.48207527184456156
4.3536975045221755 0.25369938228300204 1.5332595588513618 0.5033181440155508
4.080590268157271 0.3116238221165001 2.1331210129260025 0.6403362816457526
4.560302010079756 0.2864238828969495 1.1754270604058088 0.5929302308532274
4.001662202238055 0.22715216483383227 2.2934141464037068 0.466195172656433
4.126334615111116 0.25229805500505564 2.023390577927704 0.5118761473009855
3.9565579442559695 0.2072566085363302 2.377291202143523 0.4332297593027451
4.0868043976900665 0.26638213601024 2.1126902062629527 0.546145882439906
4.086873092300671 0.1836660169206205 2.1353705085814982 0.3746701534415765
4.240073443298955 0.23056015374916722 1.8395021336224961 0.47025934484610665
4.443895287245361 0.2899310629236299 1.3820877200800445 0.589316828571952
3.912188125837557 0.250717051778753 2.472253347157287 0.5212599782600738
4.0818993977857865 0.23804046014269567 2.0630236730665947 0.45233067090767193
4.1690117424104605 0.31240426472986205 1.9441941626065813 0.6325814632231014
4.124079969419724 0.24292028487710796 2.0661976603357903 0.4951205486012284
4.112271950993035 0.1643454333884345 2.0449602460529674 0.3452496222810196
4.196890538263448 0.22908869528555886 1.8932351794510394 0.4792549751929808
4.004243788591905 0.25514247823650066 2.2649092649043197 0.5266193478709602
4.28279432049513 0.2469133735867084 1.7198577694633885 0.4934913595564729
4.0167896693052345 0.2380836137591384 2.3162014218797733 0.4877200757712593
3.8750692983133117 0.24536495099254668 2.546641981314049 0.5078910889910137
3.9969742928572334 0.28878691785460325 2.327568290829479 0.5844689143347898
4.227687892613653 0.32602989243338476 1.8226677730004701 0.6647256753604877
4.002124799151852 0.21316785078783745 2.294539016541849 0.4338422467062031
4.329365572972849 0.3183356040939845 1.6322238350281086 0.6593051171335506
3.9882385988278033 0.21975041080841975 2.2769403353447357 0.42584993311830166
4.060049505586392 0.23749882654187035 2.194035436195625 0.4814578058000439
3.8248832783615945 0.2237798515861553 2.607868842217709 0.45834005091839525
4.129275095288618 0.2709863142480292 2.0076060503327744 0.558903763094609
4.177563949628217 0.24718384095237877 1.9320663036259447 0.5049532913728112
4.1825389647308295 0.29615517263802 1.9339054840994754 0.6033685268022276
4.029499125451265 0.294786925427053 2.260708641228991 0.6007295359724285
4.171930910894769 0.2154738800673598 1.929575027794154 0.4425424463045043
4.09904414239379 0.21491915271257742 2.093104234662477 0.43995373247987474
4.165958263196984 0.3026975187657365 1.943654877938469 0.6133843265481165
4.272714160120549 0.2394524016839056 1.7311580195126774 0.4803783988587741
4.131572922437453 0.2427338089483242 2.0527012218305276 0.49339394565691774
4.146798802948458 0.19900777437017658 2.020522258105772 0.40249648507562885
4.008740000459767 0.31407537129593555 2.3032312587629313 0.6324442797238504
4.184693266803595 0.23908515047216605 1.8917064118039302 0.49226847807731783
4.035920096093958 0.27417531203853973 2.228256379227867 0.5638617348522394
4.025712319095311 0.32062061312843554 2.2585430610843513 0.6578051734761861
4.0623680759155185 0.23186671898634584 2.166073207072118 0.47810701693893265
3.969533627306056 0.29487339754818775 2.3509837687944186 0.5981643551363729
4.036327457541024 0.2511874872908057 2.2330511176261867 0.5208896511236182
4.266497111047968 0.3329439948487355 1.7589913438517015 0.6845299330991518
4.019885359846633 0.21831429685066195 2.2674996639292653 0.4635717159092842
4.278119945719174 0.28256425654279216 1.753045675506275 0.572761712384354
3.8154535478768468 0.18332233264650802 2.7012496995867026 0.3793723086145759
4.167672621704078 0.260882590616287 1.9258520703263953 0.5487266571054084
3.952688649158063 0.25108015991216237 2.3851831159374237 0.5152100391599429
3.8442613372062406 0.23622785933255064 2.623302291152476 0.4879932229317699
4.054032040609547 0.27961349809503655 2.1906904358970385 0.5697199791141202
4.00519907501636 0.27295873661214987 2.2843732915906525 0.567482359967899
4.014155407116785 0.2527529052861668 2.275102440487708 0.513508664944407
4.308952503668953 0.2637299067914797 1.6598209114475937 0.5545022378805211
4.354653653088057 0.3045584099980826 1.5959813105976006 0.6245099028417878
4.062883025743412 0.2622952699884855 2.165397880134276 0.5464772402415304
4.194963285962119 0.252839605207892 1.9342080945755447 0.5161358557167907
3.9521572031321894 0.26297401440476226 2.386866619367825 0.5487287829167542
3.9630476617841826 0.3939163554421147 2.38654689858719 0.7999648746037697
3.999404186526822 0.2607487345338381 2.300058571281034 0.538037814123172
3.899065045949291 0.30753527339557174 2.4864381515328846 0.6170628368168467
4.0123650587132325 0.32337789157261004 2.2761375932151493 0.6683857195420573
4.021101059835548 0.19561122145719104 2.277244071048102 0.39948236567659756
4.128462055053257 0.2708482987334048 2.0565019159715283 0.5570383398990709
4.118049174558427 0.25713360248378736 2.070704470843674 0.5213949652202983
4.226387748690163 0.29334551636158995 1.847010430507161 0.5921496108686354
4.032653013823472 0.27170649799299085 2.238076314547594 0.5563843535885259
4.092051564590715 0.2504178860624653 2.132468099221367 0.5275167399513391
4.052391843677203 0.1977532199196754 2.19819039231787 0.4169124281482914
4.097720105641466 0.321454617140812 2.1273303205056187 0.648245226819368
3.8945523540942752 0.2601502463264855 2.5556970844586018 0.5308854912755249
4.208605144084839 0.2587748317776623 1.8610039257203699 0.5236152809115171
4.017406863120804 0.2842956412665733 2.2982671679287296 0.5862939015677785
4.035612708294288 0.2791082424932672 2.24635698987897 0.5643664049299538
3.940294105696954 0.24500935533325016 2.427488077664372 0.501125791450761
4.018810051364005 0.2343340462824975 2.289017020971385 0.4685793617097821
4.108004973703644 0.23351541645180887 2.06112926380852 0.48864180378979966
3.8605828924697585 0.20388171898627447 2.572822692229317 0.4114573753779407
4.0007498103860355 0.234711486980548 2.3132237917174434 0.48285981586308674
4.334492197604508 0.24152959055277423 1.6111322686324585 0.5026279666481178
4.20836045498862 0.3008715716048339 1.8530041293009254 0.6223721574335571
4.0960010319750975 0.23018459621549026 2.1553449503963598 0.47347203278162997
4.031292265805316 0.2913834994004539 2.230738227289714 0.60029577360543
4.067842523948386 0.24638309149163454 2.129897602651126 0.5120658948462753
4.088855779208349 0.2339907185995328 2.123374871234878 0.486066215196013
4.293900853008461 0.25091253288191767 1.7053290908420322 0.5094071809175951
3.9169960293377395 0.22607192088331882 2.4315697186339946 0.4541841457837934
4.325493876952223 0.30388355193060385 1.6170072066304033 0.633469344602306
4.126270642572476 0.2877014417184507 2.046293949773466 0.5978029061555641
3.963132358108142 0.2722018681215742 2.3717716687676047 0.5590336235506583
3.9655885343767245 0.29687175732716353 2.341004628385515 0.6138109631921576
4.133473885518207 0.2817064312289191 2.017527206466623 0.5972695666822969
4.07933282206436 0.27738073247169254 2.1300290216390003 0.5460902952869134
3.950259013240472 0.2980171271345967 2.4366244249919173 0.6071754348567889
4.24041167483859 0.25034245043208986 1.794297142649739 0.5099233773305658
4.147875999122624 0.32007896956128257 1.9663906855350626 0.6574159421651988
4.023753143199111 0.25117607157939187 2.230575427825019 0.5176136573736954
3.892052343221457 0.26344527377997545 2.512349054441561 0.5425245706951899
3.988554404412268 0.2920003352113884 2.344497999818521 0.5965318999860073
3.9990050054547703 0.18238347108988745 2.32883825052169 0.38283271197888774
4.0752107780766345 0.26115038584112676 2.150366305377683 0.5378649860192302
3.945366018970719 0.24644665966059548 2.4149264728912536 0.48614001095724374
4.044770591898125 0.2273532814916104 2.1971597953965976 0.4691618383040567
3.938734168552232 0.3076035350843426 2.4520710845494773 0.6319061483590027
4.181687929867033 0.2840135399241074 1.9072151891049343 0.5922854707553922
4.044949383722539 0.2964945503646823 2.1946646419933664 0.6066811978437021
4.216499110636678 0.2377410205561246 1.8979911522868997 0.48943116158000144
4.18274213928119 0.24547860881693886 1.8852686874254951 0.49759907381974494
4.169087332296476 0.30971787477371376 1.9403332231137194 0.6303646841452357
4.078688043450944 0.26548985287747945 2.1753409504268713 0.5346265474001449
4.113296033915367 0.3133409724388316 2.0310945186779508 0.6528571626567033
4.288314139876318 0.24691796873171146 1.696458437454849 0.501346358325294
4.0946511985551055 0.22942818079012092 2.12325286053614 0.46790836609974856
4.1483809765115325 0.28559215089124623 1.9895974688674722 0.5869972654337052
4.114065240730887 0.2918622312802085 2.0737770912469875 0.5869910809875171
3.9650671688788464 0.23748969477414938 2.3766252925393805 0.4800536987063324
4.257360359527573 0.3462780895470161 1.758655812653875 0.7150441639995196
3.85153465982157 0.26235576962447305 2.643745504182443 0.5334330191730305
3.977643362287979 0.2741738166514187 2.352393886867613 0.5469756132918364
4.003523288106208 0.16859518834881235 2.2923017620201325 0.3546708169021196
3.9137896604365787 0.27771305984945804 2.5009657860419203 0.5779220194253099
3.9085216306213018 0.24948436321792905 2.5042297757340695 0.519539665090413
4.133583729860975 0.26812136272370585 2.034877533294022 0.5497247962998897
3.8394386467594415 0.3162882430972271 2.619420206203829 0.6493658054856302
4.052177682620382 0.2874777139666702 2.2018779923688863 0.5907172024112768
4.183849773595194 0.20407540362806764 1.9660965421003231 0.4134365483185884
4.038393246571208 0.24934603958138438 2.1987663110773683 0.5089142534889688
4.1875399505840605 0.25517594335429555 1.9052310892984279 0.5412080134970993
4.0928237134073715 0.23498297229467166 2.106855271097933 0.4776837404626112
4.234444179185772 0.30313328426032843 1.822416644100675 0.6203170592130987
4.027543632919709 0.3388277353170736 2.247174385872758 0.7028072065357156
4.186958102980899 0.285950179253883 1.9300343998663814 0.5911704221175313
4.381613743039095 0.2834236059192972 1.5356220732154202 0.5889737495155551
4.106264797729091 0.2641822184321757 2.0925843829125537 0.5414525358586232
4.30535777327251 0.30747547064154107 1.683649563773947 0.5968466258104207
4.3664685465749 0.350074354305484 1.5713608028039603 0.70883719305683
3.857415703739943 0.2293293378819659 2.6067858152764183 0.4644297948503627
4.137341974109619 0.2857282292677032 2.027649748051406 0.588188951278916
3.9930973119271327 0.22523557577664102 2.310791312000272 0.4458242727671111
4.17694874029679 0.272055812730818 1.9706790887800028 0.5558961723149533
3.959413908390741 0.2998859750253076 2.3610112947081268 0.611070626595211
3.902704712331482 0.3092336231293754 2.4730818974555326 0.6330010911807405
3.9447290926078935 0.2715192986609548 2.4518644376718584 0.5564930757753733
4.077113738462501 0.2779108066254977 2.1553583222630155 0.5582454196415328
4.152850061206899 0.2909061021494829 1.9804285192275703 0.6025508377014235
3.887694829996722 0.2734314610069467 2.552794284499717 0.5666136369631917
4.145458551381586 0.28859520718905046 2.0087542066302895 0.5832083369386614
4.385974818796768 0.31608809396857984 1.4910144646632026 0.6424216339243034
3.953829503416096 0.3026617521820369 2.4049315022607494 0.6247042155909104
4.013228493487789 0.21412172614837863 2.275283328383396 0.43826456727922725
4.168494581553203 0.25244295740586414 1.9492796721092707 0.5221256680528275
3.7813352816568186 0.22661820303248506 2.753020812645412 0.4638998970111246
4.211515144367631 0.2680084848369228 1.8967243851052444 0.5613500165469262
4.1186317214742205 0.3039142898396097 2.0516062211370203 0.6213991144882963
3.8151253648078547 0.31753266136120234 2.697128674268785 0.6443996492329124
4.016991491679908 0.2060283339903084 2.2322409805402623 0.42810982535899295
4.130139524897505 0.27023851006098737 2.0301643489825754 0.5653124716598273
3.918848218845345 0.2480078887178154 2.4841245856319665 0.5072289953733142
3.995722565404939 0.2895463706367701 2.291137878054736 0.588962194837546
4.000026615188808 0.2611049639059546 2.303360389857475 0.5474682118945907
4.007201823811066 0.24479171302875835 2.3063928481319316 0.5007668901025293
4.018480799951309 0.28154741981451414 2.2670191751191613 0.5806638546680638
4.369033912870993 0.3665092959142296 1.5765174611364223 0.7594812134014102
3.9882711727887594 0.2407769029376582 2.3239379313250756 0.49190326538942336
4.0668378824135685 0.24091187813792606 2.1796855377992723 0.5021079148251477
4.179267874857468 0.23704084746043033 1.9433746956625857 0.48330502534897846
4.176965189028904 0.16738730446743902 1.953188492477162 0.34033889634079756
3.9733292043841297 0.30106126395929533 2.3641245858299573 0.6205666913791335
3.966560157603421 0.24329048497686692 2.345923430139983 0.4934095047336056
4.216205744925689 0.2694424291451996 1.8510586962698075 0.5456214773706016
4.0873166327496495 0.2605154284836403 2.1286298187826613 0.5370717106849927
4.095398867274878 0.30725852373283036 2.092434821294715 0.6174991124393413
3.9732504716469323 0.22491585571228007 2.3333222781113614 0.4531390765897099
3.895519671545077 0.19567025204506933 2.5260269803850237 0.40663849431341814
3.9524668146458097 0.2471600937792501 2.4245713881860538 0.4866196734102934
4.326545822244038 0.22116782211606095 1.649128751333342 0.45865766745730085
4.096298880054382 0.2770123409909433 2.112075359946685 0.5677304718894189
3.9342861318219455 0.27634957796178944 2.4550950293206895 0.5562256159638241
4.081690386283935 0.14572377242102236 2.1545298157050845 0.3016702679209553
4.396173597923575 0.3264280232557424 1.4426655191001787 0.6754885134136618
3.987682628549366 0.26497122751475005 2.34667458762895 0.5514444887984408
3.8850291513795425 0.21243052473533044 2.5374502987962284 0.4412885916915905
3.9085057894732977 0.34260857137711537 2.493094776813649 0.695093558551163
4.2386154487747 0.2970935446526507 1.8281247456629055 0.6046960361252217
3.9773021662134385 0.2838758301092791 2.35350884645106 0.5766670128643935
3.817930252312691 0.24895633747167217 2.6715421741877883 0.5050695757158075
4.139060489956833 0.3030113625907904 1.9613376118034784 0.6279612946753754
4.061783655637711 0.28967878059594837 2.1423620989017875 0.5882768855197293
4.1508153399373295 0.24252953045766681 1.9730174461990688 0.4928150841116151
4.128291579208467 0.1962065317029367 2.0371346719394325 0.3961082792477165
4.143980423469603 0.27912482337617767 2.0371198653668205 0.5857752405605847
4.058944420315619 0.22859460602879686 2.198262985786271 0.473848264970698
3.992728149327154 0.3222099789825685 2.3110732831975103 0.664002940303207
4.0990025306454525 0.2583693249443474 2.093570440346911 0.5292008413539727
4.264481640341545 0.3676044097126464 1.7571924957516774 0.7566939753874506
3.809854446458754 0.21743954600172563 2.7061190038487415 0.45295155195086695
4.038223565645856 0.282433066683567 2.172247198928583 0.5831070333157126
4.154940094115796 0.2603824325025706 1.9611165069365328 0.5402598879115764
3.987836466696897 0.20819027618159044 2.3462335462841706 0.4118360454976873
4.131471476590034 0.22170514993093177 2.042036077113349 0.44456830296686123
3.972707193616348 0.257833716386734 2.3687699085372893 0.5331061038330658
4.0273398170800405 0.19520009035921682 2.242363606792132 0.40828523693560914
3.7767955500528414 0.2361152896339883 2.7394525578121383 0.4783775111442089
4.047317365691901 0.2985194624583696 2.2358607981532774 0.6001201308906137
4.17761449332467 0.2422983278866923 1.9376615885673438 0.4986711201101709
4.219224656984673 0.2707075201039126 1.8446023363081492 0.5523705459667738
4.275687716237799 0.2702320164759158 1.7206847370422738 0.5603608614269672
3.9576740721108825 0.30378627574860845 2.4059712015830392 0.6152553133723071
4.510362190458714 0.32314870380281685 1.2469062363301753 0.6542658318545693
4.075324112314467 0.24466737427243326 2.145638545060541 0.4902805017469428
4.091340313237783 0.19681974748762762 2.1044757740210507 0.4178074385093256
3.7824197644806965 0.24693131336972543 2.7548776477246655 0.5117003163227194
4.01214640908365 0.27640222134384085 2.3148471148079417 0.5535791134772342
4.007983749024348 0.2760996871156893 2.283618774341051 0.5654714688676777
4.066457635044952 0.2808079087519663 2.1624882466539312 0.5774230798807157
4.206039884349371 0.30761555593676215 1.852150289893804 0.6226568808307055
3.9709834586364945 0.22969308758963386 2.405934496665282 0.47730142242593826
4.140784001646128 0.27426262513981464 1.9890550579219304 0.5561584498088553
3.9788757844677773 0.30632449066432116 2.338244533016388 0.6155162102962768
4.023382332093936 0.2381449968806848 2.241165136641378 0.47919160597866495
4.056514091738057 0.2928460017043385 2.1857100113958854 0.5990770068487004
3.9221393859367035 0.29145170587472874 2.4668315169115784 0.5883862661693094
4.202177881692456 0.2679411887436678 1.8714975187138734 0.5496304104578216
4.289491760162532 0.2922045712555707 1.7055732578842633 0.5865666617656917
3.9266125568826853 0.2291983692107437 2.475383939684235 0.4936936165669937
3.8732654650125866 0.26325326846925434 2.5440213193739853 0.5388340387302452
4.042571457091503 0.24296323547929977 2.203412738130236 0.5033132312936148
3.8961352889503384 0.29428760256054287 2.5006858219263313 0.6074110449683142
3.810617524112309 0.25618354003596355 2.666976641546995 0.511293909396405
3.951029788881561 0.1952221298963893 2.380119476143804 0.38846185859337246
4.063071680052138 0.31169270474271965 2.1598903915291516 0.6445853887329439
4.015008139506321 0.3188193099964835 2.2822119736905515 0.6444972234054264
3.894596994891157 0.2344619522590213 2.5304315343897086 0.4700941383422712
3.9906722597884374 0.21135687090044597 2.347774832713328 0.42914485503855504
4.041830559722473 0.2773671069542783 2.1789149857029315 0.5580695573219945
3.9920613134268814 0.29787628387208187 2.311528713220655 0.5957058277863249
4.017693625376261 0.27620116928789196 2.2706644712137107 0.5693797105005782
4.191894924093218 0.3076315230146098 1.9619696138316791 0.6170012411013213
4.356404377230792 0.2613063610295834 1.5431071122511462 0.5350120976016675
4.144013307515747 0.19081477769877017 2.0427507494382784 0.3835165555204558
4.449053108961434 0.3216796418099074 1.3870924820279216 0.6638752504556484
4.071594124771995 0.3047771324023753 2.1446597927740747 0.6344012784372952
4.30997293697748 0.3402216384498959 1.6732146345834322 0.6987774589444761
4.252160914524941 0.2665744498917956 1.7790817034923154 0.5362400293462579
4.168477894111449 0.2421693771689585 1.9294071037500193 0.4922168487757381
4.15980104900514 0.20275530605977318 1.984389375553933 0.42764349895333753
4.008310577214356 0.23169908496313008 2.2825019819705865 0.47885547559951364
4.017607340167652 0.31345141409327937 2.3081383663796764 0.6295455352234999
3.8833858237831937 0.21204747744426286 2.5737219544696366 0.42335296113035836
3.8310738700960645 0.2763878147793576 2.646034101231793 0.5712635582390393
3.802759557207559 0.2676464072629187 2.691569117003481 0.552605304788812
3.805267521117641 0.2547356185279401 2.6177665045053446 0.5170858013352208
4.08923033264746 0.24386945001995333 2.1040903212576443 0.49969824539406327
3.972972562636329 0.2789819783612857 2.3395332953833536 0.5662133928361326
3.9668755569428855 0.2767380152654675 2.38004697045631 0.5711526148175508
4.296577172121184 0.22870149700256598 1.712903718461884 0.4685845554856539
3.895136025967675 0.22927161492543696 2.516556179262542 0.47674207315020606
4.221245964836699 0.279590081139961 1.9020514706892684 0.5595072062497678
3.9822583051870835 0.268639327942213 2.381893396395846 0.5400892392290351
3.844376893832132 0.22921839409050082 2.5959805030622967 0.4736522788460239
4.247857052617295 0.28406588301810504 1.7549699659655416 0.5853206859282611
4.076517587553554 0.28319452747448537 2.1364445464686073 0.5759706123676491
4.161835821379197 0.2516402926152583 1.96443377616299 0.5013690744072229
4.065071090509103 0.2380130848637 2.1866525545068525 0.48428000212610167
3.929260949876216 0.3005978004606124 2.457831267768399 0.6031619133591384
3.8879769102713215 0.2572713736030686 2.5199455229549312 0.5219017729626155
3.8540831681739878 0.2613299921690925 2.6154931924920657 0.5331654267803834
4.382529287354771 0.26869716578798164 1.4811374660442604 0.5570146229679541
4.008078646001548 0.2869614193032386 2.2959153973835575 0.584952915324842
3.805665479993234 0.292056569137178 2.6765926198814407 0.6075947641179289
3.981036603018379 0.27298728014016865 2.3245390096171636 0.5642350703744253
4.075896291067149 0.2990559921414626 2.126997427318512 0.6256560095186304
4.002424067190564 0.29858796981653846 2.3198072178264058 0.6118298491034452
4.4528702683056895 0.275775610547953 1.332609982243321 0.5693018956892956
4.130109608688186 0.3098311449299172 2.0141959258855664 0.6270901888282029
3.9954875895279116 0.23084149737704243 2.2820783140961565 0.47355391067067365
4.124467654937355 0.2320554929527525 2.0607232686124073 0.4673875296964586
4.099226697346724 0.25658876997488117 2.077494006791115 0.5356672190206808
3.906266795617861 0.3258941895992657 2.494615602834738 0.6734429621410186
3.9787368924646653 0.33594856552594654 2.3288968376270947 0.6973890764928582
3.993694391560622 0.22287212290615654 2.2659029143316056 0.453561287811672
4.101160136486055 0.245795057839896 2.0897170971531773 0.4902346963136427
4.057175462780622 0.32422353980512036 2.172018094476764 0.6600299602428942
4.192786541260585 0.25739924280895876 1.9325494607588551 0.5138729204288814
4.1450872907675045 0.26981670869149593 2.058605318420045 0.5489518240765744
4.172586624887426 0.19558903523877536 1.9187544992664145 0.4118240537406145
4.049593493312603 0.22218829794665723 2.1909673286731737 0.4594203918652164
4.068308016166338 0.2617980808730285 2.1448844461483105 0.5230358519525597
4.07594938451419 0.23973018828313328 2.149624792030148 0.49995277572783164
4.1345516387305015 0.2554392266206571 2.029059783176756 0.5062223206896564
4.088029666475901 0.23187375857764916 2.079177795910863 0.483326581953633
4.155061844610915 0.2584302842583508 1.9927156799507155 0.5282427471066804
4.5536435538132105 0.23080805710602714 1.1192628616352658 0.46190484794229875
4.058256069264214 0.20943634948046103 2.184383931987863 0.4279388901310102
4.108919642590094 0.21718448831831183 2.09297356014417 0.4532621658011769
3.9028002101256347 0.21225254431208515 2.52833341405377 0.4348169655628127
4.185075790750796 0.39126604889806277 1.9360168949758327 0.7970633297855674
4.0146587315485025 0.25272299224153294 2.2704701975799657 0.5123826456408997
4.114565548071015 0.24022851187435654 2.0854895767054744 0.4928051103605084
3.993483843971537 0.29028351766219457 2.3283275393811813 0.5912294319821296
4.104479184489886 0.24095068589179616 2.051051799211784 0.487565756346317
4.0525021922177675 0.24049957085739293 2.217570980399887 0.4794236866631166
3.9915380358247985 0.38249566991526945 2.3215241653622734 0.7771892997205124
4.024927506849614 0.2315009793613491 2.215780721968615 0.47292207960773397
3.9835878752246705 0.27058210619991574 2.3161276259606636 0.5588775420908503
4.2039866363603275 0.2674162792701969 1.893495065237183 0.5507303421238368
4.094241877386163 0.2744329542623151 2.118822577501156 0.5424702683015927
4.052471054916868 0.2832074148512185 2.137021525220247 0.5884190258880303
3.984104712001163 0.22777499557885175 2.3490709591606844 0.46609111747323945
4.001165811289466 0.23177247805118043 2.3080136484504257 0.4781017872903535
4.137191379203829 0.2792681286044298 2.0368461677722314 0.5710818983696934
3.838127896490457 0.18050441054522862 2.6064321190332667 0.36728013787262537
4.323136444659524 0.302582185441414 1.6322476998485316 0.6233798255596615
4.011336255096441 0.3355024107429403 2.2809587350907417 0.6958199950459756
3.8640543129096563 0.26712976799897825 2.5809044797753233 0.5511820089945642
4.191266019880622 0.39067660949536176 1.9047045258162025 0.7940000288018556
4.009670014031428 0.27539100384761556 2.288807933762885 0.5689559295859088
4.050193742386822 0.23642929773948182 2.1877100751464256 0.47720904149283694
4.011034514549671 0.3073230422230208 2.2584022616422073 0.6318275733779773
3.9057869981746727 0.2320898639453551 2.511155015337292 0.4747708395487391
4.008297804588779 0.2739836464168997 2.2679203563719676 0.5710949618224576
4.073707828068708 0.23599688932810284 2.1318554655701973 0.49028556837999443
3.9763846065537196 0.23825886251522388 2.327454181439435 0.47535748237033093
4.189191250036371 0.3139630525249728 1.9066713191618705 0.6404119968645594
4.155911491508787 0.18065762499952054 1.9945224926496752 0.37102040738401343
4.123880726723631 0.242398509837772 2.0705237677211947 0.5111970053955113
4.188505722986962 0.19479491085611544 1.9150686759800903 0.40606027533744005
3.991860109167048 0.333527925400092 2.3289071647775303 0.6834127768003202
4.231472835040442 0.2559875534019769 1.854696053801537 0.5252262043397344
4.3032959519587335 0.24729614878852704 1.661124507416679 0.5027477136451376
4.0448901323455155 0.30546620112074957 2.2269038110168964 0.6218078630726709
3.973548280569462 0.2601716668006568 2.3342420949044804 0.5298898859229657
4.0205525987931034 0.2829367034379892 2.2666984694334316 0.5793249321589172
4.112636355057427 0.2602585731019346 2.081182577220141 0.5374333747527917
4.0070647746488515 0.22306231906147067 2.2670909787427522 0.4561426096791244
3.9216744661825045 0.2601340773642084 2.4828145500433285 0.5326125326430369
3.926086451086367 0.25156557358160114 2.4490834166800837 0.5195027645119334
4.057133341854855 0.3335888173611851 2.186072705562643 0.6907314627482147
4.206323055753888 0.2667338343107589 1.8781581570328063 0.5490262133590813
3.9662893206594525 0.3007387322347803 2.325965667463274 0.6247917879424404
4.458174213499339 0.27142799943545876 1.3479037938113065 0.5571422279403125
3.7137959452738887 0.23066073265242895 2.889995890865933 0.4792363622596772
3.7990123570332273 0.24614894492331926 2.7000324829198545 0.5070480261528275
4.102832602752132 0.2506214843402678 2.113427095793102 0.5142777870419516
4.144380397242873 0.23162839007856925 2.02653389569432 0.47446256859613345
4.017199434450535 0.3491171194673728 2.2646727104973543 0.7152376175757288
4.358468207916354 0.28660249976554125 1.5819675496105954 0.5807609312122354
4.279839767141521 0.2816649935211806 1.6927844328851902 0.5901078783993038
4.001275735013788 0.2462556708539763 2.3300301151880207 0.5070114577057024
4.271393104248447 0.24369408091475198 1.755095575011042 0.5074822347276696
4.193284849537616 0.3404136727968141 1.896329738478989 0.6968790230953932
4.263370448225388 0.24114481866383655 1.7388057054675519 0.47960750795190255
4.102379942164996 0.23289329741753537 2.095507935910475 0.45804689608276844
4.076023812439366 0.21501031605588833 2.1710566290022992 0.4381032188645762
3.920241560209095 0.19632232484364529 2.4396252473163558 0.402507542478629
4.371979128509036 0.24972873406480636 1.5495025498364505 0.5139160890630403
4.283178729246901 0.2781568591341769 1.708431684623851 0.5780477402540813
3.8563145815046136 0.22675126359816844 2.5972382558081715 0.44800627559913353
3.9402972807060985 0.24516618434907178 2.4340550034217374 0.5118820008466263
4.229858723197751 0.24126273128357825 1.8499562914136671 0.49664439159532603
3.8377474904842392 0.19945515739245118 2.638772546093455 0.41225971099552083
4.070824978042626 0.2792592486725211 2.150949433236747 0.5700580697428788
3.927121241618028 0.3219313095858593 2.4437874802275434 0.66488161113544
3.971936686136137 0.19412872755196015 2.338823116655556 0.4072897569352277
4.113435647564115 0.31012163337423265 2.05631517431733 0.6363153556505599
4.034156405991002 0.26982547137783025 2.231222285267058 0.5572395004981341
4.437669448589313 0.34629346723246346 1.4286056004085836 0.7162957947448333
4.314306308242541 0.2269188222183837 1.6448006326038174 0.4671278250106534
4.179606335897826 0.28865917828787185 1.9573002305072214 0.5831380289607562
4.1228223350437165 0.3083433997787204 2.0674252682170975 0.6245578703830837
4.031111174972109 0.21996306496265963 2.2246389770587838 0.4488764246457473
3.8469634360842466 0.3073359432006046 2.603019656884148 0.6262759861955488
3.93303132707376 0.2094153286947133 2.4393913331261246 0.4261979809810028
4.154559679183997 0.24279577184699405 1.945437652075475 0.4974591399916067
4.045218321445854 0.2505511078605404 2.222701180095104 0.515733672841547
4.067824244355911 0.31788429806380836 2.174049986406035 0.6552461390034222
3.9776301203417392 0.25605069647347267 2.3560208128980156 0.5216218981125627
3.9925187415590013 0.29984379525799815 2.3178258775831346 0.5959821071749422
4.44889593569056 0.2537666592081381 1.3811988193960794 0.5129035665401217
4.273101459530964 0.264932539782068 1.7264126558508766 0.5417739171710652
4.1060593628838085 0.22649189317473595 2.101396438998689 0.4737014121755832
4.116424754607923 0.2805780339704008 2.0780013175445156 0.5653974166413288
4.096963403908038 0.2989889233479962 2.106558000252088 0.6253737803326938
4.086625132948432 0.19475788287156062 2.110810499106104 0.4002582709809673
3.9888135069167996 0.27080637050440276 2.2948537227591546 0.5460437006812647
4.034603372106336 0.3801242627360981 2.2454675613001536 0.7947175816684995
4.02352406187161 0.22924162481184918 2.2799784163624874 0.46365478351445016
3.9689717898728025 0.2540073995808895 2.361448101880182 0.5255062383787794
3.8935642825796433 0.2606321495233758 2.5476991794857407 0.5242462602439527
3.966735092501695 0.34859859896745593 2.360368683734604 0.7293165964481021
4.325830247827427 0.30845079374588713 1.6523104674090936 0.6399081894707316
3.890939559077272 0.2559017822384114 2.5074438908046046 0.5300464860972853
3.942264795219952 0.23616164735430648 2.4394503150506637 0.4692550342115468
4.136343608434993 0.23109413018460567 2.028951120883811 0.4697400492167717
4.145302572152895 0.2287372359250952 1.9694173572063662 0.47209670846315915
4.045176974770383 0.3244096974457138 2.171522138593163 0.6686056050911467
4.136000577638585 0.2652890343228639 2.010152149489467 0.5322872620203905
4.051504635334972 0.27825143408871816 2.1985502255607576 0.5632407847061394
4.035699288318842 0.2511193395132382 2.241306197673265 0.510074711699939
4.135063943900553 0.18076742816913857 2.0546985451700794 0.37011348068563243
3.81742818148214 0.2579872782296079 2.65263455469311 0.5384051924004342
3.858148087112749 0.17951376258494606 2.5971173726386385 0.36595002393349785
4.042987191164677 0.27642394574988866 2.1893126815753328 0.5610426274196317
4.220758245539708 0.2482041331562103 1.8706446736862223 0.5059656078956238
3.878765035113596 0.3104178929097902 2.5674979808016447 0.6335595977212495
3.866491071186803 0.24525675232551886 2.588340203961322 0.5022405323863427
4.127433862796595 0.22985439446061115 2.0278314894072755 0.4779000146638884
4.133139713982599 0.3470468736823377 2.016440774892751 0.7166509688624445
4.12744605750367 0.23930238224438563 2.04484986448869 0.4896350515807173
3.9947715408868394 0.24468250731130256 2.2899757855011176 0.4984110897013264
4.261877844265264 0.28888161759433173 1.774103484054767 0.5955265852088385
3.943192796656656 0.35860169102361483 2.403702425248645 0.7263749390040501
4.251552262931894 0.25815387404100965 1.7554411562872776 0.5174557366175075
3.949374923709967 0.2818744176466261 2.378458792001796 0.5921427387488103
4.03972819330094 0.20425760084647498 2.260477086129394 0.427317819652356
4.171262019510937 0.31310556009357754 1.9604236306936953 0.6340624831624916
3.992029915585861 0.2740846283483286 2.28150348721185 0.5739642891139652
4.1631272531308845 0.30864023436546206 1.9862678724938825 0.6198389785799403
3.9330871816061217 0.21515238056876915 2.4463712556014907 0.44099465292386286
4.055698221306967 0.29370096771590365 2.171376016125993 0.5931309593521296
3.9313563339856064 0.2533826065886633 2.4475410515633778 0.5183604522203686
4.078276936855179 0.2519753600138541 2.1488714632368193 0.5132322092656254
4.402670276702381 0.2912894777278125 1.4708055292777884 0.5920158869091272
4.0718336120055785 0.2106171407089966 2.1577534494784265 0.43554844438656853
3.983560471264359 0.254352447923053 2.3448188944507145 0.5152778020859395
4.116064262167857 0.28673220799150645 2.049315790545794 0.5807744754752631
4.158503619642861 0.24422973028453462 1.9483918930938127 0.49758084072049347
4.016058695399511 0.30591193763775537 2.237681707607147 0.6215324755084555
4.2059612870959455 0.20287550886837466 1.9106793112570863 0.4092298327290515
4.251661153706388 0.32782466269586596 1.8012354816684306 0.6689903103895763
4.15167146706419 0.22374324774595844 1.9994918416091145 0.44729726154296445
4.085510089796069 0.25253964558934916 2.1193570981405774 0.5119390895311813
4.166495957979846 0.24851760638162163 1.9467998488411467 0.5154836831204469
4.1507977332140555 0.2736944547607956 1.9975787744804743 0.5683859213315885
3.886919337747586 0.267504649181429 2.544514962474244 0.564815417945801
3.9464112037036525 0.20128430581500809 2.372943132161929 0.40586166798873174
4.200625779302992 0.2687162928275101 1.9116181096283305 0.5428298460265244
3.9354993242083265 0.2905239835521378 2.4099004790282654 0.6001026608048288
3.9290314614519346 0.27483207191306724 2.393602816851358 0.5765186916369147
3.9147359728288538 0.25236942972650567 2.4389052801281963 0.5156068821715658
3.805693616544663 0.248165663267183 2.6828435994656825 0.5115049424405621
4.136504557041872 0.2294284316003487 2.0195910761129476 0.4774023954377711
4.079461955237079 0.26583455287622204 2.1271471891475913 0.5645616122006765
4.264131215345347 0.2708157430481887 1.764974467347026 0.5486683686285279
4.127571645248114 0.31507198164911826 2.0026559521510086 0.6461180918570767
4.11615088080279 0.2342418918555652 2.053315260455931 0.4934735189075699
4.180447347145856 0.23002552396243017 1.8767793350617998 0.48262627581889805
4.234157199346118 0.30254609278902395 1.8336225203855507 0.6212195873019206
4.141846685380871 0.27020128387472137 2.001365073839505 0.5581912678376508
4.090944218845039 0.2308906644713412 2.1533943644019207 0.463645655260005
3.826834985354503 0.20719538574210944 2.6742478498672275 0.44021431052929255
