4.470695611068425 0.4104042764634963 1.401114564590353 0.8265381665850343
4.340976793593907 0.384382975391157 1.5607373305918864 0.7905970895152551
4.93123061383595 0.47215837367137803 0.38410098082145383 0.960421890865236
4.890101514071359 0.43387567356621576 0.48914383452372123 0.8947371199373194
4.979185632838265 0.5198326947349375 0.25818147355236765 1.0760786155932351
4.380522625519106 0.3361108009814918 1.513830458333939 0.701407731985961
4.536500989302267 0.41704300315676807 1.1448184317631949 0.8488490000511173
4.650115500174104 0.35913605409603505 0.9933786064649494 0.7413722092284848
4.585909124858121 0.3724463580215848 1.107946992418388 0.7514343841666534
4.477108162730309 0.37001904289199317 1.3146727996941574 0.7626340661159524
4.461280047794453 0.37592311950171275 1.278992618726491 0.7715903255796532
4.865736329965689 0.4468886527114924 0.5407687399396539 0.9247784184210027
4.465913828642366 0.36403492876088084 1.402694106576664 0.7380652514912998
4.743012760363873 0.3282558765400862 0.7169745553885376 0.6690307165532574
4.387876909641291 0.3341628130879084 1.4636674733649218 0.6966751674601867
4.715302069916394 0.48212037702387134 0.818417104103847 0.9899957866589901
5.15155714409271 0.4421023723062888 -0.022813067157253206 0.909432340977778
4.353030191997734 0.3024801632907849 1.5183371240227665 0.6305984467635237
4.48634981856367 0.33925962810175775 1.2901740208875 0.6972496375684988
4.9047433221680015 0.38932015147006915 0.43111656764887735 0.7943415206991191
5.086514763681129 0.43090262820119923 0.08458126068601499 0.8699232364691745
4.5202820605599605 0.30566029760194685 1.242282561937274 0.6272831982332879
4.304167211499132 0.29569246157651974 1.7029369474018945 0.6053022181292728
4.819617846720697 0.363703665981073 0.6172991462294637 0.7521865219407997
4.6847747479985316 0.3793160001427793 0.9058007116881288 0.7957576427495844
4.723252408018505 0.4045272160736618 0.8233074171996757 0.8234188044644974
4.579140615369505 0.3647718381396331 1.0785835329671236 0.740630922079399
4.5228758325756875 0.45662460182662434 1.2105512294641585 0.9455938109486824
4.8864869708824195 0.3936478587379564 0.4366223587240611 0.8127363702748672
4.979122147943098 0.40585308740169 0.24666220326730454 0.8406396799750779
4.670775266128157 0.3558293407130568 0.9804758321448694 0.7310186298835037
4.297081434441434 0.3777452889271929 1.7074426680275612 0.7718204554543955
4.898772222772157 0.4631504368364669 0.4192586880790973 0.9602558324430925
4.787491640870613 0.3465012197704208 0.6357671654128672 0.7105699802692365
4.489736657767657 0.36200008289486296 1.326435936485572 0.7352203310875691
4.25359199025144 0.32819607256860134 1.7856716387087452 0.6766120412534657
4.809751668607975 0.3295848490622312 0.6693604986359788 0.6671801774581566
4.41903351658207 0.38119132908402886 1.4318467754727964 0.7880321712023494
4.720452431851431 0.3803608626531921 0.8280348333253074 0.7894833603966394
4.548994132491937 0.3611909053979723 1.1996337824852465 0.7293183582458935
4.3319213704175095 0.4086431869819861 1.6137994918049765 0.8256678464174676
4.496990661747954 0.3350773277605282 1.3121334293207185 0.6792348109680543
4.734771631542781 0.35675394034368585 0.7674844011241202 0.7381980981842621
5.175819206452633 0.31670605268700514 -0.0999341679056952 0.6449961176240819
4.307358644709464 0.3718531809140799 1.6988464683248372 0.764934647506398
4.783837450107493 0.39799192992803983 0.6738937343705225 0.8198302120226355
4.166662658622004 0.29112844722765446 1.9541552874518264 0.5838744868937609
4.781761718291818 0.3813406306233262 0.6542217542576183 0.7843310292807864
4.943842148989717 0.3799459842698724 0.38748136623457197 0.7731148588453188
4.675440565987307 0.4410543210883927 0.9644817368204532 0.8936123014445584
4.149286699593244 0.28674096154962364 2.0177388034355115 0.5822570411922876
4.832042449225145 0.4193472021473339 0.5861277441495855 0.8620438612080307
4.081025606886918 0.3085170110221292 2.100066504385394 0.634709800921412
4.651146538428538 0.3644663205262961 0.9792468927704772 0.7521341268153755
4.960450603781105 0.43272921634947537 0.3504682024354133 0.8235698126844849
4.403100602623491 0.35653834107133875 1.4871939469141702 0.7299035117731338
4.3214754369372645 0.3110181099001401 1.6408241369081045 0.6351993406915937
4.092755644141523 0.41802494223473474 2.0981489005166427 0.8578434712993666
4.516553427113509 0.4265262434695226 1.294128245366879 0.8632032429031307
4.385667884203764 0.40171886975281823 1.4903709689466065 0.8096362518997602
4.569835633665681 0.3544850333998439 1.0765443316046395 0.7400313079659601
4.282416962793883 0.3195978977623106 1.7273704684373943 0.654123196554221
4.531999151706118 0.4547183231105098 1.2558366643334162 0.9227609285199142
4.397207412142938 0.36363324453463236 1.4869104009534213 0.750246714286627
4.547363105639835 0.32987764098929384 1.3021247780213403 0.670257509134657
5.146838722401146 0.431843205579753 -0.12066310493055639 0.8856185570650867
4.654171503805392 0.4182090755572041 0.9977983482524814 0.8639607747642418
4.578705164144255 0.28265596257584114 1.1439092564842537 0.589268630813087
4.689588160611915 0.49337456594089807 0.8659345668522807 1.0169571641753306
4.484194665998365 0.33154291802386204 1.237283902067989 0.6665904274125001
4.496097591550724 0.38351264918346345 1.2759960059092468 0.7740491888706347
4.468324393876452 0.39947948712482095 1.3793020221507795 0.8127083281722528
4.414293732069769 0.35060402567340526 1.4799789124016394 0.7254984226858745
4.8622164823536185 0.3491710112768082 0.5770696419543793 0.7107576315279518
4.523929401703983 0.3793428430825179 1.2350982154186598 0.777444283471873
4.511822632872983 0.3719121371028627 1.2674045567830754 0.7579736607087821
4.389598560122389 0.25199421209170575 1.4892364158414702 0.5139848633313118
4.760016191087965 0.3803942369155566 0.7391235262016365 0.7803023321713172
4.667008742055673 0.3559764722280211 0.9168717450409296 0.7343635662048319
4.364939222494813 0.3981602371958009 1.5185391844665612 0.804872681290909
4.276524498128012 0.3534605954669342 1.7498778271707356 0.7207112731009276
4.833359524887014 0.4014619728639694 0.5735566754779121 0.8173070022688493
4.638210472188685 0.34783045442076865 1.0374442938348554 0.7053670480230757
4.522867259296055 0.3106738098360075 1.2698801573532639 0.6320820896050007
4.699105405364647 0.3576194119701923 0.8807096607263696 0.737166830226927
4.440044971669629 0.38027148172725705 1.464336057664989 0.7828082617925549
4.872729656182282 0.38744491450167706 0.5041137908100373 0.788057857423262
4.037147478396616 0.3503083958201522 2.2043442497610277 0.7253218533049755
4.634251319403378 0.42225566805323017 0.9378616003386873 0.8654059107271193
4.122934540853636 0.34201657776339817 2.000707223590334 0.6859084394311167
4.626848478106339 0.38821755132391644 1.04699670031098 0.7923924044373877
4.671319698442653 0.4105577159284526 0.9272076577880641 0.8350290777820525
4.493997086291165 0.3961463630996922 1.2513029211448898 0.8087663655615658
4.784785738056963 0.4334454454166586 0.6517596865742147 0.9002268558704718
4.587587478631426 0.4198576247938906 1.087499556630528 0.8663885002823901
4.36593902549747 0.3878707840009569 1.5336911358970156 0.8000556933349059
4.772539227971086 0.38494636877285504 0.6952586385808566 0.7828099254930435
4.747600440169762 0.3728795519453049 0.8164433701350113 0.7570051550923199
4.221412529155196 0.38940778856936403 1.8852125505128345 0.8025935106927593
4.806507771927822 0.4430049850172859 0.6330435440642159 0.8993445280922459
4.0381044522561655 0.2803158021385029 2.2040451863456614 0.540194894574809
4.70492394284782 0.30452025799324717 0.8551386525814474 0.6243532470078127
4.471226636597428 0.33635153138536705 1.270010130668184 0.6933846887899383
4.498180552034437 0.37436081685020345 1.2161144363849352 0.7676657171792683
4.745626005547262 0.35095215901541904 0.7541678575743451 0.7225768350885312
4.963204857140093 0.43905523084414216 0.2698183800579585 0.9088465592777897
4.495517462865871 0.40376564149320987 1.2684053795691925 0.8340469297861872
4.868797760938083 0.4370235345233328 0.5994783327708462 0.8647116225501624
4.718013482350976 0.42286263115567396 0.7977894185712039 0.8650434397457113
4.583119192505077 0.46525507717002573 1.1209041290249602 0.9512623268604631
4.257150629888635 0.4408727187546763 1.7737423416527323 0.8952284406550476
4.464526610661955 0.39363931779804934 1.3581135457409763 0.810607491931559
4.621304836127014 0.3696883688634228 1.004608874766458 0.7535334533224675
4.497832084562997 0.4514780534550084 1.2801727634680788 0.9210617905858246
5.198990883067148 0.4769854253224178 -0.1299996056482864 0.9832101318425562
4.2309261355200825 0.2974209190236798 1.8260777909249846 0.6069969272321736
4.643723188745543 0.3786723187206581 0.9699464480736013 0.7848726332479273
4.789828626048473 0.4634297008063521 0.6734143705362736 0.9588244759518104
4.311097661735985 0.34409903540452963 1.6772578555034556 0.714412024320628
4.503941430054681 0.3541211269401761 1.2530258423839036 0.7314265696315089
4.527149110152336 0.3970486101891877 1.2060245819828608 0.8172140392067687
4.423245137313106 0.352472999652548 1.4354179777021723 0.7325188171329344
5.003232736702953 0.44957947795250763 0.19723685290623863 0.9202370904657363
4.575686065744184 0.39472328392598266 1.1034255404090212 0.8138895187247154
4.839956270113179 0.39806920709204047 0.5322898129537033 0.8331683545483264
4.858936840679203 0.49153600668700376 0.5451520653311716 1.0124023481111155
4.803952711060745 0.4104031807229992 0.6367384878210842 0.8430809480897548
4.565157874554341 0.24628163227305203 1.1824527595030148 0.48574976039208373
4.853443994610204 0.399096486302872 0.511438013318561 0.8339894973584323
4.819967386247999 0.459156340008742 0.5843008751508764 0.9572133729545973
4.682209318063022 0.41636591763426734 0.882221092630629 0.8539355835740874
4.509162575600102 0.328508453808894 1.2632895477077732 0.6819901251822044
5.048299128854187 0.3698049167281341 0.16584873607300327 0.7640949096609516
4.4700429207674865 0.3653834244939271 1.3705531011224004 0.7583056411775994
4.779502694694436 0.3378192179193407 0.7153322255921319 0.6979977025443114
4.727604146467229 0.416843945440659 0.7761229427745907 0.8591510701069024
4.6554237779710395 0.37193628493390396 0.9846608949744367 0.7609214041296181
4.605544400199063 0.4082116620889448 1.1143187238931318 0.8228472184381124
4.6940048516576685 0.34759733713451074 0.9338793024717073 0.7029840823933367
4.5283079431453634 0.33173834672956076 1.1988568403574675 0.6784678340224346
4.511012635692088 0.38563735551442047 1.267746040992507 0.7911006756842017
4.418523476745458 0.3547358753240762 1.4614616737738344 0.7304099170592054
4.90349013873248 0.42624510580779107 0.41263618220176956 0.8612235624040347
4.216620428586536 0.28662505936505284 1.9297176341985585 0.5887311769177183
4.515401723457462 0.4014147590149088 1.2728600905786884 0.8300408994824485
4.546829195878196 0.4503008271148361 1.184122324010576 0.9149159941621681
4.517290814315534 0.3822746752874812 1.2670147547292803 0.7868191352150562
5.16643136830596 0.36907908172118903 -0.1994472957492973 0.7624807644034566
4.483308421114894 0.3485260527188124 1.3223282408147745 0.7083593510707348
4.438588194346108 0.3536047451796765 1.414499059436967 0.7250310364982682
4.566455501052602 0.40040955186366234 1.1023664541569778 0.8212273936828397
5.172760564003983 0.4267133150561948 -0.13074521938661798 0.8783747275138062
4.502461327901688 0.35807655702936364 1.2686010537459782 0.7352765404170668
4.52625614213531 0.34017413954618886 1.2429944987140216 0.6974542719682663
4.536076491460308 0.4743124514156788 1.2050526425159396 0.9828179796223168
4.829163818354095 0.38738339645444636 0.5775094759476356 0.7932606085160016
4.635047297646874 0.35881923220880585 1.008837662038889 0.7478547315053699
4.644128837448568 0.3997446072329461 1.0249265853109941 0.8132599662455131
4.578388808441545 0.39064336215243384 1.1226395623187306 0.8019400257619259
4.569598442867039 0.3982384892748012 1.1315846143149442 0.8198225566472975
4.729525367891916 0.3671833935959623 0.7900296506043543 0.7540193887137819
4.375226265242782 0.3182305748683261 1.5800313328123519 0.6513554840328282
4.753032844383131 0.390846765347955 0.7437720318492441 0.8042617144017795
4.711479833889543 0.4285304333268383 0.8599282132113983 0.8771028985038581
4.699536164173991 0.37028027334027536 0.9100474203769529 0.75213994662786
4.781182247311122 0.35833355590820604 0.7467793922389621 0.732015992449866
4.713138679752693 0.3659810372630133 0.8262730222378449 0.7435682114881794
4.83563889748959 0.4325181416408503 0.5546108904045559 0.8909843149286084
4.996818594533606 0.45887247589579505 0.2869224537262416 0.9500651812670085
4.531038434612922 0.39348936213086433 1.2092419470441054 0.8046597703814722
4.773231492499123 0.3832478960673398 0.7400472276225267 0.7839526237406307
4.71988862899891 0.36345063092536517 0.8048221551572037 0.753066678975819
4.1879811351149545 0.3120632175470625 1.8739576847703034 0.6475514604620739
4.830925728861342 0.4066688542861367 0.6399687669020035 0.8408651343827943
4.756319303207567 0.3770470929182625 0.7069157096458039 0.7832385317948463
4.302637694889875 0.36063020164239007 1.6647856411992041 0.7445324128301719
4.775845896348812 0.3545980763215024 0.7520473536096938 0.720915122795982
4.520880816702703 0.3473259467643047 1.216092487436521 0.7094944514151399
4.565563841005493 0.37380964855856663 1.1203755917859706 0.765638899484015
4.7466519419001685 0.4133715642731784 0.74549876593454 0.8531376876486083
4.346772487484074 0.32168521984411297 1.5575811151409509 0.6711544693594499
5.209513219473353 0.44204885303618346 -0.15995317363335942 0.906245875827085
4.456588260985566 0.3173193382696511 1.3287438654611665 0.657779665128066
4.818662265184319 0.36157924306761424 0.639687929813225 0.74916931517696
4.602895864270119 0.39923859672331335 1.035149838638283 0.8094156319481165
4.43462501383755 0.3765136195124021 1.443530828823349 0.7735495358477548
4.979016279169061 0.3216956163857202 0.26304116273579936 0.6555608491539608
4.520692018512539 0.4823163155025884 1.231501986909656 0.9879758081929658
4.474796201201192 0.367357677623515 1.3193773013949626 0.7576683490882188
4.881500866942971 0.4743241406449605 0.4854533482289113 0.9681809999991811
5.177921731171038 0.5212938680886228 -0.17329864911746234 1.0607629533093665
4.541036848754791 0.4326674937749496 1.1790302160925035 0.8991347286236689
4.632908052368593 0.3243351954031589 1.031451929152694 0.6476325446897969
4.344851256122891 0.2988390017042473 1.602642768788805 0.6129112287394322
4.764123750531829 0.4060468702461629 0.7758075602969732 0.8308051352861194
4.744102787169638 0.4387625771656138 0.7779214523093692 0.8930176298829765
3.9122773318269264 0.3656699148097923 2.50940425615894 0.7476466564430562
4.764643121057896 0.34332254610755997 0.7513855983062225 0.705414085800492
4.526075006941198 0.33710577359892757 1.2127297166690818 0.692968018539878
4.266898841236657 0.35773889011098003 1.7947509470384428 0.7286714301174299
4.52476843291179 0.32117936183166684 1.1706298803532684 0.6753929871289752
4.452567088536334 0.3439686114059597 1.322282921424377 0.7045812558721268
4.745300698959535 0.3785264896861815 0.7704520374423769 0.7792690558395549
4.264992398365832 0.3943023149383512 1.7557815541217645 0.8099873652901118
4.260501733461825 0.34831102388414525 1.7780569401947939 0.7112817381095603
5.016231215813583 0.43445973441156455 0.19185099374507608 0.8825522776635759
4.259910712353187 0.3403376310680614 1.7959244601885596 0.685809746697761
4.527060966791044 0.34915067494348867 1.2239441867037035 0.7121207287486399
4.500417337233496 0.31983895719358074 1.3104155918129543 0.6484235254703566
4.515899266076111 0.4094519045214726 1.2655335305792637 0.8388974228703231
4.736343539175195 0.35747279348315175 0.8788552095759539 0.7182345975888074
4.900159697145643 0.44089445557620416 0.4284830457850869 0.8896961605842667
4.717189841505139 0.4805941726188564 0.7856081435061741 0.9838613983656603
4.279853728566243 0.36614131446317855 1.7348305054475428 0.748528512023756
4.330883087116249 0.3222933176252982 1.6000454901427528 0.6610321263359141
4.476571653824932 0.29978927634272007 1.2904660937933063 0.6174200401268338
4.83976632925228 0.3817247197855951 0.5403960057426364 0.7855844517114712
4.471689987905544 0.33395057021459407 1.3235479396756962 0.6760269963679518
4.6868954057093415 0.2142250360891187 0.9096813044465581 0.42288439847182396
4.727068113327707 0.39856764724335797 0.8381308028983048 0.805160309023345
4.866833353480702 0.36038451941237626 0.5517153940660842 0.7372883849950835
4.481909585019259 0.32740689696729036 1.3449820899143967 0.6588768755992211
5.0108656494456065 0.37142196563798574 0.1934302121852635 0.7599983606435976
4.468945111863052 0.3803583230264065 1.3451991680708242 0.7726943514830787
4.461352299714047 0.3160749139812444 1.3494091338992416 0.6422682456964726
4.662005520139152 0.38326950751508404 0.9281494077574112 0.7832348691827385
4.5599899035855564 0.4493637370105674 1.1527094297249474 0.8963014304039639
5.00164113002025 0.43448198921034525 0.3303699005769841 0.8747319863800584
4.729444567959286 0.38249225096416173 0.8740974802301701 0.7848049005354479
4.4071326719752175 0.3290108602930262 1.4219719665230117 0.6787306220484088
4.458259101838419 0.34827120861606553 1.2852509877228617 0.7304942238674085
4.663555059276019 0.38955181454714494 0.9504101902047712 0.7945964132388701
4.845372306568608 0.499430726547301 0.6130280591381398 1.0206534829023797
4.355353674723752 0.3637770749728185 1.542095684811089 0.7354176543952337
4.2946720211842155 0.2982388127486428 1.6556268449032365 0.6137583854147102
4.697216720524678 0.3706231614523108 0.9014478974274398 0.757173516726191
4.514174202343452 0.39191278460766793 1.2163672634659823 0.7996369344129319
4.6934118231783035 0.3490877966724888 0.8477095235861449 0.721407203233056
4.852270458626564 0.40047202535734716 0.5621015216417293 0.8245981384747978
4.9708004061997215 0.3674947039693708 0.2952985204861664 0.7617620413029513
4.830180104977765 0.4056314647311708 0.6529325183973432 0.8369135425210497
5.058664475547981 0.39552618537117923 0.09810958023356137 0.8183753075313842
4.652814625895125 0.39708641547677237 0.928941001415302 0.8092589169318134
4.683154398639672 0.381856864012067 0.8846927595848262 0.7645512783016073
4.764724938757378 0.3089452131716114 0.7706072603053953 0.6345293682420657
4.850200403600167 0.3336813012862881 0.49455987456341494 0.6965827189564778
4.542150192146462 0.4328485345734959 1.214785196022059 0.8698463528325759
4.5768497702425766 0.30060082227645085 1.0635780476979124 0.6091678890785516
4.543797485231606 0.28702479445309065 1.2839595732429756 0.5682436463537318
4.331201522580037 0.3353584810142258 1.6015014015224232 0.6894963464918156
4.780896733791765 0.3693836571420937 0.7733529010743081 0.7521801968798629
4.963815754258214 0.4345586395207267 0.35274279512968293 0.8842842344241716
4.524116681786543 0.30898267353994346 1.2321545696824956 0.6451096897307512
4.683315385945151 0.35335117320320436 0.9279025353749105 0.7195624230745058
4.689785203308907 0.4152711041082891 0.8812114167487393 0.8515442407818227
4.9229086419729295 0.3103173443464819 0.4013742049664958 0.6255816621270337
4.521601337266625 0.3038251742124921 1.2639796145145037 0.612691571507908
4.732158383155625 0.24062608597228027 0.735247252606192 0.507072893508456
4.480096437868298 0.3945078388719592 1.2922720221575212 0.8171281740238774
4.80153078322878 0.4384602735474634 0.5990183178281885 0.9147112752071368
4.544273906907354 0.3695881392254737 1.197218281299033 0.7539084459749698
4.374556138139788 0.3595927362203052 1.5164140257623426 0.7437836388602268
5.078085767184568 0.40794438915277653 0.10342277001753225 0.8284013140513652
4.594581692215664 0.31486849976905856 1.024328408974457 0.6476534729828568
4.46376671850633 0.41368337727194443 1.3257910102159234 0.858730505413058
4.82162643985661 0.35912974454084795 0.6263342011801835 0.7437354969196628
4.4852765039802724 0.3532180477966643 1.315728278688681 0.7176509665689655
4.4265750455280415 0.3970164309179732 1.433814053761584 0.8166634437575907
4.556386234210917 0.39388150579366127 1.098465413424664 0.8164864857457432
4.505477099845211 0.3798785360394072 1.3142246572850647 0.7875894409936
4.725688865166041 0.2929273415519632 0.8319301048933069 0.6046944288352534
4.278713503171139 0.33743274386648675 1.7311095299880226 0.6783338610236209
4.882135451736119 0.4454458489700781 0.4654157655183643 0.9105613404613968
4.487526044171441 0.48988384663569406 1.3490672965753885 1.0010979184495152
4.698296024142916 0.44170973002076436 0.8601957036846328 0.8997340195998509
4.869101309109601 0.4010290974740181 0.5389274259802067 0.8221926048343433
4.720096292949677 0.36747674687754484 0.8432767640204615 0.7603101523402104
4.518416189158387 0.33444573109823517 1.2072344656564842 0.6891062804769641
4.522668396550758 0.3862951748703397 1.216789228523742 0.8017908500580326
4.72489498479591 0.3954004095176697 0.7761883337124205 0.8206884526468912
4.525366996736057 0.3057384515550441 1.224747951021317 0.6205916200486951
4.499629391390161 0.4086513222329983 1.2488418467843552 0.8455797624942495
4.290263493622274 0.26925433813941874 1.683222765311721 0.564057541198092
4.437839865452009 0.3479172415387625 1.4264612147553666 0.7066334513135738
4.804784243065633 0.4074637007065737 0.6493623927842265 0.8343922677252686
4.630746243652059 0.35826936906847173 1.003271670329513 0.7451833280775796
5.009070955931371 0.3843005651780618 0.18551510856941397 0.7938437668121443
4.589138391333156 0.36813244543438906 1.066067816154224 0.7515575128305063
4.617211560822831 0.38819267264535223 1.0120675185408476 0.7936093558369013
4.471117253600739 0.3757518807364468 1.346289749293779 0.7724511578112843
4.457958008894013 0.3456724480362583 1.3783569111633294 0.7123766357736923
4.907445272032346 0.3726234415275893 0.4081498591458421 0.764247704289778
4.586928894772526 0.3272275303753251 1.0788290016170095 0.6760568404415966
4.682745498824021 0.41224675250468196 0.9362593506859598 0.8386449637899698
4.60307605861029 0.4287097568764257 1.0221538060979305 0.879121748568432
4.343036060802963 0.42438908486714044 1.5626319199183238 0.870333014312962
4.53552880558647 0.4340655419358268 1.2311629178718313 0.8765434953386186
4.756457519262662 0.3519162256132145 0.8080639094182472 0.7230851985350049
5.108336353604623 0.416146858959251 0.020846861753388166 0.8327907276738885
5.060344156524344 0.4417524100561773 0.13821096751441764 0.9089850177310717
4.650246136587504 0.34169192440915613 0.9690590049787968 0.6988650201866454
4.623991724633703 0.45046520909739707 1.002658199034896 0.9336987484560699
4.586876412525063 0.3966875468278148 1.0426879056483662 0.8194518255317474
4.242633161910024 0.42596459787864843 1.7283619579239233 0.8862858561151502
4.663569626952518 0.4702735882569575 0.8857194317498798 0.9471434500461354
5.008867095957324 0.3382547966195807 0.17432474688993208 0.6937493059338924
4.524765257848471 0.44658574742145635 1.2476462120842946 0.9112783655187442
4.500444196340091 0.3943618539397128 1.2732608331031505 0.8230923962420571
4.584086500276705 0.33553398558172626 1.1248289441101047 0.6805757594477339
4.760600315714065 0.43306495573966625 0.682426593974451 0.8866246832541708
5.145731900795381 0.4632539115311279 -0.00802300217028648 0.9404377224532695
4.579507314228627 0.32649069914672185 1.096402659957123 0.6766890123781769
4.894721382350686 0.38288390175312387 0.4435718138453547 0.7913806744994359
5.051723142142108 0.3504037967544228 0.11449914570346953 0.721692653090438
4.753965243108096 0.4224840544725349 0.7679973021538515 0.8711482920894572
4.808167624982633 0.41536033941828 0.608153970933909 0.8710177352478302
4.57734704483682 0.39656821320488733 1.1637366021757443 0.8099472018853111
4.628411755710047 0.3654556872472478 1.0054304672053518 0.7503386362579693
4.600598959406006 0.4250384319731352 1.0832496540952714 0.8643361590637461
4.795755084765307 0.44316147909699416 0.6871136867105825 0.9022779536712568
4.672652015833913 0.32202182406707164 0.9491148106982279 0.6489412714635614
4.276598477966731 0.2697961828439641 1.7299478429377753 0.5567207537854211
4.5431305675776175 0.3793480301383134 1.2045766713756505 0.7719499360166364
4.577760894410465 0.3862733199833796 1.1346617756965718 0.7884889758326586
4.246153337938592 0.3487203870790985 1.754229521375461 0.7236505456910938
4.466596901970876 0.3499945556928951 1.366941488212019 0.7150187629527268
4.712474992102303 0.43512596107077994 0.8161365866994413 0.8984989189728717
4.6267599531067205 0.4541928314868075 1.045222389709298 0.9387697343253901
4.5041565201704215 0.4164553341408185 1.3231947817113938 0.8433944791182534
4.847072644474171 0.42692235979478504 0.5375237519727916 0.8741644296536321
4.455904433945014 0.3872759195270659 1.3240257634792423 0.7968072760793289
4.58596030840282 0.4091489408718807 1.081694383866295 0.8305418744019788
4.7107307933756655 0.42288893549312456 0.8696751018486586 0.8662478115355546
4.597950695034896 0.3711867535832412 1.0438554078860112 0.7716197257115189
4.848945366751303 0.36196113812048714 0.5193021096418158 0.7454350432689636
4.857524979186439 0.48202678796403203 0.511594383505107 0.9927967054300965
4.768917374886068 0.39079620659722253 0.7515920499091695 0.8052268635169888
4.71282542646505 0.428243914133148 0.9351833763418858 0.850405862473026
4.5793949593501555 0.4027310593690085 1.1614817927597085 0.8157899853979559
4.50873340143856 0.29594525951127343 1.228408461659728 0.6144685101213265
4.551258454473597 0.4272193992853374 1.1555878732767648 0.8721561621030586
4.423767478837422 0.42645921144374993 1.3751570936354283 0.8925661677240652
4.587461550955034 0.468410931920686 1.0861206223235906 0.9515770217046717
4.7666663590497 0.3631781606430179 0.7278097728081793 0.7428415874740262
4.769294506407192 0.40815711228923374 0.7875021338344304 0.8284951935062902
4.9438008868778525 0.44502536625922356 0.27759331067448323 0.924968632323525
4.819532963251186 0.3830786522240227 0.6511753825440159 0.7890541245931548
4.616071987600421 0.31187736740400684 1.0373994552313976 0.6348212083712201
4.5286688248416205 0.37124560499678705 1.2378136068821026 0.7619760317680391
4.162562655684203 0.29933558326714926 1.9887392010505178 0.6075484801896978
4.6708547667601845 0.32962539839992544 0.9206751236291209 0.6821090867754379
4.858366299139318 0.41930454740443585 0.5539468140266594 0.8586683585766767
4.441944101617718 0.4310475884949151 1.349930207876237 0.8874850233310937
4.397435010253445 0.4031298562524999 1.4991774454852826 0.8300172546230263
4.244899947536576 0.28235219372224385 1.8113078256653141 0.5883662680462333
4.386538434683882 0.3808968075874334 1.4677336070382434 0.7842008303483571
4.698723779789338 0.4845647863574489 0.8320345358399341 0.9962382140143322
4.950724955489728 0.40622028515120356 0.3571152237741442 0.8366592433706456
4.73260747147505 0.38451803360697423 0.8011445287217724 0.7891840089528533
4.584521397791502 0.40043300542433524 1.0857479629139686 0.8146678008152639
4.278891945029707 0.40110413308434045 1.7411746994473134 0.8257064232073205
4.576847334657924 0.37034154580770234 1.1371585095932826 0.7572590338373154
4.58168259802781 0.36020409779399637 1.076503291235849 0.7505882864047406
4.795613921686211 0.3238468231923268 0.6541228607395335 0.6685623048266457
4.5244534910655725 0.35591834874563405 1.2479898979594108 0.7191387584778094
4.554110487298873 0.36825638402191707 1.2159542283959648 0.7415239359102359
4.744335227551394 0.4127749803983867 0.7201121904356955 0.8613463207186928
4.570577014215731 0.41149292016222855 1.1485375045632236 0.8565971899236781
4.583806858202429 0.3393291252684969 1.0707445454152533 0.698446989799797
4.362086777692514 0.32695348762122783 1.5309695230891234 0.6762911871278348
4.8271042458679165 0.482676022745136 0.5715140938001763 0.9839000372925459
4.435922466702744 0.32216694051911837 1.4081235002349755 0.6520063386805048
4.255658334942803 0.3641691856953168 1.7725343073413513 0.7318580620857382
4.29144131616622 0.3119894681705141 1.681847263703041 0.6448102528659774
4.650320926032769 0.44605760160255287 0.9522280962243477 0.9257895999670971
4.620285247772772 0.3627658829319117 1.0021747449392375 0.7528034818041387
4.852619474551648 0.3863918431361339 0.47076809660553676 0.7967554086209512
4.599805413625706 0.39142590171749475 1.111946360118262 0.7896257405630065
4.745797955194904 0.45496604476841357 0.7905976886958581 0.9147001112171652
4.561607373472796 0.40110728534182283 1.113287631309711 0.8229570483895623
4.197692078851538 0.33776803542847783 1.9400067757258392 0.6906613831792892
4.7905171512585865 0.3988041810271636 0.7210847117492889 0.805756122582779
4.75149500072809 0.4698454795005254 0.8150089578438099 0.9598019667888525
4.665370123654027 0.3652958507808206 0.9295170815130214 0.7384278042269112
4.605936749999144 0.34973930972008477 1.0215372946043004 0.7151664112799943
4.5765772541170815 0.37883081461524326 1.0991182714662497 0.7800772354177508
4.448334150534301 0.3668944116176561 1.3753839250102773 0.7394988480203664
4.6376439949911035 0.3732923982101703 1.010212616528115 0.7599732578795027
4.663089855353999 0.42478046787518625 0.9571832312311614 0.8734411019508865
4.69615842220215 0.42079099166099876 0.8843293430699148 0.8552230032391935
4.937768512800648 0.4704185764994207 0.4252302890680664 0.9675169981594454
4.689127984619758 0.4181450728367354 0.8920783945468646 0.8586417767669673
4.52935155231901 0.3951130063385232 1.173099653960672 0.8216638227636831
4.255008297653652 0.25003093837411006 1.8528822804625542 0.5085384095276951
4.560501314638607 0.43091012795537437 1.1180277348390442 0.8887446448775973
4.423209493972367 0.35073757939209127 1.4195979969702415 0.7112925547517489
4.604491972640972 0.3290591782846343 1.0708076261378237 0.6845918923307307
4.635716816632856 0.39423520770875004 0.9183471917915249 0.813829259151164
4.851733773671704 0.38722189979503335 0.4995481801636621 0.7970275385044636
4.525412300313812 0.385597639281096 1.238623409378906 0.789299349562585
4.8299799667399235 0.4708727840642094 0.613905006281944 0.966062425427144
5.0481594558922644 0.4280183109470617 0.12412345146255604 0.874916880473005
4.542130173894166 0.4518912554826854 1.1992656722471078 0.9181070611232484
4.59097919084454 0.3778537718857691 1.1231560124646196 0.7614623079504595
4.663747631293706 0.4555811158141222 0.9554442667678902 0.9222670167136938
4.738746455002513 0.44756847052703597 0.7346997530405754 0.9170935334148942
4.783574929672302 0.4309404164293245 0.7011262629579056 0.8811144772168976
4.836733276067832 0.48180134376447736 0.6362936404025467 0.9840919730816627
4.613320016791368 0.3482108879879751 1.0175558952472827 0.7239104438823294
4.629814877393915 0.39356940975204435 1.0466294117375516 0.8125298184036727
4.785963723402788 0.3811803807415781 0.6238903498350854 0.7784013903323502
4.834436465236495 0.39015869595000524 0.6194686620875836 0.7985748747715702
4.792747162059182 0.37997737682281923 0.6971169400525477 0.7735764843661216
4.874633088245574 0.27371221678975094 0.5202753060191412 0.5593436750916474
4.543682542609041 0.36561333728245243 1.1676976018095835 0.7543946567857668
4.702775149911245 0.41706243163737794 0.9007039127552066 0.8673804475318536
4.3085047665753065 0.2708584414492475 1.6352668103440888 0.5564790660976208
5.1568056286944355 0.40991832356951263 -0.0602548970523405 0.8505883590983337
4.611442915515429 0.2481488500309018 1.0754828830593954 0.5129517018083839
4.4483169997167895 0.3660771190159601 1.4005915134881919 0.7507816487786672
4.898179503486532 0.3887576300431125 0.4238993073299513 0.7980687615553518
4.764825011645524 0.33373295147403576 0.6761375807399884 0.684756519512593
4.514052896380326 0.36435727378523786 1.2414407675439487 0.7402292932586938
4.663010520320863 0.41698148976591637 0.939738797000206 0.8612114176856638
4.466853287912816 0.3858140646570749 1.3727816057973743 0.7868615173408284
5.192530555479777 0.5256953217867358 -0.2154744517309622 1.0790439110837793
4.801790861093664 0.4546861610670344 0.6837374836760115 0.9358660520947671
4.6649228989979505 0.40555080533133897 0.9293579986138398 0.8457459554093083
4.604108676649075 0.4092088556234232 1.096105695727939 0.8341535018053792
4.434778729380383 0.3804113612455337 1.3501739516658686 0.7831554064184034
4.448788346406623 0.40404670815686444 1.4005639389791988 0.8255875339546742
4.425814190500119 0.3215925334575369 1.3690945425806005 0.6576030726860386
4.626997217733174 0.39672510480121537 1.0680885294963038 0.8108820084735049
4.877443805166399 0.43758327209055126 0.49351511287019645 0.8962127882657481
4.943379629992808 0.42126845377342487 0.33915862379680417 0.8556125452790259
4.544749455003059 0.4316230350880392 1.1601052090618815 0.8730724226240452
4.654663446586533 0.36022764605972635 0.9509737207843174 0.7421081105901637
4.255979568310273 0.3317667038106148 1.7683574276243892 0.6788184176185373
4.4744461767172705 0.39243771120844545 1.3225074702896078 0.8148228317424753
4.560588813767236 0.44096866810796903 1.0918882719511824 0.9146642183612503
5.347599560006544 0.33324895540959854 -0.6033023729627514 0.6902167430470447
4.286561033587763 0.2576388214861498 1.6827498991952936 0.5262912065880199
4.335144431834921 0.37830282707924867 1.6290108079016545 0.7649057941660037
4.653870865515094 0.38753532898473214 0.9403097268441334 0.8073983447163671
4.724006595935398 0.3729182212947521 0.8601482565027048 0.7650305897724067
4.670190983855452 0.46469454204557165 0.8876215995608114 0.9376189185514402
5.13473223912869 0.5023421648535008 -0.05012000732080191 1.0341612643062896
4.683916017370681 0.42579652494230635 0.9338474381587407 0.8734646760091654
4.609753282823278 0.2939490537191778 1.083778623211539 0.6011725104552824
4.7367192731664725 0.5477055760907468 0.8097255926251012 1.1076183366746448
4.614856323780845 0.41028393011016795 1.0687279900162887 0.8359542373286588
4.735948941532187 0.4059632298908131 0.8387507830459 0.8269506521487587
4.785919368962901 0.427681736054681 0.7108247481448816 0.8754088625593561
4.774332844378649 0.42043340926960654 0.7102646666030038 0.865843719292474
4.372763327014551 0.4240894634286383 1.5425996341731438 0.8501358919146579
4.892086108632588 0.42117356232803166 0.47222412303421973 0.8560443100920823
4.87892982957575 0.47918585826389026 0.48575454778823207 0.9777562736461122
4.6602011008860185 0.3873125080337447 0.9301463440053184 0.7910045838093357
4.583434500279072 0.35854703777111085 1.1056988790013538 0.7327918153881471
4.5974605249758635 0.29475477860346333 1.059989860378809 0.596583511688636
4.675749540673085 0.42788535387608584 0.8654141187399054 0.8868312327566998
5.229665969280033 0.41940126581845344 -0.21643372061960084 0.8402494260465017
4.234329073359964 0.32690815079926855 1.8155152508881935 0.6686925545694681
4.400963572959977 0.3556687104162013 1.505996408702794 0.7129843595203741
4.150504478731503 0.32354836930617054 1.9782984985298162 0.6630628473049992
4.722556694687861 0.3233691876165424 0.8503685187152079 0.6556499596945171
4.873260705203329 0.49083521660596097 0.5078035411000803 1.0046312124694194
4.455825090741438 0.37875431384015523 1.3982618597337981 0.7727227199517168
4.683050658310889 0.3503267372561577 0.914445416976421 0.7162926260953322
4.547521900120829 0.3544393621338798 1.1759150885611303 0.7185435224850057
4.710813235362239 0.37007605231380697 0.8369050477709673 0.7562764719875548
4.625517573861386 0.4339259198688308 1.0333236228319107 0.8853788067218863
4.275106195027405 0.35700504348567175 1.722730270002755 0.7124961172373365
4.60852173147608 0.4141797803738382 1.044540100054964 0.8483504947614545
4.495625085409145 0.26675644053354586 1.263452789768413 0.5477075449328195
4.688875579430778 0.40001875270567216 0.8956769783163939 0.8225958647394733
4.893386898118624 0.4267062525723351 0.40931361167689184 0.8795301343876485
4.431412339713633 0.34311416025472313 1.455404847351336 0.6911022987186161
4.799012182214893 0.40639131085506 0.625157507270591 0.84702002401458
4.868920360800148 0.41721125476548915 0.5022509979858152 0.8539652570079335
4.3944470747618585 0.35447452439608246 1.4921202000791824 0.7278890730380045
4.996658371440391 0.4120903713706268 0.23778597752539982 0.8337833345351511
4.161004566204248 0.33830444371115675 1.9927597634416618 0.6824763583051281
4.81062452813623 0.40332733892981254 0.6381874396256533 0.8292207816063589
4.786644966389011 0.3905293557987155 0.7386218036668732 0.7965449461974117
4.32820667322106 0.2979035950338263 1.6443701977424414 0.6020850445591173
4.806923457879826 0.39689293811756765 0.6552342151032566 0.8068105219252469
4.354087632398459 0.3901843992866711 1.5657981122977347 0.8041537083567882
4.640253852474805 0.34236346264149503 1.0363172476371094 0.6964125706035991
4.265376962203463 0.3651980004461561 1.7306397781444685 0.7637130924546709
4.816708143426336 0.39627701434716506 0.6563982394031449 0.8077223063200157
4.512642487985742 0.42399204634533505 1.2391993561422485 0.874495308476454
4.886711679518868 0.4556210928173708 0.4992687723501493 0.9226513883586446
4.773298971001202 0.3747766522414281 0.7303909221150755 0.762108525394437
5.018656476181494 0.5240817378070256 0.23569287637977437 1.0618883775295158
4.5223372193911775 0.38107021859179174 1.2564966670827018 0.7810187368320732
4.3714362141426975 0.37508919440325555 1.516344903722231 0.7670114199229026
4.764595675014203 0.42235975587988456 0.7286180294913471 0.8660895671252012
4.767467708460771 0.4012867850853966 0.7409813243808967 0.805937949499148
4.727706888920915 0.40719496610263645 0.7928426237628108 0.8218356969866598
4.853926201115895 0.49688154036988574 0.4780321412078124 0.932165399042762
4.177603975565915 0.31948598196132016 1.9592202088849593 0.6581029951808872
4.647612920066398 0.43199899138046494 0.9675721990337889 0.8771451371565602
4.8926703029801555 0.33401324553514644 0.5132594463759236 0.6717442986752042
5.186015544488127 0.3692520195591336 -0.14089897550315045 0.7462559707385538
4.316487556719622 0.35397326379181604 1.6520113232880478 0.7242210173987518
4.897722252933663 0.39114706946546624 0.47515403329809847 0.7973737049974126
5.287131505061797 0.39990080536811135 -0.3289299665453327 0.8135109079630689
4.895288710403108 0.46356384522588506 0.519262796031112 0.9361373961345593
4.737005592292837 0.40766753388114335 0.7982068616161406 0.8419294786675188
4.7626301199561585 0.4162110339416095 0.7420044171411834 0.8681791016384918
5.0571639674593385 0.35140139377430635 0.11197275933412762 0.7329244441712716
4.285727224686779 0.37606829720482754 1.7222791307391987 0.7607947239415903
4.446870721224521 0.3468944938804426 1.3698063583112952 0.7089238857308907
4.757724619946524 0.4442909095583746 0.7619133803350779 0.896176019239643
4.757630663026041 0.4169968811553592 0.7888583583006537 0.8468973523318183
4.396403823257803 0.41678880224139514 1.4684402502634395 0.8591543650461219
4.708634501404482 0.4881940450779167 0.841300557978419 0.9942593896795857
4.547667683756332 0.3877344612340246 1.1571502159987725 0.7859950230527364
4.2554280201424355 0.38148471482818663 1.7361798561792945 0.7936913046911032
4.525308372612025 0.38762370656828404 1.2129023164826944 0.7837486613964152
4.289436427620574 0.37700581241027453 1.7100490032339541 0.7685275549853893
4.832472332838707 0.4666414746739522 0.588378329844149 0.9405085750777464
4.591106113745243 0.45610162076650346 1.0568317926789437 0.9467609512908715
4.557503427985877 0.4115815280923358 1.1499860606671817 0.8383661583718703
4.9569948706817915 0.3457412406034284 0.334820443076026 0.7120894158575155
4.568886906228377 0.419725625228021 1.1054534498741302 0.8576443664433181
4.793771599488751 0.3871043424385211 0.6898858934676697 0.786407389496305
4.398358694892673 0.3493984414205706 1.5073630027934932 0.7201735174443018
4.9172122366778535 0.34477720152296853 0.4215197412064307 0.6986962627711476
4.752242795495828 0.3649511754213604 0.6903560218099445 0.7425759559276929
4.142117889481717 0.35104702743385946 2.009075814695215 0.7185249410664905
4.982732676838369 0.5587552321167235 0.295686151838485 1.1393274812414074
4.670193038383754 0.3728758924301079 0.9373998259768039 0.7687083377739341
4.481067593886735 0.4017042183297846 1.3051714395671112 0.8217703033651728
4.665938810792351 0.3579681832228637 0.9157306744911082 0.7428783293962359
4.780730170225486 0.43609637155064973 0.6909723384305576 0.8971711487338897
4.545930311950999 0.345402644199376 1.205026921117761 0.7061444625806954
4.822680252365135 0.3355028020142199 0.6717225143517328 0.6878601509010503
4.525431732208148 0.26619538792215836 1.2747282969430451 0.5446151969499654
4.405294448988508 0.428165472354984 1.4756249241151689 0.8817600452329034
4.4852356012747485 0.3797301134517062 1.3430589250123783 0.7797826732563843
4.990516179122512 0.5779982954923265 0.27871066143261547 1.1870129674561933
4.560317235578266 0.4216135756432439 1.1684581843120991 0.8599453870418857
4.592727145920751 0.3497561478211943 1.0516562310590416 0.7225672527144964
4.191090071737856 0.3945201821624846 1.8911711392263189 0.8057608792182179
4.699985423250004 0.3633651214096316 0.8568985652672623 0.7405742888106214
4.797314313996916 0.39290558256017183 0.6440628603427829 0.8101939647766945
4.759876692573155 0.47041565479322245 0.7075281947719826 0.967164955616496
4.971640529947123 0.38762521851344683 0.29461504876305467 0.8076895979739165
4.6636915227303595 0.3490625535283497 0.9109805135514277 0.727112707661295
4.762039046891736 0.3618610864758071 0.7824396695317709 0.7323914684224138
4.641758702644711 0.3062736314907548 0.992912784935746 0.6261198430419127
4.4072242471868694 0.3261769367206186 1.4747502891104909 0.6679030239917887
4.853144118268792 0.3551634501390218 0.5784211039283673 0.7217308792846195
4.706266980500027 0.27295190021742793 0.8273434076918351 0.5408462037774271
4.7312629232400045 0.4901440068320784 0.8745663827440113 0.9984327580320608
4.351353917185012 0.3758613308538594 1.5640867783310153 0.7632002213445603
4.450487725863448 0.33654929056389643 1.356903806394676 0.6820302916013198
4.242550985944643 0.32431347048749337 1.7994025203377948 0.6648522839546079
4.617473659225442 0.4364789679140739 1.0398436194138696 0.8977910997074832
4.689581255815543 0.44170201872940035 0.8522914209942882 0.9095849792780903
4.595602592273488 0.37840271587165974 1.0726421342624723 0.775656054128103
4.642057960090636 0.4406573482063788 0.9593288474326201 0.8971527946220189
4.6209568587621686 0.4168089714955394 0.9906462662513169 0.8626269303478232
4.683401229954383 0.38963621452011027 0.903862806403375 0.8056196716315093
4.641898160202996 0.38662645794978096 0.9630778575451527 0.7879339232778734
4.570797931550373 0.4217849822152914 1.0655362851373096 0.8768620046262402
4.422570324983834 0.3413159186005635 1.435016062072365 0.6921361803564396
4.33496318118776 0.3267486675838622 1.5849387920326472 0.6807261027642091
4.846451089622262 0.43812882573692935 0.5794053592021773 0.9042547233655479
4.638664999458844 0.3877705135649366 0.9821944057895176 0.7912795462142778
4.6036217073803005 0.3312339785245729 1.0544009153691896 0.6735486732507335
4.666201976510712 0.3289314913923046 0.8849239868689847 0.6788456418868647
4.433283241528371 0.38279873637831674 1.4089792225855677 0.795304436079384
4.593542233215059 0.3178048088503712 1.0668818114330674 0.6599891036645622
4.689079401186384 0.41545610185743626 0.8532195221087382 0.8548958008112021
4.8524115863098976 0.31679206476057215 0.5553066517727402 0.657730121145706
4.778253788987513 0.4682024285240575 0.6876736508128858 0.9472349873627068
4.631741658963891 0.34979817213700265 1.0196621772880072 0.7174293102307292
4.840210961676982 0.44578538136539925 0.5643090004234814 0.9170221563874926
4.886945059596993 0.36188839312477605 0.4247270030812933 0.7437747972856028
4.882000188318342 0.5450275013309127 0.5179236863807517 1.1187258021434612
4.839563930062104 0.41654580520658924 0.5540513053777945 0.8600256930808402
4.507031485484316 0.33655146384347034 1.3382804392029066 0.6797582320018363
4.5651220491692115 0.3899660377523518 1.1420382938720257 0.8011874458708359
4.9203961301407855 0.3845978744905967 0.38099341099753553 0.7832885039512754
4.561996481256834 0.37759954428957426 1.1739788878022397 0.7735033708962805
4.58780929235576 0.3126469635326348 1.0888313216547267 0.6370957116266824
4.142160638395367 0.30869523525288867 2.030570874837446 0.6266089658733699
4.6938415533717075 0.4031877731813432 0.9178541755616607 0.8153963365783955
4.689328723088785 0.37356341228414663 0.876237591642353 0.7620684033605898
4.724396727358354 0.35704129115210087 0.7910069628045232 0.724959379630312
4.496128344701182 0.2665842531853804 1.3525413185629804 0.5451404087208458
4.695905198389465 0.4066549015400792 0.8690086892061726 0.8256529234235104
4.9102947179185685 0.35493353608527617 0.44812038565516593 0.7187118867062282
4.701688084018396 0.351752794315015 0.8570139001357309 0.718919002160743
4.894634644906141 0.5569150819964548 0.536242235543124 1.1336626808629733
4.5480393776336445 0.43804984416082426 1.127406700035017 0.9053277215602399
4.538417249909195 0.382505016228783 1.2166632442110488 0.7826712482576551
4.649799139583282 0.3742153625783728 1.0227003889148034 0.755628048628357
4.6809549608973935 0.36261230374201475 0.8882231977623667 0.730679754233978
4.652234406012022 0.4551901402212895 0.9231392738732267 0.9489047076223425
4.792797556511115 0.3873148749248897 0.7100345978469635 0.7930503746268829
4.801590641355717 0.5067587256988552 0.6570829847827441 1.0410154247387542
4.808072216105439 0.39302770204564313 0.6358081535304536 0.8078428516163908
4.978337944679051 0.43575595063700195 0.2768107894302257 0.9020788129845783
4.386870932991914 0.41339984947689407 1.4841597655256087 0.8357545363412408
4.140494629504561 0.35128548289161665 2.033483630366778 0.7291893335926831
4.542930631167964 0.3919431558249785 1.1997802666979749 0.7970580883335225
4.329384565277941 0.31478323777386696 1.643852389618346 0.6573038532215157
4.865293544376311 0.42293373774114545 0.5241348677563749 0.8743445453431303
5.1970123657433565 0.3678165829558958 -0.20639817428786145 0.7615991381650419
4.351773341655301 0.3300943885891567 1.5996161002385816 0.6787603581626326
5.074974364221269 0.47579286992730585 0.14182844720717608 0.97829510533956
4.38369840272026 0.305069371195259 1.498603124859097 0.6321520431397679
4.682390803346511 0.3061688546631325 0.8823579037043284 0.6335621712356676
4.822402156330066 0.38087540414060733 0.6000929219585175 0.7960043824862806
4.851920432025285 0.46217773818743974 0.5160374202531046 0.9633733462275709
4.454204823216243 0.32613574392945516 1.4035671210655323 0.6642113161767949
4.960780661141405 0.4661579569680712 0.3594494900396511 0.9495230470485246
4.84962891148829 0.3895878290702233 0.5764063861827471 0.7953566542358467
4.09244705288136 0.3378588848988627 2.1351871506975106 0.6939773136695441
4.717009217159433 0.4743044602454126 0.7997256060489619 0.9729190010670046
4.881948228897548 0.4193569938506967 0.4763454483177114 0.8548180420612862
4.801327089753908 0.4616599150449096 0.6885912048907181 0.929336498264754
4.159432988943157 0.342958168224392 1.9829070812936533 0.6985820788508512
4.382256441826112 0.3653309437175941 1.4833929854052943 0.7424244767310487
4.685769655026183 0.436539069479756 0.9132992532589079 0.8994955566919078
4.539605874565575 0.3993872765923266 1.1609092340598095 0.8219972961643032
4.146280605551062 0.243125752092085 1.9617718844860996 0.5002259690183527
4.548517264943339 0.41258091763426 1.121303775550293 0.8371315415440973
4.832697298567151 0.4009883636882982 0.5972615653063913 0.8223622790454894
4.518678308845531 0.40294852875616316 1.2418170911874278 0.826401274496851
4.714068785253038 0.37369503783040436 0.8852767414037997 0.7560594875797223
4.46590500145656 0.3515750392254513 1.368570079937839 0.7187091706556028
4.72644174891186 0.367436423046738 0.8219666410814386 0.751302332184978
4.6375376724074036 0.44572220780320115 0.9626388234685892 0.9256337718420085
4.929797718381005 0.4326596093071093 0.4117848172186814 0.8821843837943338
4.872411640565767 0.471930351868192 0.5199827290121861 0.9575908048876344
4.4650187071842025 0.35640494807015327 1.3849193168120262 0.730776402232797
4.580302209698679 0.29308956522379 1.067183811759703 0.6033270351686127
5.112344069570634 0.45490983695701465 -0.0051243982160548915 0.9412959250387773
4.7629657371860885 0.481045481736704 0.7581865491664406 0.9777413275106358
4.425861908080561 0.4454199960759555 1.4087659767437817 0.9072539120797057
4.756538479379086 0.33042009753774315 0.8015089985800269 0.67057528892472
4.823298986989339 0.40822701410780926 0.6631552517866084 0.8373060360261095
4.917593782307961 0.459605020634487 0.4114226912503673 0.9362991257724425
4.7376714659175585 0.3408408192990645 0.7731048556668247 0.6986114438204201
4.48207652071588 0.4129879856740142 1.3533986574483028 0.8406360936984149
4.378369236054844 0.38846986682046497 1.4846152011488818 0.7864688590720438
4.669362021558962 0.33794669737505456 0.9163013899511195 0.6854396805048392
4.404605776309047 0.26477701059433684 1.4594696516383083 0.5366759917930546
4.732844001339744 0.376164157236324 0.7864268045217453 0.7682822238490293
4.783096039848067 0.44974525854291225 0.7367896893049225 0.9268909462924677
4.794457875675932 0.41342286600107936 0.6529055017680543 0.8513131320246271
4.712743034399653 0.29951901854929947 0.8783094859922593 0.6134704453459301
4.514667658942489 0.31715781485542477 1.19977527610307 0.6612290652449537
4.449333904791935 0.38502286900270905 1.4236754929928783 0.780342111538153
3.986509581253088 0.3100016226552644 2.369901934181242 0.6382520575407982
4.374725742279638 0.2793949681305818 1.5357570987294602 0.5726058507617982
4.4741097045172715 0.33556436556893315 1.334297031078362 0.6878263951303556
4.317743871934006 0.35994289418570075 1.6636966215303564 0.7314997602835721
4.548998437072523 0.3789346881837259 1.1658732355030357 0.7754064596545088
4.311927014698679 0.3246989751607531 1.6565673900535662 0.6632032365616867
4.591743037199787 0.43676190736554266 1.0791491797484294 0.9019083718760039
4.51663815655138 0.34786785957766453 1.2451164776100634 0.709572614647253
4.9184102864325885 0.40588261412229215 0.41653612458704836 0.8384462301871836
4.948427219938555 0.41053052004758794 0.41392485231807186 0.8422605598668724
4.388093647687475 0.3903876464011369 1.501835748410274 0.8031054580675195
4.673587788167561 0.38120887600570985 0.8877490610752945 0.7826508631260813
4.776618042313655 0.38255601003829925 0.7288063573771417 0.7820888093890036
4.735639949381991 0.395236987918804 0.7887013191571121 0.8075551775528736
4.574788336985272 0.31136670443754927 1.070282154089973 0.6396508882593677
4.491851854478644 0.37754549610360383 1.2366047293257192 0.7916836410597927
4.38581836372634 0.3169473954184432 1.4945988568731203 0.6495813652504351
5.132316333578259 0.39979585688473707 -0.011476676442954775 0.8273738333802698
4.717027530130787 0.40774871766170157 0.8671728451845562 0.8250200655738514
4.945416138705198 0.45534074955950954 0.3836750226974018 0.9142600897928056
4.886307940706795 0.4222278191190166 0.4992195504283048 0.8647922685344435
4.285102507139632 0.3609759726798013 1.6853531621107014 0.7372600875785118
4.555802836763806 0.3629694547608817 1.15211245414711 0.7464051084967728
4.134457632858352 0.34777122581461717 2.053673061741755 0.7060277322908479
4.46122625923967 0.3680287889143285 1.3124601929775475 0.7620553072668328
4.782190527557974 0.37051830575729844 0.6851836032298081 0.7725739494659829
5.034348660295594 0.40066189056908336 0.18695349621336566 0.8210577583028068
4.693515790629664 0.4825357252155807 0.9202960176956643 0.9710227904663283
4.713571779882308 0.39130468203709523 0.8773475654984866 0.787372132657153
4.643543474843911 0.3936734796221262 0.9986068690398187 0.8004125227025631
4.627648071150247 0.38245756212611154 1.0541513377998886 0.7806362354637689
5.130529967706752 0.508128080803528 -0.0057641132408572104 1.026134459606833
4.4958072860532 0.32225285112482005 1.3233135019818572 0.646144844662306
4.715046062702935 0.3911371952376195 0.8394441418580256 0.7978551748581822
4.680188652328313 0.3956027872179837 0.8811941287109317 0.8162321560512569
4.10269355459841 0.31505157284562624 2.0398516623365075 0.6522812553083129
4.9926854443018085 0.5360786793202176 0.2625915102399901 1.111501869084972
4.626904454679195 0.35397996974188356 1.048443778704513 0.7123587903050578
4.511328682505047 0.45635041785056274 1.2554418171326875 0.9524333223837625
4.975549530932449 0.44863861586175174 0.322265641014889 0.9062983635398562
4.611162951127431 0.39250954883107797 1.0191453737828309 0.8064639588010668
4.812726940556309 0.3582432539983502 0.690165202726055 0.7256315317756967
4.454854878346779 0.3118000964153352 1.3946643275439983 0.632627109015149
4.596010288473439 0.3776286885343563 1.03900617430696 0.7756690877295204
5.061500065676377 0.3609925332869231 0.17645003903807593 0.7311092675907724
4.497404500037211 0.37310338030814755 1.274541919511869 0.7492447785740927
4.450197616645208 0.2873810818184746 1.3596981931414889 0.5992097983455882
4.9835908907669975 0.38252159520705425 0.32802522609886536 0.7761933951042255
4.472729965025453 0.34127305351802656 1.35195961080463 0.7065848408163189
4.868633457371078 0.435222264548415 0.4643046965526776 0.8998062096656884
4.626980039548814 0.4197475964197104 1.0027154510686156 0.8596332936858703
4.712810760690932 0.35449959435843326 0.7952534704077603 0.7231772768166934
5.109888964938268 0.4659406146541146 0.01727574277664575 0.9539012912461812
4.81890353812129 0.4094700829053574 0.6448072852177733 0.8386533163594232
4.311762917627029 0.37419841082110344 1.670296132524221 0.7699989485945288
4.615613454588809 0.4709815964821874 0.9673457663193219 0.9781094757324693
4.894947809365985 0.4424508440195527 0.49262832143098867 0.9093874407500397
4.6896210346711005 0.420056742009446 0.8755267853654262 0.8613716199726601
4.727549471537315 0.35819351005380773 0.8257791510617192 0.7327003434549234
4.704434152926844 0.41384544606917734 0.8672881014398306 0.8538074126603797
4.757224718053632 0.3592243765543395 0.7200041266048096 0.7442466656187059
4.515101609845178 0.41598237152996986 1.250524606646119 0.8522561841125829
4.400784434654888 0.3433612358030837 1.435768516606263 0.7119421507450269
4.513593339006504 0.3976180994063283 1.2680254707629106 0.8061083186686395
4.465026865571428 0.38064835995716256 1.3480304496231683 0.782482740518726
4.485574239692461 0.32198932323091883 1.2446377494216438 0.6704774290094621
4.4276373439314085 0.37883758695582254 1.4200366985343509 0.7810132063068062
4.419324639195992 0.4430013776203958 1.4434049310866377 0.9020602083595152
4.739560995325126 0.42338939241391654 0.7347093225415837 0.8701154574355228
4.510529455836629 0.4174791627781441 1.1986928844137332 0.8552402843702843
4.364236476539208 0.42103489328742827 1.5506333204144878 0.8600077392979264
4.624254481649734 0.3871705961089424 1.0307574035109064 0.7818229874556256
4.807448127621477 0.4202506735681968 0.6284390526561617 0.8747997409511296
4.638920315513284 0.4535182404541772 0.9677609872683013 0.9355915050453449
4.887225961869635 0.4481574832976491 0.4629348180800362 0.9246732391623086
5.068575470121596 0.35232452354675314 0.13697677040971792 0.7066846981277718
4.483484645041594 0.405664859340686 1.2771030226212612 0.8322548197007841
4.415629445889978 0.37537166937193195 1.454710608785918 0.7706260948645429
4.145124147828611 0.29123183648254136 1.952163312004031 0.603817643212855
4.27635248211104 0.36631562528341577 1.7717462518540215 0.741342374712278
4.746096382521833 0.44188748392862104 0.8019634634196301 0.8997984758643558
4.592518184282923 0.4065679804354678 1.1108445712590453 0.8331168550425163
4.838551979244892 0.4327960641406413 0.5860076721889815 0.8784591886426135
4.471858280002625 0.34045045873822777 1.3257389723507893 0.6879618656223822
4.524088306596623 0.39634045979582944 1.2397444483607676 0.7982813716615526
5.073813201418982 0.3478597797198529 0.06791162267208614 0.7200592332587887
4.518976847300758 0.32760663886155056 1.2546803311672057 0.6779469636792999
4.746502937580546 0.4111215900401627 0.721083710873835 0.8546409552941652
4.618886642140961 0.47533911631771936 1.0233052054815874 0.9773155186836996
4.555366608086627 0.49171005582877564 1.1706097395313153 1.0012939850085403
4.560425841852471 0.321535292326906 1.1706313417918106 0.6546138060293384
4.892973278484924 0.3435864435791927 0.4937496259022519 0.6791133375564755
4.228590870441913 0.34820440335294534 1.793732895343338 0.7160222655003242
5.043331504972298 0.4278038356576098 0.0395414969555154 0.893972705557542
4.474525567858784 0.4137014514023882 1.3502289162420982 0.8494132235427757
4.374856358129151 0.305565437628624 1.5443149250373616 0.629482644748627
4.693588706662604 0.4670624141827899 0.8031881768662795 0.9729351735907927
4.790867921503526 0.3709869298412748 0.6976070735794531 0.7524647509444323
4.8127974871390435 0.4222515970699266 0.6383069041391307 0.8685983501597773
4.705607671034379 0.4351161760772341 0.8620214137569805 0.9040278374166464
4.8730132175544565 0.3399168544303332 0.5582516638250958 0.685271327422194
4.882280520105985 0.5441087664120458 0.502638391813913 1.1186887907345628
4.83733503818056 0.4192348958518466 0.6064020256403346 0.8666116901342119
4.414104129451218 0.3624578198594895 1.4537791444515762 0.7455499005016455
4.887757849115728 0.4361389455430611 0.44462733033101437 0.8973100587330856
4.515521650545047 0.38299575663128715 1.2261908441994993 0.7917481737934647
4.577175119181268 0.42394375681078805 1.1135592016065805 0.872336702536457
4.631643145718703 0.35252818913496553 1.01911780657719 0.7200645914309188
4.374710696350272 0.3697690059117809 1.5063175481780453 0.7746593914462626
4.52186502289279 0.3824127556484075 1.2203250514428257 0.7818475300998158
4.606674101583566 0.36686101021369993 1.086516598556441 0.7579596504228122
4.117404523106627 0.36189972632518674 2.0590498152240775 0.7284338633877963
4.56726757520462 0.3258217072780054 1.1141165412111982 0.6689032904932781
4.759063291792591 0.42942188786675367 0.7904884651034593 0.8865816604426487
4.368425038002998 0.3831643922203539 1.5776185257323734 0.7841203929808305
4.642985839979676 0.39517058344686007 0.9908054321073784 0.806520188164734
4.895195467615636 0.37529590124197754 0.47244333748172984 0.7730129543117701
4.282711298616981 0.3201344410380719 1.7429084035341398 0.6569338746002222
5.264876529610035 0.5493683200752297 -0.3128232423122729 1.1414849849826905
4.813424776676866 0.5298714959562897 0.6405264601499258 1.0794286287254096
4.421708122462215 0.3334987286384887 1.3766355594704094 0.6693384290679403
4.815840555350434 0.4071740080508383 0.5878770344449952 0.8337848114720338
4.685416304371776 0.4376487187774106 0.9406822211372605 0.8877662063001723
4.8724687566078515 0.4007090122319662 0.5433794912304826 0.8191264757548368
4.449378296642909 0.41006764563214887 1.3996227456414556 0.8312629221498563
4.899767064613792 0.4102243021013301 0.42214202170912507 0.8543836647153487
4.53185890087664 0.3963892927585319 1.2583179937670774 0.812539325391358
4.619657783306419 0.535553785664429 1.0727909444050803 1.080937473044606
4.510963090373457 0.3648352802064361 1.2988711422520829 0.7373190471222879
4.387249979000538 0.3419131129308979 1.517225608196635 0.70880540314005
4.651418714435801 0.38961123519150503 1.0189642037201874 0.7974637976914055
4.683805528818574 0.2173392712011852 0.9623902967551679 0.4374562383238357
4.831972953291828 0.43825278676283563 0.5951863070425696 0.9014872254563417
4.58170590381334 0.3547300937408442 1.103145948557916 0.7290241271694837
4.6066811810714 0.42473484655565025 1.0440542917872895 0.8713409548070791
5.014079959598844 0.48748712528134747 0.1782689223738572 1.0195834964046084
4.55049668820784 0.36527532449074784 1.1913553118858773 0.741369636014634
4.524192645102657 0.31167092889547016 1.208824312575489 0.6451682102612345
5.030651893863627 0.4069463103042309 0.19160863979870763 0.8328464437777602
4.812981964592973 0.4597890782059609 0.661261597468249 0.9404260442665627
4.936568895476053 0.41519583514343517 0.3028823154304928 0.8586217263358311
4.825537684287665 0.3872201204437416 0.5969884173554574 0.7935860825973994
4.509218892756202 0.4156983374636244 1.287814723893514 0.8491427226636412
4.338642070307714 0.34419355794171025 1.5918865094002665 0.7135863722149072
4.28134459528111 0.3946037362189846 1.7202477269343919 0.8164552928994678
4.905418580396201 0.37910225195920205 0.4342048510582767 0.7838249482618489
4.327527820396168 0.3106532869947085 1.6844876331252858 0.6359314992648375
4.426834322307691 0.36382736115118863 1.4029985595282093 0.7290882037658274
4.368910768225724 0.3751940928811615 1.50119630813075 0.769688333080069
4.665217376975061 0.364228016512123 0.9025729937046251 0.7466260132857327
4.665569194631148 0.3928735331979995 0.9448953403122404 0.8058934574198596
4.890278957380789 0.3875584593918442 0.4458319473550248 0.7966177112055114
4.629741695123092 0.4126667221412868 1.0158431836456456 0.848112923933147
4.407404678977919 0.3450035620340911 1.4531176577916534 0.7068682980773079
