7.499076413412375 0.2766567696184611 -4.772611342180149 0.5656420221173994
7.451197777788 0.22364949851173438 -4.783116025468604 0.4575520487114301
7.478480072165648 0.2697834950252574 -4.74253450034777 0.5533625026470156
7.416403085150781 0.3263325088396978 -4.696409648762488 0.6688462752652208
7.492183069355196 0.19259305147055536 -4.806382476803155 0.38208045352995895
7.493656435758494 0.25840385821882633 -4.7771762089148355 0.53509366286032
7.465223826954414 0.20436061782550174 -4.823961609147459 0.4035803596907072
7.475207312816478 0.21229533792258568 -4.787166567085827 0.4326990342263804
7.461273293107077 0.30470233357933224 -4.708702497968283 0.6214429378733657
7.489717883359167 0.20999910367225094 -4.802021911793213 0.4163941233505446
7.448969516410887 0.22722790791955585 -4.785192139593169 0.4633108533686315
7.4693765901185145 0.2584761881821688 -4.773635828576735 0.528578597113994
7.5238677134360445 0.2069188214051415 -4.814616597777811 0.4120792909045715
7.415132732911465 0.26271203902254203 -4.816470903225075 0.5424469767884776
7.4139732324524275 0.17812618051525123 -4.803074876823542 0.3601795334084975
7.406607915197945 0.20904416003697465 -4.7929051465625925 0.42785017907372597
7.433650244978118 0.3066744841118646 -4.745742283687507 0.6270575705130101
7.433167693162993 0.23569582759752822 -4.761045257921115 0.47639737982741615
7.448138599028452 0.4044267627206668 -4.682453232279624 0.824082740374627
7.421506132032587 0.2674035962813196 -4.73426747027058 0.546701024841446
7.484336851471615 0.2634668107713561 -4.766278147761505 0.5355542494816791
7.374920994433515 0.39405312644648016 -4.613273657609227 0.8016908214969402
7.4295241761762 0.2923987674358664 -4.749587562418283 0.59797242260088
7.458539040134577 0.2683263511202766 -4.736138934993024 0.5418048445141281
7.432213401854228 0.3217077299490775 -4.6989068497282975 0.6599045272283675
7.488064113048015 0.30039233844932217 -4.768711303710932 0.6024939505137133
7.473006131444864 0.2896836779807873 -4.795176776690871 0.5801261497544237
7.462583955304107 0.38070614702869515 -4.6203248874939025 0.7715105733744888
7.424776763084202 0.22630243504300124 -4.805142118276435 0.45719549603385934
7.375282474039662 0.43887273240526675 -4.564345253464678 0.906762698216135
7.476938467851218 0.31179984480211786 -4.707392707833345 0.62943380113799
7.343446328420457 0.2809258643165973 -4.71351369002663 0.5736829902741025
7.403556146434028 0.3273522789370994 -4.666432967519924 0.6740256413354065
7.487179691369129 0.2608846676610451 -4.7547444519779996 0.5266111124457387
7.485154870700916 0.20771003358823797 -4.79164549468123 0.3971044294499927
7.462601026434715 0.2885357303793403 -4.734039960667186 0.5902585432310087
7.461967369981133 0.18936881739500142 -4.830343993627814 0.38457953506239273
7.333154033132425 0.41742885653953465 -4.536621139200797 0.8631485771217001
7.458369767330618 0.28078039678380917 -4.707372204013289 0.5690207701200117
7.443822501568761 0.34039574586707266 -4.655329364859986 0.7022252615899245
7.456986170078322 0.2196852864433051 -4.781168880636999 0.44354504541831763
7.4372601298611825 0.24660073792828707 -4.75382782672993 0.5000950518162357
7.443424863178183 0.2641149356869983 -4.7604118832004625 0.5451400283998513
7.422216702765808 0.33328054334765705 -4.667996659379915 0.6825094676790765
7.484074965511098 0.28875792742339584 -4.740287043764953 0.5803079019132611
7.489196182190415 0.2887031274115058 -4.74531365456839 0.5928710556320638
7.52221485066238 0.2252947022057587 -4.7855259664040295 0.45443005950865556
7.421857322354803 0.35538812607469294 -4.696547193633622 0.7221367097716529
7.3429550712957585 0.34978212836026285 -4.701501344017666 0.7290649094534387
7.453050775473907 0.23033333484902407 -4.786475440082132 0.46524117486690797
7.461062305397965 0.24603148204081887 -4.734763237492237 0.4973548948820379
7.399992674236316 0.3242382231197173 -4.693139828101907 0.663663257650625
7.501080031279295 0.28746306729304405 -4.7386446671884 0.5795647473263825
7.461976965751017 0.27425131270174036 -4.784735004668085 0.5495833950395214
7.435630178698222 0.22410335387899571 -4.785198715519727 0.4591593564954829
7.415153521993114 0.36674224715691117 -4.658047156740543 0.7505687907036022
7.424390784883821 0.23296942825479017 -4.750006642774899 0.4709129210525162
7.408925975555879 0.24824690903242574 -4.733415279254588 0.5019531405884842
7.485714154866217 0.2555664888653956 -4.760380054604983 0.5192961020217574
7.442519513565107 0.3291493388127806 -4.708422139758682 0.6747657070498108
7.406885052974543 0.3215765280623591 -4.6916915713025915 0.6532342508659986
7.448592427332002 0.24364358192555652 -4.760057851632521 0.4949799819079439
7.414691847193483 0.2903403621313595 -4.686794422697593 0.5932009327615777
7.479861094230517 0.2695579948193665 -4.756119956662884 0.5538518426565204
7.3937243271433095 0.31010886093537665 -4.647837675253423 0.6324984596077401
7.404824461829553 0.3087551665745647 -4.730450669112072 0.6235324809863106
7.508935097239545 0.22527621585388571 -4.814933186712448 0.45750586622449235
7.418445673633233 0.32432396297786575 -4.687356347168643 0.6752714006353252
7.427526775807586 0.239218311527699 -4.775050965430582 0.489474135480578
7.488036122051314 0.2562721761418737 -4.7409717064857855 0.5212923156511526
7.4468341251002546 0.23185169878378556 -4.803558498779319 0.4750644011743852
7.448215629137856 0.34380519264228065 -4.70195003050083 0.7044332317307289
7.434611986696289 0.30557059394890723 -4.749569231939624 0.6202997457440333
7.4198581870497655 0.2291008922339152 -4.761030152883339 0.46892316496787556
7.4310840391814565 0.39200152121470105 -4.642248733267136 0.7937926410613462
7.309217406644122 0.3938887076083688 -4.557250581205766 0.8007874621207897
7.437187108898801 0.34837921433506974 -4.671116572303118 0.7092870401615928
7.430073096631467 0.3125517505529327 -4.709562825685975 0.6384789769612126
7.438159657867423 0.2550712846030066 -4.786578784953297 0.5247731528353821
7.383140453633021 0.3587256963284196 -4.604487128266539 0.7372182929863322
7.4444542577005794 0.23195988639485718 -4.761419190349025 0.4727729388038412
7.445164564050673 0.2383104614783793 -4.756472367477523 0.483609911283076
7.507705791450242 0.2152584569151045 -4.7912884352942235 0.4310484017335063
7.45396908607578 0.18261902518279752 -4.821255800552972 0.3646079082026892
7.468848752284764 0.2066085099831978 -4.79646319953929 0.4165241796406346
7.427999222117201 0.2498866762649777 -4.768366723178552 0.515223861644796
7.451621093019805 0.23396366748608968 -4.789494056107383 0.4784512776561575
7.392274247655026 0.26059160152625815 -4.778482690023256 0.5270009657828302
7.425447680910645 0.2800450618383502 -4.743469991599462 0.5682926842631046
7.368652912008388 0.26669765229716397 -4.753012527863993 0.5416078542478693
7.492497428727907 0.2571929902462834 -4.777061024203665 0.5229659425525013
7.418918778140911 0.31168610873507235 -4.72691187831993 0.6343970491087367
7.493996344380623 0.2417451917246696 -4.786695833990368 0.4832076856467079
7.492588686029367 0.3412169110937273 -4.680175667646131 0.6947648934677924
7.433823332675903 0.24473996182123237 -4.776439718606113 0.5026305031043583
7.3411884254464095 0.3222593106654398 -4.629063358609683 0.6636022025187603
7.4863191520640875 0.22399349677584796 -4.829004985309971 0.4414046223167937
7.383863662858587 0.3423534146857016 -4.763197860523898 0.6982017506360847
7.453206533502455 0.26102397940568517 -4.770220321982394 0.5415752628962998
7.438965232872448 0.17599287703633404 -4.807433845662018 0.3550113955830274
7.507985108673457 0.2804478138062199 -4.736591709669819 0.5608656795631747
7.453721374645598 0.2490872010532135 -4.764735826556757 0.5112196651999074
7.374526008544942 0.30853976447536513 -4.702086554899676 0.6317474175098382
7.464710844407277 0.2568220338344631 -4.746996376319874 0.5183850637183075
7.394147066871481 0.32822188524553464 -4.691685699127657 0.6662357886214324
7.512930110780529 0.33188920410430023 -4.733884656229629 0.6694893778118834
7.459616802535627 0.21288102201796244 -4.794603418215126 0.43084490364490824
7.432083169749783 0.2191903486599191 -4.7884042553695725 0.4488165751697395
7.432086430367345 0.3074135914103552 -4.709356761190197 0.6247398683075418
7.397153253241745 0.3611078020342959 -4.670864130240645 0.7401222745611756
7.567943980374753 0.21226494755604386 -4.804993256614655 0.4206187273519618
7.454838293007137 0.267049931118442 -4.792001912077271 0.5409850595857482
7.491081722537498 0.24703685082064988 -4.766722834996705 0.5009065455912853
7.428474939551681 0.300943702057393 -4.753711545645998 0.636087203893502
7.385316320568032 0.35594924194762645 -4.686121420960966 0.7351378568225898
7.420143158439906 0.31236376348410827 -4.728925723065869 0.6316388122161524
7.478768920719661 0.2616905623370884 -4.749691811167397 0.5324964491223441
7.5077713759215685 0.21802985025564042 -4.81729243114593 0.4476915570008503
7.477536210023537 0.2335930138346282 -4.754328795249434 0.4778994363662871
7.41610644091441 0.3879967430661999 -4.640055815678495 0.7871544247911954
7.4231100825532685 0.39388336310692 -4.631921508365592 0.8041467756330317
7.42154459387043 0.2708309857325151 -4.734851707385519 0.5548054470330549
7.406877474975211 0.2744974791131477 -4.731631114006428 0.5520210452110588
7.425225471677699 0.3806462189365715 -4.689933020526413 0.7671609991103614
7.424698775767624 0.32101588771278156 -4.707273438357902 0.6671816365079861
7.473118232370103 0.2775362534318081 -4.7699715251128545 0.5694966248127766
7.373361116071397 0.23878106451344677 -4.774173368982764 0.48564289265764915
7.360357134812989 0.36942496737931924 -4.6251950534012325 0.7555797925563584
7.415238015804063 0.25377863399078726 -4.762935366474568 0.5216628278824617
7.469061662068139 0.3498027131862856 -4.716428220262685 0.7158291993619947
7.388916258731479 0.32519083880105304 -4.668160002199924 0.6661671735396193
7.477773024107837 0.2975607648411131 -4.71433360204173 0.602785633927767
7.4458473178463604 0.2936276595933105 -4.692759828406263 0.6031528548514866
7.39673691585037 0.2853836541277228 -4.760078470969417 0.588439081047937
7.43242727148252 0.21573962023545268 -4.784267552618761 0.4390649323436171
7.40502804728609 0.2537905785013918 -4.729135822472179 0.518735889249548
7.338477916821987 0.4279051714371527 -4.5643647559766265 0.8858881803802766
7.464047367193035 0.2721903844447891 -4.7721970803993194 0.5479435728462436
7.470469859400296 0.23447408112939777 -4.788123777127964 0.47503456716799464
7.376550038114295 0.4307540215271514 -4.600959780296147 0.8790490241799771
7.461903715553085 0.33757483548207967 -4.7215929819761655 0.6805762236709759
7.4469379849271995 0.18061495564017377 -4.84696684544851 0.3630302726540229
7.428571952034171 0.24289677911499652 -4.75612358795526 0.49476619440579345
7.470283097206449 0.3765135255247029 -4.714297983995315 0.7604783383147934
7.4869842242594515 0.20082882072994948 -4.807611945257186 0.40950507380301365
7.416128421952928 0.44244475874613753 -4.612576429620363 0.9034189701360131
7.397390636853668 0.24890622010483432 -4.77880543634004 0.5104668148669832
7.434824787234307 0.328463921337986 -4.7161325841898245 0.6673756473889774
7.466557075938425 0.296296452516158 -4.7546747371227545 0.6062163496325802
7.485844212878914 0.2493560747421314 -4.796045468961607 0.4963112495365737
7.485805177674706 0.23290872248228725 -4.749847944832867 0.4760070833237492
7.443054751254911 0.1966541801683743 -4.8127466361977 0.400438271695234
7.421894559488456 0.3149012312498692 -4.690370763496077 0.6452764544270965
7.402364936112885 0.3029578837276985 -4.709158275573441 0.6142599524419111
7.47610828450436 0.23544640206953263 -4.812477294936459 0.4827180574302816
7.469219248615728 0.2570349695236639 -4.752555180739359 0.5194696022496427
7.428002084848002 0.2335824285348563 -4.762882209771346 0.4772932957888921
7.358795274326626 0.3387331049092122 -4.6720942860445795 0.6967084439960572
7.497262758576255 0.1941703597281489 -4.808580233646325 0.39461784315135845
7.416415144340707 0.31252765565731605 -4.701719278279285 0.6398201035770823
7.442001164744379 0.24563531700568678 -4.751159377731234 0.4983237609745998
7.38481089120091 0.2572257014158147 -4.770193147890215 0.5265355796797969
7.403298334733242 0.28752950927250337 -4.713904283980664 0.5901999690868682
7.48433832925226 0.2597263677225867 -4.776162071176578 0.5271212378457003
7.447297508341973 0.25368918147003594 -4.781478382208643 0.5088051268407697
7.416271115809283 0.23555571997110877 -4.777634391487136 0.48538522053616884
7.467710683564327 0.24203373038360526 -4.7815434498421086 0.48916227713548815
7.38537462917348 0.2940197688009402 -4.709937275397605 0.6067851716166981
7.426856468386022 0.29316268609476936 -4.730258018458899 0.5928358996817145
7.424222903859316 0.24620309048270878 -4.7418314162682025 0.5109589957239536
7.353107889678255 0.38736876747919075 -4.720955972625266 0.7894143515825054
7.4353180484258 0.27542626105820756 -4.743834948599568 0.5589675773742341
7.4758462022956 0.2133231795291378 -4.7732583395059205 0.4354087830771913
7.5006692199574285 0.22939471713104562 -4.817384681420597 0.4645313228177392
7.484014648573954 0.27019333423263503 -4.7626228469198635 0.5426223199762389
7.429873484356035 0.2572924374765531 -4.7965626220568645 0.5332648719296933
7.46624773332112 0.2673868055022251 -4.761124400763887 0.5450739604873384
7.476659029232186 0.1868189298989744 -4.807729439424406 0.37301868098512975
7.454794726334493 0.32481131818987635 -4.757120241103422 0.6573037996944341
7.4900665074953015 0.24155806998848656 -4.755351450577175 0.49381264722907126
7.432437098508837 0.31281075418105353 -4.7066218107142115 0.6328897480727205
7.418992598097544 0.2423848997584451 -4.786567790570518 0.4913805964328615
7.422960881747875 0.3585207748098356 -4.627449458021259 0.7406040005063557
7.458253902465714 0.27063539007335785 -4.732314872816638 0.484882294147737
7.485939186185476 0.25562879042388614 -4.783666522463856 0.5139449435229563
7.504078564551663 0.2331290229464335 -4.797523740683149 0.4743166539157526
7.439852411957165 0.3723844551735556 -4.716594304005499 0.7496797796862984
7.414423709159793 0.37854286335509024 -4.654760284279798 0.7791808949018851
7.428156046388612 0.2588204094709775 -4.764901773280771 0.5278224574889745
7.413785131814403 0.28730769071123186 -4.719122260925768 0.5869815953088959
7.435935206831736 0.3558440887877365 -4.72145374881295 0.725347059984068
7.3665875557739255 0.4058889652897732 -4.664424028255304 0.8321617454207904
7.518830120552294 0.26702905017956435 -4.81754829767 0.53159656111076
7.455015914663383 0.26322179037202753 -4.763707421168526 0.5398878008229667
7.529286098781881 0.22159850674000015 -4.8065670323519125 0.4426521886445374
7.449534237870002 0.20033549390619076 -4.807548124037959 0.40312484132500886
7.4702723228661245 0.3018497439859118 -4.776593947040279 0.6193913955596968
7.435001923897079 0.29610254821788706 -4.736023380524594 0.6048545630281262
7.432083356729145 0.31455586073897845 -4.698627008339507 0.6458984712492514
7.426389001319151 0.23329521190630606 -4.770499502248105 0.4756767005851328
7.453216686264925 0.16672814896188748 -4.813481893654902 0.3334648855345913
7.48842567231514 0.2321253846550955 -4.78893692845635 0.46979808548935953
7.471721779262467 0.22320179500237838 -4.793676785650606 0.4438962831573975
7.4260677572127385 0.27828960049139034 -4.750215088293494 0.5641891483183553
7.488214862881483 0.24757170305196116 -4.734584812756392 0.5080813319654487
7.465115997449904 0.21315380670220946 -4.805816036553757 0.4298548116512509
7.41034267069021 0.24645074919863572 -4.772259719886195 0.5083361021746103
7.473955102789172 0.22362043624543268 -4.789819397578978 0.4609602422147646
7.461193204922809 0.2732350570238106 -4.767629629373882 0.5546549813077207
7.40692867699023 0.2669684071224514 -4.72553384806002 0.5486152905405067
7.520739079777627 0.3076601759936213 -4.764332525743115 0.6227711869918756
7.398692055349027 0.3121920075232992 -4.683911386277406 0.641943035766883
7.470358717052521 0.2842672983654355 -4.7518476079836525 0.5798276663517274
7.387118306351832 0.3116471746139962 -4.6830149770362945 0.639949734253171
7.541350943337356 0.20734808991101403 -4.80721963950745 0.41541093286810393
7.44898538291779 0.3935876870248202 -4.654116671591339 0.8066642721507687
7.439177415625353 0.31928074143095986 -4.697569727245336 0.6464433011362393
7.473510712929597 0.28280046858723246 -4.750584442788201 0.5781908602315516
7.38608422117763 0.2352921518877404 -4.761157164316943 0.4781270181358147
7.413468144876129 0.284623776990421 -4.739577139209985 0.5900933722776879
7.418365203047182 0.34591648812965875 -4.666932484414397 0.7046096142282277
7.462693696278084 0.22240214039011696 -4.786285756222242 0.45476201957217655
7.4572060922326004 0.28022419112214153 -4.755425416041838 0.5715358020852292
7.475346304189635 0.2592287679490565 -4.759212881918174 0.5226350755588632
7.389365051902781 0.2835522139964328 -4.736724992128902 0.5766648702106906
7.466028873716441 0.2397200422300327 -4.805520419698426 0.4853910262750447
7.3810292008629625 0.4034814699492836 -4.607974727055025 0.8212740084640251
7.343333073874671 0.31340669450942316 -4.716253603690388 0.6547993538587242
7.488015292812548 0.19991843862466835 -4.795400610972641 0.39994719572358856
7.486756324244047 0.2220719069794325 -4.7847172100836515 0.4547828759107882
7.373956417285583 0.3881901958483132 -4.58785500148146 0.7998483646950121
7.419320434501662 0.2493711447611772 -4.785722194938429 0.5133725547787173
7.4781313708424015 0.3286436648134214 -4.72249920034667 0.6648818174355201
7.415379447401455 0.3751300768728113 -4.682152413426037 0.7671501182701159
7.450468651384835 0.30707999916925216 -4.686987523641348 0.6242854661679136
7.454689166336201 0.19224224603061227 -4.812917103154216 0.38344165595404894
7.497249642109029 0.18189453762237565 -4.83550788750575 0.3642144727261628
7.422212524357004 0.21303722789889834 -4.8061953386669085 0.43458413594492923
7.477170967244553 0.2744492558536109 -4.763255268557632 0.5635748803016861
7.439600517908664 0.24773838156861427 -4.769817512985936 0.5119721066983223
7.409747852610774 0.28705669452835286 -4.783981058523944 0.5871419174293381
7.447782312283792 0.22213507585118494 -4.796402300599942 0.44184911761836027
7.461348896207764 0.3361776540604171 -4.72414704106472 0.6997092353845412
7.408790284203734 0.3542243089896082 -4.662653081999496 0.731406264781835
7.40454499124184 0.36012255391185105 -4.6817237411271035 0.7353185073686865
7.421638810957511 0.21008879696789778 -4.80324696803477 0.4301450364645639
7.435678011765415 0.32403989269690536 -4.657596698416928 0.6586264451725514
7.447797168276242 0.3428736372268031 -4.700882001463956 0.695217114635981
7.4565592237222535 0.29594506973845025 -4.701577662898073 0.6024110752072653
7.431343471187869 0.2714952779629124 -4.733812149656829 0.5572335486385254
7.470492243192453 0.25890154044863756 -4.738120129492191 0.5277327550762426
7.416714025728017 0.3602952175594732 -4.658705574248028 0.7247151600131632
7.45392458668103 0.448044137563691 -4.644845790233136 0.9173858573275823
7.4398798367730326 0.1996489546639217 -4.8110887764482975 0.4110178775000475
7.440702161203417 0.2488160175184282 -4.769719780752451 0.500887383147696
7.440590093297974 0.2038478637036818 -4.802280710837319 0.415800751141818
7.473014881126819 0.31385181527567685 -4.740209266419043 0.6364785784853902
7.5037230884573685 0.2378320811412225 -4.771591001740663 0.4706735782817715
7.403215963926646 0.4113768555532787 -4.762748538056188 0.8497588575761896
7.403332363440776 0.3366326201545196 -4.661920026338404 0.6862308315060153
7.438161932003268 0.19422580444250812 -4.798475757988237 0.3820868145825373
7.4022862520423685 0.27240777959503754 -4.74858821173299 0.5589863755413825
7.431818367924201 0.24089957003792156 -4.776542879253714 0.4934167178824442
7.505934904796964 0.22152953971911687 -4.813299429101271 0.44786235983883105
7.446722921486863 0.28518599545850987 -4.762662048327765 0.5774984357707078
7.493805730865444 0.18903619700882432 -4.815290257982177 0.38129729855072025
7.4837586952035275 0.25921544746181446 -4.755381697772442 0.5265869370566496
7.457044519324382 0.20437514422682043 -4.799926087104577 0.4121294536422299
7.406213017983081 0.20956539765220306 -4.788753855887424 0.4348510685931128
7.506340479291792 0.32598406369868843 -4.775635370146245 0.6640541187137836
7.526032904883136 0.23433037791018643 -4.762518599201416 0.4686956876480578
7.47135715609261 0.2957700520607012 -4.7156994415113385 0.5975271498222665
7.42877719421918 0.260432812240166 -4.745738323373363 0.5432094116285509
7.4704351578697565 0.25573372912527353 -4.724001399160299 0.5261931846404668
7.471382949101402 0.22981295260975498 -4.7775524392214965 0.4680170870475861
7.44239572683488 0.27770337261869166 -4.697624424353673 0.5631429570423445
7.369086955495224 0.4110461739057079 -4.607379814649983 0.8465697864960049
7.443287566166571 0.3145606132957469 -4.677996051476448 0.6371537894478404
7.428523771254817 0.26153679563797905 -4.7159353613038455 0.5354990881282209
7.479366036965445 0.37668854824174647 -4.621659068195564 0.7642680400774773
7.4720398024555275 0.26312158573944 -4.768099360915697 0.5334329021566361
7.47549512199754 0.26796516445208396 -4.744548624983911 0.5468117089188513
7.4148416968937685 0.2567580540357655 -4.730708569844951 0.5229741760241595
7.4672648799571935 0.2281617229541164 -4.7683535496876335 0.46666890058099436
7.489409214905577 0.2968060369159768 -4.723689638800178 0.6019834045329907
7.460499919848845 0.25144040285832464 -4.7390174213904235 0.5101128811535577
7.430993224403787 0.26613796350333846 -4.731530050715757 0.5426742229453839
7.304325661856872 0.5582106808803939 -4.4548322002521505 1.1570744263992143
7.5200710107338935 0.2580212524906063 -4.807793167964576 0.5232634207220749
7.519516098801235 0.22804700459684263 -4.813487466705533 0.460352319390763
7.503542969551241 0.295097847966614 -4.760352057359494 0.5913692489614543
7.41910148750305 0.386697814805891 -4.626561608233011 0.7856829946651894
7.449781452942962 0.3266225008591068 -4.715232758001749 0.6661725326557042
7.458065221323302 0.2591376923728957 -4.747998682592341 0.5236806441635355
7.433696617348522 0.30543119000133223 -4.713092410393916 0.6184653060246674
7.372246279245326 0.2961548177693463 -4.776217188417013 0.6062152965962415
7.413233191344624 0.26328041554670367 -4.762424110845588 0.5321125316401011
7.4869860330595674 0.19403982686973645 -4.808654671029073 0.39040052951264953
7.469850992524194 0.21112792251887885 -4.819897689515418 0.42876366676962524
7.507356375698408 0.32617425306756725 -4.706054697670364 0.6569781797633801
7.461363064449573 0.3238126005035085 -4.75320707116265 0.6591223345331977
7.498503250201704 0.22252503613674088 -4.793637979451816 0.44870381475689464
7.440042974152725 0.31185395739525795 -4.677727383916242 0.6426044899602782
7.410878196899983 0.3258028676056114 -4.721946491701525 0.6693836507650486
7.466605650542419 0.2493885489403164 -4.758432811702927 0.5094354285623078
7.441972996533094 0.2611861818206895 -4.76395123251565 0.5311327041433368
7.469447379871749 0.30541009955383747 -4.740693911171408 0.6188037989354975
7.4604876720124444 0.2440994607929411 -4.753139061869323 0.4988263197186852
7.374596379217382 0.37320519743596803 -4.6001284264123505 0.7568460554340335
7.422791146023435 0.28587805393054855 -4.720654572247224 0.5725294676382766
7.410507940156084 0.23222702826984065 -4.75775524850957 0.45101361584378746
7.44843249216736 0.2786403853634267 -4.731369222760808 0.5601770430128313
7.4180646208643 0.2590305800636131 -4.743811198453778 0.5283566986323012
7.413522759988465 0.29647905720336776 -4.676840039754964 0.6038469121149619
7.483640487396327 0.3683547661628741 -4.679316905770085 0.752708840173397
7.477579228234455 0.26850212110294486 -4.733118865914637 0.5397523911096986
7.480090234056872 0.2091318544186766 -4.786883025449399 0.4270075014305029
7.420698289520605 0.26598142501147043 -4.714737988757127 0.5425428564216582
7.442391060817187 0.2244281970923758 -4.7724334389994585 0.4556705426441405
7.437777526818928 0.36025637895701434 -4.666895084952591 0.7381338037568478
7.39317385843235 0.23029774829423372 -4.802753977265211 0.46722337021381155
7.480380795498444 0.23719825742782116 -4.7863473497120665 0.47772830104355063
7.418181723884284 0.3243477154145818 -4.659422592812685 0.656976102844814
7.500664964463116 0.2216221865515591 -4.778371687436438 0.44329896302336286
7.466058528201502 0.29022548319076347 -4.76867245463891 0.5858031582273859
7.4539468037418715 0.27601551172802447 -4.749778485773506 0.5662430729113911
7.43291949413177 0.3049867595029296 -4.702742755579249 0.6267152408760845
7.471295345369798 0.23246754291766614 -4.750754874412456 0.4216805443352859
7.452851632094582 0.23901833578651632 -4.797673134725963 0.4801501879992586
7.409862241414126 0.21978382020674586 -4.782499253573798 0.4525534995521784
7.3797479935584125 0.22487336569860183 -4.792591530043695 0.4548196682751013
7.442235915475074 0.21796399884091672 -4.811644617596389 0.44448795953907866
7.44543749879081 0.22944322400156694 -4.752594108822535 0.470573616504597
7.445759466451788 0.2552527217494049 -4.761550483315853 0.5176925002632196
7.460894841332246 0.23089598145046727 -4.7605517832729305 0.4691204906491068
7.418054573671425 0.2786021876505056 -4.777388956876591 0.575723736707069
7.424478803605345 0.2755189430942222 -4.730479295240762 0.5655092174703765
7.48830920858258 0.20510275199110303 -4.816038372460932 0.4109788037223979
7.497840706853022 0.190370888679403 -4.816136964897924 0.38868229063538756
7.446364368338131 0.24554005346716845 -4.773646101164109 0.4968013259875917
7.429438123645163 0.2903980571558564 -4.7408594488208955 0.6014231711964324
7.5019525622592464 0.210272827903521 -4.796842410590499 0.43383811072276146
7.4753396613025025 0.24847218957415737 -4.789474508616526 0.5005166942530284
7.411926281720916 0.3190040787708021 -4.695263495097453 0.6480307342880353
7.377380794216706 0.19004752097731142 -4.812967255665102 0.3883748135752797
7.465829351930966 0.19345713000364625 -4.824216301807436 0.38171231072415207
7.3538537993824455 0.3209656613001009 -4.725857915307767 0.6710428662077548
7.410671303248453 0.25143090034852655 -4.765728704713056 0.5198046998231761
7.451360066293599 0.330750497578593 -4.672289032395691 0.6752596707200594
7.426457054823993 0.3311321937510497 -4.686866650845097 0.6794836169466131
7.489441389134076 0.27959064222964647 -4.749882553283921 0.565988356018745
7.54536440477637 0.16715796886414316 -4.823976782975089 0.3332114164930733
7.388266342028487 0.26684875205242903 -4.748302745959677 0.5458630074671875
7.338487266289457 0.24059823907968775 -4.762270151147693 0.49171512337063983
7.425347439567778 0.2267489760855815 -4.775248377736494 0.468023573721348
7.405374129826779 0.3575270026209667 -4.702829468904945 0.7303045492862883
7.510385246531094 0.20493439798326402 -4.81519025734198 0.4155767775995172
7.455735511383153 0.2422849463743808 -4.789900246752593 0.4883537422887211
7.490581876846363 0.21917438496970332 -4.791461442493382 0.43772759337069295
7.39854949173907 0.34445132577801185 -4.663866194594117 0.7107026173549763
7.384422261692444 0.3893258707202626 -4.614424116785754 0.7924192551726392
7.434880150914726 0.2351699069146675 -4.751855475643957 0.4835009052381868
7.40473121191474 0.2807114963916899 -4.775125438033482 0.5836727962824825
7.443357803579081 0.23594637358249929 -4.775024731268422 0.48121708950789416
7.410601940066542 0.2620088951557709 -4.74372812456413 0.5387452884548346
7.4493489449133845 0.25128825527887183 -4.776292186119355 0.5142124700203221
7.469238321483999 0.21310760272027682 -4.814897702163526 0.43973942034860697
7.4293494098884825 0.2915357521227343 -4.722565915517594 0.5912997896643193
7.464595524111603 0.24018950959530375 -4.794100834710479 0.489639561600552
7.490111613513969 0.24964254250199888 -4.779951732325184 0.5121954741120253
7.467883234316913 0.2556109554564326 -4.782961945240354 0.513222678640598
7.462168406688756 0.32781995365436023 -4.694132606176733 0.6676552413093618
7.440940285450928 0.30321271080110435 -4.699926441396617 0.6132712021176512
7.519084554432567 0.19968592909249355 -4.8107274554799915 0.4035626456725067
7.458990997391544 0.1939422233335045 -4.809354325290499 0.38502816353677266
7.447871381558532 0.24963825735406722 -4.782483309471532 0.5053981011223463
7.4779453296166665 0.24043594435221366 -4.7941892308574605 0.48770591319182915
7.486239417217815 0.2613200681509689 -4.764472228456903 0.5223397752172674
7.469320056320152 0.19965221279164258 -4.800073891340274 0.4023122251488274
7.428349024127167 0.36052932444469754 -4.690530809986769 0.729156829534359
7.352975749034005 0.3514656739144516 -4.663848553598362 0.7144439760410581
7.4872694568490985 0.25967643216129827 -4.781069370250645 0.524496284755422
7.463367438230502 0.22767989309693487 -4.799006521348369 0.46405220247926116
7.444652577519111 0.255824352039601 -4.782030591530667 0.5291506835503377
7.444449146613917 0.24535930491449923 -4.759242191192637 0.4999867851153258
7.412689914673393 0.30535649054209274 -4.688624071365208 0.6196636915395587
7.415535675107061 0.2550464386459846 -4.7276680481826325 0.524650713774755
7.416468294696179 0.35171473448799573 -4.673711689152798 0.722247456182236
7.444504975455123 0.2743007938221247 -4.727261618885109 0.5589127165686358
7.434778347536252 0.3060754046899056 -4.729725320117911 0.624219958777185
7.425497490477564 0.23372164253863115 -4.797494401623059 0.48040383472366727
7.486944071905414 0.18249526299348728 -4.794675602179362 0.3689727617997014
7.467337520540064 0.2724402732820214 -4.762172043697664 0.5576733179646362
7.382194233080947 0.36382406383742716 -4.615869251983768 0.7515244954691092
7.519615239414803 0.20535923228821956 -4.820939895268586 0.4143267432307147
7.44089527568558 0.2839890044638006 -4.771864358018573 0.5774707705812065
7.419400022821311 0.2211235217527471 -4.8046961945546816 0.4518564718768386
7.448359364086224 0.2949868696528716 -4.712798094030845 0.6004294754960767
7.488450784345781 0.26547625516379253 -4.773442031754788 0.5343822689408771
7.424545537757585 0.2208567297150899 -4.767809918237832 0.4503331137815719
7.529043729576992 0.2934436670590853 -4.7070764239692 0.5871677840635123
7.426919150083725 0.3811542036103981 -4.73542550711665 0.7901935496790378
7.416859682980505 0.35332116920841417 -4.6528127107253425 0.7261596840474379
7.450270607466461 0.42373543860180934 -4.678446631813074 0.8703633445815071
7.475200974579339 0.2362800471300469 -4.777247227776795 0.4756544254166103
7.395510734733685 0.2865758362601034 -4.7655552011683415 0.591107305424397
7.440217429073468 0.25984116534141527 -4.751601846642332 0.5245099464712595
7.474420185755921 0.24567767975645954 -4.742862254692097 0.5032839040087651
7.424080915712395 0.23635722807154927 -4.763018548741478 0.4775348706081788
7.486807492923231 0.28784436899808874 -4.6997057148751065 0.5798591800876032
7.511830958187749 0.24532485757142525 -4.769951312565452 0.49116823412662663
7.449941737087961 0.22594283155474337 -4.78148986496696 0.4555383769768412
7.374100773781082 0.44030441252593916 -4.660078305692846 0.9193588970362684
7.495050321228493 0.309483191826782 -4.715475497841194 0.6336832227044462
7.43401268369853 0.3456687093370383 -4.665497126556292 0.7072167324278889
7.380222284729127 0.256523531063416 -4.727271068001794 0.5326568877437446
7.520618782320625 0.24042420055274144 -4.78053529706886 0.48875650879653726
7.449908627694606 0.1939678868665884 -4.810725033495377 0.39122856224583263
7.421424386027352 0.26938129986317033 -4.780821459110406 0.5457176558586088
7.463534916157272 0.17910773308733438 -4.831876750147279 0.35975334842831697
7.385618713242698 0.29622801019799533 -4.7397768171039525 0.607729006441502
7.459309638697943 0.22756751129090796 -4.805950070901404 0.4676005038986975
7.440495335585146 0.211724568726632 -4.7984644658484825 0.43252214142666323
7.463910203264428 0.26151416480931555 -4.734225485004622 0.5392688728238785
7.443329662610807 0.25105068643943934 -4.754035848867119 0.5078068427567355
7.4813594019928065 0.2332160688053507 -4.77847649516928 0.4755080196974352
7.438876345275261 0.3388516352778406 -4.701571184952404 0.6952488871681025
7.386488460063195 0.3705094196753752 -4.671176046026366 0.7600477776264519
7.331768393551405 0.29722726772601415 -4.7260898887767215 0.6084848881807913
7.4688760207886755 0.2555862599945104 -4.776927644808261 0.5167382131507374
7.420287269382746 0.29670213714501786 -4.725759736369649 0.6114532204849049
7.319890281889776 0.41425112167687383 -4.552662739209083 0.8516721901258895
7.372068508689361 0.3233417921261658 -4.682545637516064 0.6603273510006834
7.434722285631996 0.3897182977532719 -4.678028017493434 0.8042085463195515
7.432396533857826 0.21358462085039923 -4.786009045677982 0.4313318749878155
7.432164634286402 0.325010530887639 -4.695027242614012 0.6650081303213025
7.437859592738555 0.2627100700910833 -4.739770996759041 0.5349844282927736
7.390605071744719 0.22515107425951916 -4.7712842045556085 0.4509513369572091
7.4156272697105585 0.3007881076806197 -4.715131232182193 0.6132962029510257
7.410877461964429 0.30488582601733083 -4.734114970076861 0.620712346978679
7.476443197851351 0.2432278251012004 -4.77886114942422 0.4949817662097898
7.515747157544964 0.29772397384764177 -4.762549538585131 0.612363316314673
7.380048138774511 0.28225790256877775 -4.753230063329698 0.5740062027496323
7.47512235969838 0.3052001109680895 -4.7516475538164125 0.6252923302607996
7.429248576476914 0.27036681144215796 -4.72101331730849 0.5553866679609455
7.402934809984815 0.2991186462958619 -4.779347272826353 0.6059593939756891
7.420987791239818 0.3260013099756421 -4.672203520950076 0.6676172379542022
7.4191187294836105 0.2614267693067595 -4.735407124474497 0.5349368831029812
7.367951676139143 0.27512768744174715 -4.729009035319148 0.5621441818162681
7.437284410384452 0.29637151715352095 -4.718424215817723 0.6026500561025577
7.49669189453615 0.229364165889746 -4.791403448015874 0.46334330081494096
7.392390230018904 0.30996527300658905 -4.6846688760525295 0.636569682463635
7.373483047408162 0.3673248380920494 -4.678216951345803 0.7553765845302932
7.444126297315558 0.24873596570862713 -4.7732546476189635 0.5067597943932955
7.357619461527829 0.3402727834898972 -4.646402653984726 0.7003447239554537
7.545662703463396 0.19235290493708554 -4.808409658276791 0.3763118233953397
7.411434226556841 0.26262008730687386 -4.761833676325052 0.5376207813910365
7.46352533630701 0.24566853565194588 -4.77445345081995 0.5024836796741984
7.44125491871328 0.2420288028818893 -4.797408788141991 0.4967145060168284
7.413827077113421 0.2320301392548983 -4.75308217060884 0.4730247071378025
7.425020037713814 0.3391093020088619 -4.703630000253973 0.7028034401756815
7.456832792161617 0.29995912331300245 -4.728570129842032 0.6101747490120385
7.463141865911092 0.30417255124198644 -4.735559588757528 0.6241944452294054
7.492102155115681 0.24465969159091155 -4.7798450713853065 0.493570387653058
7.438141643743673 0.33306233428568527 -4.645687451450103 0.6808971519892466
7.504426251959439 0.30418500091933126 -4.690216634208889 0.6148554091562138
7.436576496452648 0.2961579661870581 -4.727333262629559 0.6033051676059787
7.452047145345016 0.2861268743503256 -4.696337885071952 0.5842350344659883
7.446869229022067 0.28798675233266385 -4.731704213362353 0.5906817307615551
7.4337821752377415 0.270507289242473 -4.759611115125958 0.5518472462607534
7.414644021769682 0.19451673428280994 -4.819841624837539 0.3978195747033833
7.512985000850991 0.18063529744837292 -4.839277202733239 0.3604947387825817
7.411456665598975 0.23615258590939445 -4.784733722788662 0.48173890162421684
7.549172138545716 0.274352069054667 -4.73595790220538 0.5515843827384952
7.4231727670250685 0.3933843270516206 -4.689453608049757 0.7989893121973555
7.403554200910738 0.29491613958795565 -4.726777552769882 0.6062191319240927
7.4544672604710955 0.2519513000562869 -4.761436206453036 0.5100282451962964
7.4736094379532165 0.2760260538729739 -4.750276365643245 0.5580119317070509
7.467569524311163 0.2782432275588885 -4.7450146679502705 0.5578005998967526
7.43914447835491 0.276684040933019 -4.7738773273125785 0.5645790000997517
7.436214265431607 0.16765314524381847 -4.8251817931120335 0.33715945216856796
7.4518250332966005 0.3379569386509481 -4.762547471822889 0.6883774400226798
7.463996580751797 0.27979956866287486 -4.707424866807953 0.5464898403330143
7.461053128654889 0.32573610242247314 -4.721850817659762 0.6586924109359521
7.449429779261773 0.25391672989366015 -4.766451019506878 0.5168861905814764
7.466935784600473 0.23065118837498025 -4.784903326797328 0.46954256995223076
7.394383074295096 0.3374918747792575 -4.657172337926844 0.6877557982455873
7.46470893021595 0.2799965124307574 -4.7143661411065105 0.5738758285737418
7.430042754305329 0.25408128268724595 -4.7643141462816265 0.5138209518387358
7.412773471866441 0.25447635990167045 -4.762888062172722 0.5121623990561807
7.478838252380635 0.27393352372670776 -4.738965794256954 0.5552354349560954
7.528834943549721 0.23217999413052987 -4.814522286056825 0.4653880227141997
7.453594440235025 0.264368441428288 -4.7535735441716875 0.5402800392761241
7.457425300347177 0.24377484370252836 -4.7616823149205185 0.49305644141535204
7.454655428229037 0.20906181134862828 -4.793309052615207 0.4200414309281535
7.441490622673791 0.320206986912557 -4.7276187334367545 0.652108940183176
7.448708737336403 0.25803359271648674 -4.776860515880968 0.527886838686197
7.4466880923892 0.24983813262505672 -4.762822248712032 0.5086015696774117
7.541263205018838 0.21112545072787117 -4.796339837695829 0.4264904335525201
7.489704402245436 0.2601049812274632 -4.7801498196372005 0.5165576818623566
7.456440133893826 0.242146363402876 -4.71386920645625 0.5004222003827387
7.427263046960184 0.23291321390028835 -4.754760871791792 0.479850505450131
7.498449460227943 0.2285323001527597 -4.80387582393408 0.46309176653570483
7.42934094011401 0.26040110919354714 -4.756543006773564 0.5379677667115524
7.39824867232814 0.29800332128841817 -4.717186495884047 0.6096371599433136
7.431289852651446 0.26773726590905794 -4.774173740715084 0.5485232994797401
7.377134472792944 0.28456749539682374 -4.738710837966834 0.588218044102223
7.456305935812113 0.33128529214730496 -4.654198818730027 0.6746130037066447
7.331302254952007 0.5262443842665903 -4.404030641107283 1.085393499732039
7.534636208727063 0.20311867725029709 -4.815436482332657 0.3978831996985372
7.39319600703024 0.28676287165010267 -4.748695650043434 0.5803715611630772
7.455075588914215 0.29139315396811744 -4.731449684718567 0.5967859125945506
7.3705099531711635 0.32197765130708933 -4.697083316472174 0.6636048669052358
7.427302015246633 0.27080468944829383 -4.731588173165704 0.5557118531385242
7.416368189181075 0.2851254947421212 -4.744674362320184 0.575606503992281
7.409944281973065 0.22120625807673439 -4.791564401272691 0.4476906095393644
7.457889072488462 0.24910090960690187 -4.797537597543222 0.5000916766272471
7.429623479903546 0.28638222616733133 -4.738120168209955 0.5859135982855189
7.4181330047458935 0.269405280330146 -4.712586959460815 0.5580428683472725
7.532280308086808 0.2628206846699351 -4.77176015506765 0.5283207145116406
7.461735111074523 0.1630952227173509 -4.851609397321033 0.3267766600620301
7.410646875312757 0.24950220440742366 -4.771449413726117 0.5113696372333808
7.455627071779101 0.29666973461817414 -4.7227549510288105 0.6046236192269219
7.508604091852175 0.27719807754401826 -4.750968643174955 0.5696761329516217
7.429283357656272 0.3262484232755373 -4.713348167533712 0.6625369127356702
7.353856633048741 0.32194077435692303 -4.718277653926036 0.6526189910324476
7.477682732826595 0.29161752694806103 -4.734197822607008 0.5941873998014344
7.491214686134574 0.2303998371349388 -4.786868976336969 0.45859208344523605
7.465588955201158 0.3098406289105341 -4.731833700164383 0.6210967557338387
7.402569637917711 0.22864380778757445 -4.794549033163925 0.4692949200854351
7.477529427215741 0.24855155619862768 -4.790264606498498 0.5155987271440351
7.434885417074089 0.27444913666655174 -4.77994668986533 0.5588526066404952
7.427835615195014 0.330491568297777 -4.739756328094527 0.6761426867321589
7.3979605837320435 0.24382450558741636 -4.75174242804078 0.5064550122044182
7.478418016801916 0.29153769408619423 -4.710945330786242 0.5932771611189901
7.463394843943545 0.2675064790821888 -4.741632631748136 0.5331232365705542
7.400960257262998 0.23677382149538537 -4.760194661106084 0.48455382597512603
7.424845709735443 0.32941153230883435 -4.720338199167597 0.6811737612349849
7.368169627936826 0.3728033831627679 -4.5746573440982345 0.7650914095542678
7.555356289668594 0.17463028114207574 -4.8525595152771 0.3515075393024864
7.529658079569309 0.250764658787763 -4.778692707712148 0.5049533193259157
7.360206288359665 0.22455736520030525 -4.795118293949944 0.4632568278334998
7.443115908489808 0.3464942304344053 -4.706786527945619 0.7072708599936625
7.487277617214652 0.238937618137715 -4.766853425114247 0.49336413355791137
7.4244636327729765 0.26315063124838584 -4.750774498488038 0.5375047401607688
7.455584628245299 0.2608058941827843 -4.762787611127662 0.5262962443175262
7.4916729020239075 0.24290109652942468 -4.7787040551949795 0.4860769854467864
7.460676628478783 0.26169297176028955 -4.737451754381523 0.5232202922424632
7.325334276685373 0.41925829047142465 -4.5417311844732104 0.8567290590493868
7.4413291163125415 0.26787588790732 -4.782965268989187 0.5440641283706377
7.423267491165442 0.31050080626161164 -4.73509213152289 0.6474767896207815
7.465702537182001 0.2520075811925598 -4.786310041433371 0.5095173678535845
7.429977293323081 0.2595692137450974 -4.714202119824373 0.5329461909989549
7.478091745845568 0.2244523328351569 -4.801585136016792 0.451257927819059
7.452596707253722 0.23368261031769283 -4.7801461581472005 0.47883151272921937
7.46471698291178 0.24507044792835053 -4.772648109883207 0.5077653824207443
7.541347760203976 0.18942236397842005 -4.837823089653385 0.3801948917700503
7.452807494987029 0.24570011495456148 -4.790427224562858 0.5048366093906941
7.411834448258414 0.31453649382807775 -4.731705978685703 0.6402236517414108
7.491245589931531 0.19198099892083212 -4.810765351204989 0.3930722361215316
7.441654971171108 0.2646214542260791 -4.771099841164654 0.5357888694650293
7.415756364429189 0.27992896655957816 -4.799176881411617 0.5735696731783902
7.376047649393347 0.30031734506855057 -4.741816733191084 0.6262890403462634
7.337092116040619 0.3903240174806358 -4.6224329980842835 0.8042697691940977
7.357727135832048 0.29029684391748467 -4.689731476762008 0.5991315821379559
7.455262571540178 0.2939068939256249 -4.732738174250989 0.5953443499487888
7.413244151112233 0.36009727404163644 -4.698606670052567 0.7324651178705176
7.453185513915221 0.2586545109755964 -4.802790624109322 0.5306897626569442
7.446476871743627 0.3379035104519653 -4.729741157089125 0.6778803516775154
7.502161069175537 0.24031112761299236 -4.78048040171274 0.4898245554939899
7.445510914915887 0.2829582274639111 -4.69650490246032 0.5736838721968254
7.433152039925486 0.30080006267289566 -4.731839158262456 0.613323000491816
7.432901498775664 0.2645126766127502 -4.743997650291232 0.5344770203734641
7.411275393421518 0.30339057030262184 -4.800347050411922 0.620050087497633
7.432906557261718 0.32887093335622525 -4.766914091449876 0.6701157894754453
7.417561132721288 0.2780970440710151 -4.750095073281097 0.5759458260122077
7.430439612781788 0.23806396497088556 -4.7618977150837996 0.48151390649770864
7.5232448438751565 0.2643478919985812 -4.773935618261248 0.5350085897188127
7.372598939826814 0.28733122082331297 -4.751346923402567 0.593154746047154
7.410518645055149 0.25515129323155133 -4.759467997619902 0.5268703998275112
7.349776683195062 0.3461746192687799 -4.5971316754124025 0.6773151791105548
7.398885999460628 0.2616348961012389 -4.708041984592672 0.5398330799182355
7.466542542261756 0.19776889248956625 -4.809733645935019 0.39440777876368094
7.402031300217255 0.3356816565751436 -4.734205717482717 0.6940797173887259
7.408297943800367 0.2907842322208041 -4.683481070327955 0.5973926602119316
7.432881931109748 0.2765128580448566 -4.750410679324539 0.571054081679534
7.449097449423027 0.28394934278552325 -4.728480734229866 0.5816308982431896
7.453835483037511 0.29952746313374073 -4.723127170296538 0.6049664185092668
7.4523357031392115 0.3477185742858637 -4.756395027811049 0.6955874410218112
7.4462737639397325 0.3047677163691334 -4.710546054278639 0.6152748531881398
7.515198850967646 0.2171789200416975 -4.7981518596124895 0.43745281896758115
7.475303240787032 0.2624626759307609 -4.7490033334825235 0.5322600441311184
7.438160952658325 0.2556755253096936 -4.736062445247031 0.526595109072236
7.420190958096649 0.2923154352810523 -4.711277586621569 0.6027934955757985
7.570574236923907 0.26643578302971843 -4.746792208258629 0.5308876808972052
7.512456396394871 0.2342054386334185 -4.789321033255118 0.47908309858606934
7.396372122917688 0.37714707811220743 -4.69590009593505 0.7828419863042096
7.46589972427076 0.20713865053508923 -4.799642218318649 0.416236370595199
7.510294530563364 0.25749430410236845 -4.763832570309919 0.517392418576416
7.466339851592931 0.2436648861158681 -4.813774001551994 0.495103031886608
7.458563712391685 0.28640135179662685 -4.722491239159158 0.5835861769346844
7.475332162497322 0.29870607903532853 -4.74620909127591 0.6094959639475083
7.417167552521523 0.327167428508727 -4.679119530759881 0.6713560788208714
7.493223229201323 0.23139158960093192 -4.791648354776973 0.4695458901333221
7.463268570512752 0.29182040749702 -4.711581768081254 0.5916237637605664
7.4490338064644135 0.25498930912202694 -4.7656847935296 0.5184061696869139
7.484809137139864 0.3587073636388406 -4.74625474201499 0.7283666437241767
7.539863092500745 0.23797961102450668 -4.8063651867699555 0.4815732748062667
7.447564928147653 0.31054563405047164 -4.715089998558523 0.6349381357720829
7.477701910183809 0.21633199494277117 -4.835093515741977 0.43341469845466757
7.501886188349669 0.24014426120454793 -4.788778780257795 0.48629932617147037
7.4866024176590775 0.23412537052723523 -4.784575266793151 0.47530956293518634
7.458921012324309 0.21878977201118815 -4.790524130592864 0.4504153428817928
7.401445906418397 0.2812218969611955 -4.717483031054876 0.5800151074484445
7.461974381056844 0.3263464351436417 -4.727499883714007 0.6566299069249849
7.43943305284917 0.21590991011221913 -4.783564508842432 0.43836479215026125
7.449928352843093 0.20681228850252653 -4.7935208656620425 0.41617610018149026
7.416998469156748 0.2825745197165792 -4.726056049090097 0.5746553313225675
7.491179898282088 0.25861235326433146 -4.758730188614592 0.5234686448020995
7.444395476497569 0.23722467100002348 -4.780135233940992 0.4842439169171472
7.414683340793222 0.2750029877027744 -4.77963610701361 0.5686626492491037
7.450982484251879 0.26133033084704355 -4.746580147120648 0.5300618480634561
7.443166831572458 0.2633110330749041 -4.7222767598580315 0.5416531629780461
7.4687640189683595 0.20165932404536802 -4.782038961797496 0.41046680602048785
7.435569056627173 0.27636083363963454 -4.741844841129447 0.565428262429488
7.411939913979737 0.34595703593412075 -4.682318928075583 0.7096320003227465
7.517284809213325 0.19652376699009483 -4.819044936703541 0.38904308043081626
7.450771354784843 0.27664884218385605 -4.752627214835947 0.5619101999700838
7.490753655211635 0.2688710459325643 -4.7591329277068315 0.5396933573087729
7.438841745716887 0.1926367460410648 -4.810910536153176 0.3924061939206335
7.461762439357219 0.20312758997642164 -4.8292997117347465 0.4150225296548977
7.406598551093509 0.2903553395740441 -4.714524301908389 0.5887699771689394
7.445988667566633 0.30972811318114635 -4.695683443816094 0.6360511136265502
7.451050680316431 0.22559828716176253 -4.7871972505669405 0.4556651788318949
7.521993257665196 0.3487809879844009 -4.7314677443486195 0.7120839152951476
7.439516757933459 0.21304186547183257 -4.802949612858462 0.43950841196016427
7.409738194017841 0.21994288233628018 -4.7831618725721174 0.4480638410677772
7.38361624890792 0.24370162644160479 -4.743010858077145 0.503473991238954
7.462457532557098 0.24459551962249923 -4.765794978389477 0.4931708403096667
7.405854562551626 0.3601107995467079 -4.654411159652725 0.7388518295722576
7.399491785695064 0.2800754096108269 -4.747306732595314 0.5672045106214815
7.404668335966367 0.25437490028439225 -4.747091147032037 0.52546558179349
7.468532063155437 0.26748769092147623 -4.792362084995542 0.5498631786595841
7.486214715673485 0.26432008871496254 -4.751813256573756 0.5314470465091083
7.402731685306021 0.25444219215633657 -4.737002441059879 0.5234132136223401
7.431551029486846 0.3064159257671213 -4.714797140566641 0.6230861271941276
7.4575467998343 0.31759187072312006 -4.776892034695925 0.6567883295203903
7.387892427918736 0.2961502550206566 -4.736707826402585 0.5218173781037555
7.4224183862477515 0.26455331900239276 -4.7678669759130905 0.5432187945736637
7.403171451430138 0.38074488629931136 -4.664979339259904 0.7840749705462706
7.454931901842582 0.27238454487783575 -4.739170103340269 0.5538597041956188
7.5318250706359615 0.24368511642777824 -4.770923918013414 0.4885910777215146
7.413196456391628 0.22060572682921092 -4.771214244741632 0.44585226086581514
7.425548184410852 0.33126344530301227 -4.660439305483829 0.6864206600747534
7.469968118764978 0.24604621053435316 -4.79241623836169 0.49077298517338885
7.443911424266561 0.2929689405797602 -4.76382783430774 0.5871851600942403
7.482231653917495 0.250071648331687 -4.770581286612897 0.5087725319581269
7.549054057685199 0.23896089733937834 -4.7774219583041875 0.48279986309308687
7.442965979222997 0.27213155320807214 -4.7621270190968765 0.5661456118158977
7.4661246575397 0.26576897120139303 -4.773602152994144 0.5398298497791978
7.465374392573006 0.2418971083609947 -4.764991326885333 0.4967184057590911
7.483014097832719 0.27720128731389304 -4.72582641295016 0.5586435813633545
7.5403462605818135 0.3056280726089065 -4.750690307245945 0.6177602306556729
7.434809270128582 0.2948232473497794 -4.732307332865302 0.6080464397294562
7.422863854124518 0.23825860186468933 -4.755161415892331 0.4794554030702258
7.42279019718965 0.23435739688520132 -4.766256428107012 0.4795984689629151
7.4123962791840565 0.22515979557214394 -4.771342898076131 0.46244691218425116
7.458018276326859 0.3041661646917408 -4.736747487790651 0.6185522605052732
7.406766737315415 0.33502075492513317 -4.634789009323447 0.6833723690238549
7.421314639747113 0.3215871090528182 -4.7424519042123015 0.6632985985891584
7.476459555375429 0.29950389725879967 -4.705958542104888 0.6180651552296808
7.475915600171067 0.24674426800072946 -4.754913544971004 0.5021227537889805
7.402454646548029 0.2684247951227059 -4.736546056706821 0.5543299887152657
7.486820380691714 0.2591148017946886 -4.75555865824759 0.524652923969693
7.414006771198288 0.3426036688566585 -4.701930295060361 0.6932864784739559
7.37346746480371 0.2460071620848429 -4.786573330478612 0.5000673795174587
7.460285609035527 0.25775319393322044 -4.77430919203648 0.5268542887313457
7.4483432351979335 0.3021369993631483 -4.7531164415614064 0.6115443758404628
7.4332118788455865 0.20086256710476638 -4.810853426388054 0.41064766083130017
7.488282222552904 0.28656188169772334 -4.757144311114333 0.5782868443129925
7.4390077160273425 0.25800167098870236 -4.798134911470564 0.5119360424896241
7.460801572815944 0.1626227889046392 -4.841632432809268 0.3298518278611669
7.410222384155404 0.18408845090033535 -4.826539198523541 0.3738084094942076
7.490819427973643 0.25794099007000904 -4.784601360567519 0.5180055751356508
7.465391334976179 0.27404696343975354 -4.726681921352194 0.5611256443800621
7.3709519841482205 0.24454816104854607 -4.771638296492357 0.4978000920258867
7.466470041269481 0.23003264632463327 -4.761272295995786 0.46128859536932526
7.392151384125528 0.3098567174123648 -4.700695974109651 0.6412981376137868
7.450303920830633 0.2871610886646874 -4.759350279317772 0.5754727819546925
7.45584928056571 0.3287712177478234 -4.726973888376096 0.6688080729919748
7.4644866716695315 0.3442484342092076 -4.733368137490462 0.697645186685909
7.440354337949428 0.3545105592617167 -4.693165530738263 0.7239798917435099
7.440647839647978 0.28848449100944257 -4.718562733256745 0.5889649861477708
7.444366039880437 0.2864823119952153 -4.7192703736890325 0.5832062866766067
7.439360984783553 0.22689939038928025 -4.777274205021088 0.457096524322022
7.383441949878126 0.35432134385905606 -4.736884219925953 0.7365687145250944
7.461411634491851 0.3780775846186596 -4.738283675557662 0.7770166311702928
7.49089752300722 0.2456045460027037 -4.768393424738842 0.4830981836987005
7.447244823565031 0.43432852534210836 -4.680602790363428 0.8581591129134455
7.416606335985874 0.24805877899009124 -4.760454856168595 0.4972711868536759
7.414208767968896 0.34318655039885926 -4.67206875738572 0.6944935721396303
7.527694446928914 0.21423666469241287 -4.799251248492162 0.4259114629007113
7.507241079188983 0.22451988216895824 -4.7700865917960815 0.4555522779061138
7.405187990536545 0.22079089365398238 -4.787881097748596 0.44381032446917007
7.483542175749125 0.28194885145211745 -4.752105131704363 0.5699288909701797
7.387595305649329 0.3551660779104444 -4.646601069506378 0.71889323667922
7.411326645892944 0.19151667852833543 -4.814052224276198 0.3956196107069925
7.508633950400632 0.1878880498648153 -4.826942966925635 0.3799391450271702
7.467481861335638 0.2630415134809522 -4.758072030946211 0.5431150409933421
7.475775886451684 0.24576742411074642 -4.758723910048686 0.4932044933954565
7.330280626536549 0.3143919263228116 -4.677883447780304 0.6533500435983532
7.44251861167095 0.29794878296792243 -4.70454530538959 0.6080768074955161
7.499997451697389 0.3393257937626086 -4.727449688951983 0.6866071993690406
7.398811426043278 0.2752725737367358 -4.708599384013738 0.5680092478017272
7.479539538100172 0.25983822016208313 -4.760338566470579 0.5189812494153528
7.446407624579447 0.20930567717105686 -4.786121093188026 0.4309586104360146
7.470559011374128 0.21689087357882503 -4.788271764764529 0.4384289819372826
7.43760677853539 0.225096394262132 -4.782933123640826 0.4444112490843827
7.439964133356962 0.2897439031415415 -4.715922179662306 0.5966307946501218
7.462677433023465 0.31818416909406316 -4.7579502173706185 0.6468612091909842
7.445643414413133 0.2194570386134296 -4.789502652839829 0.4472417034977518
7.379605491713644 0.27805518738577706 -4.706967398096373 0.5654628247031005
7.3715510218857325 0.40373084835211437 -4.574542496852475 0.8319757529040501
7.455092748801583 0.32577286881256623 -4.669525518315561 0.6563124804105368
7.48332482797043 0.34135487593502695 -4.718958655737465 0.7029525745447586
7.409416258762927 0.3779307255169602 -4.602914741542203 0.7651582504402322
7.488448017416422 0.2440773267525416 -4.812838264635307 0.49514036098630326
7.423261673498647 0.2640395107663116 -4.708506897683995 0.5470297524549916
7.549133390688351 0.24155172529511024 -4.774305081907737 0.4855041105208315
7.419757192534068 0.267550252892122 -4.758085079616673 0.5468104665428404
7.450066461657674 0.26710102409321634 -4.712406349117204 0.5514209142956586
7.422414192630355 0.24946658935806681 -4.7754298645976805 0.5162223070517681
7.410547914726814 0.3715131936741352 -4.753281745759035 0.7604957699505989
7.403296200700444 0.3300739945959602 -4.695736075227282 0.6776339311243751
7.451384878613986 0.24820124764339824 -4.764092981084559 0.5098966891343139
7.480086867685031 0.2536249628105934 -4.772210283322526 0.5183235797878305
7.391155567577043 0.33715605468849463 -4.678469716926449 0.6922702299555547
7.367527169785212 0.33979257245496075 -4.669033366753485 0.6906025795604591
7.436846947333631 0.24449968630592367 -4.8020754567930375 0.49113221850676014
7.3916765818997705 0.269874680247911 -4.72435975701522 0.5569781411175522
7.391069005702695 0.22224332416262793 -4.782407382693368 0.4582723892571955
7.511799251877323 0.20408344275022536 -4.816677952763047 0.4109964748804816
7.463292813134574 0.3458739668344242 -4.719622959035789 0.6976667927745844
7.438398959367316 0.2846575288150712 -4.693619569796578 0.5843648955847414
7.390461075557987 0.27560123632807315 -4.725733704106007 0.566285865532748
7.4124402015399 0.25464675920746455 -4.766096979424976 0.5231618393499359
7.426320302055362 0.21154510624968575 -4.80125091307383 0.42841646784500714
7.385003225709488 0.27531502055107193 -4.722621011287333 0.5670398423415347
7.475206280525152 0.2573905779362443 -4.774045914888949 0.5201529016019041
7.436122028409105 0.28471269687051703 -4.76922883061298 0.5841515244770724
7.4465518056029785 0.2388342649358993 -4.755313002156287 0.4899177904050812
7.469382281484084 0.19092883217821716 -4.810233582822482 0.38629340361181325
7.435037482427675 0.2293278878266932 -4.7904248284282644 0.465427125070599
7.405051616500414 0.2868535535415654 -4.725257742821044 0.5870902189395145
7.475605868769994 0.25389779300481785 -4.755324726910722 0.5146271874979059
7.469634453476491 0.3100352086968022 -4.718447791853929 0.6243048604906739
7.397041510025221 0.1926645657732886 -4.81318267471953 0.39419015798725243
7.479188544996653 0.3184753143426919 -4.704830142166946 0.6461848887186403
7.442781126320725 0.37870727827653167 -4.639225400894164 0.7664351465824207
7.43771106731764 0.3787306666285835 -4.712114619026946 0.7716282878389567
7.32597345612866 0.3831158207795161 -4.589614340250976 0.786624364333894
7.443089174668187 0.25606993055278837 -4.762852950045677 0.5300787120294468
7.442323540697126 0.2357789157049958 -4.771166821848241 0.4875309515141339
7.425464301340716 0.22723369152296158 -4.779239758683942 0.4619447492561076
7.419125507180469 0.2829977232437363 -4.73006391418163 0.5862173737401727
7.43822497700396 0.22030294591951594 -4.80220808002036 0.43902626062653805
7.360696136072011 0.3419921097110211 -4.643501071366681 0.6946681313061612
7.37338037189458 0.4330291040050432 -4.572198091962482 0.8805329982252005
7.389786199435113 0.33758307935096343 -4.693815294057879 0.6962744781047249
7.487114026948866 0.22793858101530512 -4.786764171787983 0.45147584866011986
7.410373273438077 0.2935550470551592 -4.681929926318171 0.594481400438231
7.427871467302241 0.287910373781471 -4.710244406822014 0.5838753059985151
7.515533080066535 0.20636776225898953 -4.830648551286419 0.4101860467926173
7.395876155926352 0.2793760097556942 -4.742660364438651 0.5730349528277335
7.464812658748067 0.17534383362800765 -4.8452139182837435 0.35682687984135336
7.453101444067103 0.2723616222402972 -4.785618193585327 0.5618783663157806
7.4378575447569535 0.3010141439038503 -4.705995527765145 0.6134972883934011
7.4245571261426795 0.3268654444633019 -4.675002077300129 0.6700585073864336
7.433926345589686 0.3022486240233691 -4.730306474861438 0.612027757036359
7.504108153211519 0.2642039992491361 -4.74834345174407 0.5423848825585261
7.426385006003251 0.26531583947457743 -4.749362445404428 0.5433379945460948
7.3669740427298205 0.3380898188019634 -4.662887409214678 0.6917421935074999
7.422269937241744 0.21146615742698519 -4.79882325555633 0.42672798383919447
7.455833172244127 0.2263582710041024 -4.780191294078334 0.4584589629284804
7.420283676597557 0.2428749042826978 -4.766414674728955 0.4934818461912045
7.430289515633065 0.2664058334275251 -4.733576176795596 0.5379781205291276
7.4945183326288785 0.2410683594203998 -4.835345446758199 0.48078491527424116
7.486325906574359 0.2553678771965367 -4.772544936249407 0.516865544729323
7.448478824425318 0.263826406232225 -4.770044802749063 0.5383785740812392
7.4735442230812605 0.2368907988834307 -4.785194598536927 0.4864590330984709
7.4492032628291245 0.30560571764660277 -4.6977194647962826 0.6170259318330222
7.436158703840143 0.32717005537345667 -4.683585413678183 0.6680550481703408
7.393452527370656 0.3697817606864761 -4.690087871709083 0.753705247060465
7.4102632702534 0.2775961738171535 -4.72120220320814 0.5687518721440019
7.491123331450225 0.20986765095338847 -4.793854207671298 0.41760336814588594
7.404652933174198 0.27490785161214526 -4.719882519768127 0.5647177753328577
7.368451792317915 0.42368600978033694 -4.540022774248962 0.8687467681792646
7.386261378969311 0.2276096243107031 -4.777346648963504 0.4635834679127208
7.465073533154943 0.2667356427006291 -4.7538467122263235 0.5471440984058944
7.491458544760319 0.3344333270381056 -4.7481088061167025 0.6757146121561031
7.457525305246173 0.31492150581447337 -4.71859315144329 0.6369438778196901
7.420112206495137 0.28307994676384135 -4.73918218426806 0.5806514748491236
7.455552139600382 0.2605902551317449 -4.759988540703651 0.5173356389106819
7.527435125764061 0.2753091763783697 -4.733938944531005 0.554023460516003
7.454609630367608 0.25143629112372573 -4.748674683452528 0.5126637961199195
7.439559234247283 0.23917940559601533 -4.734886917476144 0.48661309321932633
7.472753379138347 0.22130724865027412 -4.7880305176176625 0.44849892114147843
7.549127960410044 0.2573824476371484 -4.772960909227987 0.5122317231168415
7.392891234107195 0.22217750793926194 -4.778506119400099 0.46380674802140887
7.473308500465876 0.3210588366214766 -4.715400976747125 0.651864274415603
7.457044245955133 0.3085300821349878 -4.739219412201185 0.6354878294763617
7.435759330923308 0.2836908354043631 -4.70008854060209 0.580647912475958
7.5314817387685435 0.2556410844778287 -4.780454927238305 0.5130046370026733
7.42967459395624 0.23709079801641658 -4.735513831394847 0.4889007881959673
7.432676377428818 0.33798937454750544 -4.658171676867821 0.680681780974709
7.4141094799087295 0.18358184559368504 -4.799147488826163 0.3759529560304465
7.458728179640864 0.2064476574561399 -4.8125135336063085 0.42059028329763937
7.502059565110024 0.196196783954183 -4.831907719000585 0.38266111620888976
7.515230202910608 0.30522464945436734 -4.718050611729435 0.6196014658887176
7.446953386267538 0.32724935669807254 -4.732186940008072 0.6696117171179659
7.465140720518464 0.2380306876120616 -4.7784985399887585 0.484576955684301
7.428062428139576 0.22482251240624462 -4.78621026804905 0.45515832796716904
7.4159200036512765 0.24202170476443943 -4.765921582932441 0.497406964604564
7.4584940399221304 0.28530656412072136 -4.758933752262706 0.5794576488049177
7.44132277787998 0.34005345806321624 -4.716170950909631 0.6950300973312016
7.438355437111316 0.2828090862721736 -4.761220328880215 0.5853782863097177
7.459438208124455 0.358400988986451 -4.710252042078931 0.7320367399281592
7.4652024838983255 0.19823854756868556 -4.830064175318119 0.3945468877645634
7.427847453450893 0.255476310181675 -4.764855708397345 0.515782925353651
7.317743649521559 0.5457127018778443 -4.405864736157817 1.1041051436088891
7.437898839079638 0.23849918936514958 -4.784378776161152 0.48771940581232
7.48483208057505 0.2472597769875119 -4.805364388216043 0.4970042784304556
7.441049203001072 0.2801244279763574 -4.739891889769431 0.5746697616780432
7.517638818995195 0.24300805233469766 -4.799974360001437 0.49696866793311334
7.445189189254407 0.21063565250498564 -4.779339265559644 0.42735636959345735
7.361911212426067 0.24460975796902942 -4.754821429749603 0.5030749429151621
7.425055728834087 0.2673485198411265 -4.74649947592201 0.5463479986168126
7.4661353386674225 0.27653767517149785 -4.72697731867313 0.5715487546340441
7.430655053744987 0.31443695683036194 -4.643251792127 0.6414735908747775
7.435250986729086 0.35664685476979063 -4.684668247141966 0.7268112156102506
7.496495717997076 0.3348702994470783 -4.721580251991684 0.6703913538793737
7.3544281303746875 0.3013776959826602 -4.686936828869639 0.6157666783332144
7.458886717858871 0.3138734758711138 -4.714375100899731 0.639410622693935
7.434183762929344 0.3623480789278607 -4.64740141042385 0.7368499662516692
7.338945318952861 0.38722458510435653 -4.648910207730929 0.8023423364103829
7.41018649119092 0.31581573828838266 -4.694538466315645 0.6484497176048382
7.407774938864783 0.3074885986199725 -4.694536957105213 0.6285747577997073
7.428820609153101 0.2895914400836679 -4.717562933945262 0.5915694414235935
7.441090759112047 0.2813062522000668 -4.736699517451117 0.5775546210299285
7.382734348149896 0.4107883279515315 -4.638999866894303 0.8374878636521512
7.457887641702834 0.19605438703392833 -4.803261573239478 0.39837411471624146
7.474531444997775 0.28594020203914733 -4.749824822443948 0.5808399940600383
7.507397671276033 0.20615754794198987 -4.803224828497498 0.40926453697752735
7.410198814671905 0.3039521722684827 -4.716353744004596 0.6281547350391121
7.436382638827011 0.2559069459206521 -4.737395103260788 0.5261832275353732
7.426823779305902 0.300872849364274 -4.708174389061819 0.6145993212617336
7.532870547485892 0.2237877236711383 -4.788460613381037 0.4531453807582129
7.503068163543272 0.23965214917845495 -4.784251536889807 0.46955396565334384
7.37115628693711 0.3509708004640146 -4.711715684368377 0.7203019113602004
7.4607274650392785 0.3039691643228652 -4.722113431530367 0.6269533926878387
7.441618280361413 0.24520094385733085 -4.788284995296079 0.4918327696234535
7.471234202804078 0.23973954755432575 -4.769130313252644 0.4799000094440394
7.449017020084787 0.20481043915912686 -4.804826793319529 0.41319866729145355
7.425521372449248 0.2962589994157338 -4.708577224052143 0.6158352776109315
7.44736322293344 0.29129572154600303 -4.745226888500117 0.5957556420625761
7.449891176820136 0.2579976786456375 -4.801525725463986 0.5278886104487505
7.456081686528825 0.2834034325904203 -4.742017035131626 0.5784714454842955
7.406765422676651 0.34526169986625044 -4.678895891558385 0.6993255945118025
7.4714006261165835 0.29690372815154314 -4.728313761809632 0.6054662892803507
7.459790977625576 0.27606315124642167 -4.744902700993942 0.5553495269546183
7.442885148760091 0.3059019727876431 -4.685110946840644 0.6155294033969476
7.36887458566258 0.31727541540954857 -4.654627678874887 0.651034055117114
7.461084948775306 0.2731890255362926 -4.797677469808901 0.5528035575547623
7.436354098692126 0.2658433721434438 -4.728210135227763 0.5415183021480697
7.493167868955259 0.29618008007758895 -4.764580616205775 0.6011934821099166
7.399710947287545 0.3524462430778247 -4.641057958117192 0.7202095242829295
7.447319662648301 0.22686509710451347 -4.795547508628745 0.45687071993532224
7.452321588503896 0.24588318375055201 -4.77273904161043 0.505193510349089
7.422902577869434 0.25091986376499614 -4.7463222478656775 0.5154503468253473
7.463355819013895 0.2132231221234774 -4.794691744242963 0.4381813283981111
7.450644574986558 0.2729338691646508 -4.759937030478705 0.5484861745906168
7.370835416771845 0.357465473039925 -4.710384508576038 0.7371323091297733
7.422943879460737 0.27385183449033496 -4.753199844951853 0.5643649191101024
7.41287293421666 0.2705881631278127 -4.791372917665909 0.546927903767103
7.476037081132778 0.26538970540638307 -4.7118486897361525 0.5293073079855856
7.364207294185882 0.30069236405498845 -4.702240255757854 0.6150655186126007
7.414672885902768 0.21800262736891673 -4.792623896034138 0.4424798694738245
7.463417370822201 0.229149179876729 -4.761003080586721 0.46991933343921255
7.4132498449583695 0.21882884244707262 -4.77402510355974 0.452370474749494
7.377092192260735 0.26312511004002304 -4.7490807541379105 0.5459822695425954
7.437349992183389 0.2858882114620391 -4.712567906046518 0.5832060050760444
7.42969534605491 0.27574769581041686 -4.7504176577379456 0.5660725374889374
7.424561715587484 0.20668660905519454 -4.8152012262957165 0.4193978102562609
7.460881309086124 0.2034944510456289 -4.800243741319431 0.41658586123098484
7.500758195062731 0.2410586287415832 -4.79506274990066 0.4874896486946592
7.386319387916362 0.32639880598504717 -4.690581506310711 0.6668840479898404
7.3897416431386915 0.32028616740723437 -4.68682125750423 0.6637775409095871
7.46563074683109 0.16835929746314238 -4.829201854914106 0.33595215955681745
7.483900718998717 0.2673290328503628 -4.741585721362558 0.5435088529787646
7.421226586447892 0.3292889736832447 -4.682317337571387 0.6734949532816057
7.4813504310693455 0.28334286668662034 -4.748265285191259 0.5755151749226766
7.3478891218012246 0.3883492481378222 -4.6553571377621035 0.7978652619068963
7.565846372044994 0.23947127211788216 -4.78486016938049 0.4793823435012429
7.4859908263055805 0.2987313015787231 -4.744365281958656 0.6017950619488215
7.493366760580233 0.2417529827833908 -4.788627924225425 0.49273455173221586
7.380071808073687 0.426340667549663 -4.6115928696314885 0.8707461627038965
7.509545664194553 0.22817687894956432 -4.772745098726616 0.4649560835447967
7.444261988855082 0.2110515942986687 -4.7748130459652804 0.430563676526247
7.485283545842625 0.2640225797470382 -4.735478238141477 0.5344473895041623
7.4529604722887175 0.3180096198191045 -4.725918497906521 0.6475821715166852
7.439955620002824 0.26861153001231264 -4.764283378956469 0.5488629179537083
7.455997122675012 0.24641405567425348 -4.737791638121394 0.499362731581573
7.501506758664109 0.2390493839959662 -4.766782037427772 0.4800544895640224
7.403648561442555 0.33377333481445715 -4.659199879286073 0.6828842799062084
7.437003425555552 0.2502950977649703 -4.7686339750246844 0.5175457594814306
7.459887666164315 0.2718949719931809 -4.779461856119182 0.5552168673175717
7.487745345653447 0.23428127565137494 -4.760733053985172 0.4734464721647531
7.440710152699603 0.24561119093843709 -4.7372552058648605 0.503049577533326
7.503459004039454 0.2369928827435305 -4.799980351918354 0.4773602017650113
