6.665117410221214 0.7343212397732248 -3.086215600344161 1.5101025314004597
6.985662609261387 0.7607047530452109 -3.8575205438945757 1.5609848758521816
6.581194047758627 0.725720998630765 -3.0208932087594356 1.4941872332863533
6.343097975392649 0.6936617245623405 -2.4982458488509725 1.429399771651452
6.8357451640439795 0.7204140658595835 -3.552968554772446 1.4772025450754982
6.560885435099538 0.7813701053592672 -2.897030947847572 1.594281522569631
6.605580074384706 0.726112774841942 -3.019775435579398 1.4850114240066188
6.886921528778542 0.7719958665636315 -3.6386409540558233 1.5801777500400658
7.223065794847564 0.6007603641908222 -4.195454690454872 1.2157392208411475
6.380924080468576 0.7367650136395839 -2.6156523295589764 1.5157702734968197
6.927893705564806 0.6521527848956146 -3.8540080749233154 1.3466899269035304
6.293875035838129 0.7231352835126365 -2.3988040752610322 1.4827730427548602
6.054252200631192 0.686190407910845 -1.8607681454919434 1.4084698196011662
6.835409977026693 0.6635563759687408 -3.4917496078014936 1.3525522701757735
7.132282362193952 0.5859479430703911 -4.150377551958256 1.1966258889953192
7.2910321838427015 0.38523125495298893 -4.452109042641048 0.788614910974534
7.136702446217949 0.6270806137314073 -4.0943759924932195 1.2877895030199757
7.190535482529729 0.5584998345340638 -4.163054254160229 1.138067644513305
7.012964853802867 0.6983642732322098 -3.8534855509497214 1.4383414127736716
7.144690232279972 0.587609947708026 -4.154307261047559 1.1900499409232104
6.589913756327373 0.7928612896466123 -3.0470435201788986 1.642335237158755
6.206184688640841 0.737567579863658 -2.34126472098434 1.50013871358374
7.033656428549856 0.6514278614975493 -4.035637316823912 1.3413889819114726
7.040325454352638 0.585430962934971 -4.019071875579742 1.2156787186204456
6.798445728082878 0.7008177051762123 -3.488217739776273 1.4367409655429726
5.976011733046791 0.6420596473585561 -1.7098503412124355 1.3086462762290687
6.239919612990808 0.6785768729505604 -2.2887272934711733 1.3879499838698794
6.928368432975724 0.6781194514502089 -3.718450552557328 1.3872609127568367
7.215265214493888 0.47231086657931454 -4.403088244254365 0.9807317035296693
5.809793667700406 0.8081034327300906 -1.3967376046209043 1.6542838173571761
7.003414819723874 0.6850546930262741 -3.950213490996598 1.4179365249871447
6.029731326215598 0.6345786918368544 -1.8772074522786804 1.305536032541505
6.456790773654172 0.7732404787459352 -2.6402293451136 1.588063338494994
6.633170802672865 0.91124227041233 -3.08224292079662 1.8543947026964032
6.92823825169366 0.7110140533704458 -3.7275932552103677 1.4689502923662914
6.741433040716851 0.6689840062629125 -3.398283482749148 1.3813902713591673
6.910225879700129 0.7296857930445023 -3.72649926458519 1.5051532244842332
6.649876753013929 0.7291141253618529 -3.1191462663360365 1.5107793202073727
7.00580619421751 0.6399872037377914 -3.852515530281586 1.3133452728502402
6.614987979651073 0.8131571180461987 -3.1310962669809923 1.6695252279138593
7.054737833055107 0.6527171643968448 -3.913139230144048 1.3335199871608352
7.080143400961677 0.6334260322899223 -3.9302460763373794 1.2972473085619047
6.81362949992444 0.702497955905281 -3.497102011212249 1.445942751623534
6.684941016889999 0.6838007356615778 -3.171708682575159 1.3804666848794727
7.06768175737445 0.6196765257816681 -3.99888410562055 1.270594486534596
6.812646585599222 0.6705254942365333 -3.4987517323816952 1.3859949512654204
6.809119188606751 0.7876500717446661 -3.417995689731093 1.6003016065637787
6.965284166327196 0.7260585275882588 -3.76825364286272 1.491777751930883
6.578338618199548 0.7526663677362103 -2.948107403285795 1.547388410946363
6.916403180707228 0.6403219493044257 -3.7478238469289833 1.3204605053526017
7.27522892103015 0.47325632248496863 -4.399094982652942 0.9745257963073847
6.190620721180014 0.7355526947888904 -2.203348189963143 1.529049010699879
6.351014392362009 0.753499086875246 -2.485743985321893 1.5360711813136343
6.3293108401253555 0.6934711621325895 -2.515650974802713 1.4219738111514102
6.4215290197167745 0.7138761649891 -2.648510145330941 1.4531588907470396
6.327818854688838 0.7096654976865386 -2.4884898794404027 1.450652354382266
6.427091320871008 0.7639941163286647 -2.6605396725844765 1.5722947053928829
7.054055608468495 0.6746176023080213 -3.978213328918644 1.3994091712308159
6.4063653665165745 0.6764942560660049 -2.668457875439441 1.3823066439297933
6.267494874876462 0.8370096601758725 -2.489725355015353 1.6929731926476863
6.952845423985101 0.6121919936601602 -3.755990222339348 1.256971417053801
6.460644797747532 0.6739206599608584 -2.771764701844609 1.3867975010291231
6.898811109333206 0.6066041209917686 -3.7400581570592912 1.2548997581662176
6.329038584658162 0.7529277346106409 -2.3088429478052466 1.5305423693535791
6.5167755839060355 0.7403873198698069 -2.8410070531428593 1.5126377914395799
6.45803189079197 0.7209749359885124 -2.733492257876274 1.463255261997534
6.445424441050744 0.6958024126683415 -2.6703632926291894 1.430979139741441
6.963483350706515 0.6140331656000032 -3.758059876095548 1.2636182537141871
6.703413981579879 0.7091313574236169 -3.267388801912663 1.4654081540447093
6.690127270382915 0.7697888285672058 -3.2299000489727243 1.5887587403367176
6.760629294577237 0.7947612404690985 -3.293533112540583 1.628518169166054
6.272368539420901 0.7762594650744027 -2.310804449430127 1.5812072264205077
6.7832469479723505 0.7837557012076003 -3.5140915808641364 1.609924412977891
6.458692501826467 0.8271700470826714 -2.761676794262626 1.6977962695683066
6.696441011955207 0.7126687985952173 -3.1917055720938525 1.4490031029025185
6.996379252680148 0.657168354822271 -3.8315198825972985 1.3574565905413603
6.416410333474371 0.7171490232814848 -2.632433155230288 1.4699809878973729
7.315951138305204 0.48261955499792625 -4.419526040256536 0.9835280540828899
6.493229657161972 0.682446211393963 -2.8716662643495523 1.4088232558153064
6.898936174724359 0.6898060210794505 -3.6488567291567784 1.4117296615021595
6.168919059093806 0.7341680871921749 -2.077328432764904 1.5075154176389198
6.610805701626512 0.747771582329892 -3.041231394176844 1.5252178351110388
6.369884486648383 0.842774083769263 -2.566849431013208 1.7392630024288154
6.280416012674883 0.7070236372169775 -2.4672028796227687 1.4590376671022374
6.400262840505169 0.7284628904496085 -2.6009959812524324 1.4844686474827982
7.1203464506574505 0.6162558813120766 -3.9539581317430725 1.2560509882248485
6.685895836194208 0.6548209276566953 -3.2152304485427283 1.356263612052518
6.821545825374448 0.676036658512535 -3.5533249694642386 1.3336639293027117
6.6564610077413295 0.6889616634353272 -3.2050474276051166 1.417261449360701
7.038827167249342 0.7628010483473113 -3.93735271661198 1.539386004056914
6.7528226400836795 0.7712210553382628 -3.2731475898397804 1.577992639051903
6.816079688483552 0.6871754113645065 -3.561619427270716 1.4294160200817778
6.976260076516978 0.6639193793006557 -3.8010162746258054 1.3564689406060817
6.485426241830126 0.7673207445509731 -2.8145631835324196 1.5699649329952914
6.269430727635828 0.7814900956780013 -2.410617106199761 1.6082467463229804
6.717535335107164 0.7525728168424435 -3.154650129087681 1.5514765593083972
6.9075625285128535 0.7020102798516618 -3.7468479957387384 1.4671609015806844
6.952642056977542 0.6728218037578466 -3.751659099272882 1.3743941034059164
5.999055421673598 0.7055065809674249 -1.8758709343857698 1.4629646042785347
7.138828738153929 0.6450882471241616 -4.072996937183573 1.3055114258140301
6.860418521336035 0.6854972916930823 -3.6183691955796347 1.4149469102019818
7.0462446806206085 0.6035386778943173 -3.967732564446508 1.2404638791921092
6.3268754965677445 0.7574664018416636 -2.512941667844303 1.5537998067718184
7.0720672112045975 0.6692081448403362 -3.908427752862533 1.363134313944049
7.084200602169214 0.7123169092442284 -3.9385123789266006 1.452962372967032
6.593192413639373 0.7275268244616012 -3.0435228359474644 1.5044801115294042
7.000307661828087 0.664382937131806 -3.800871798937208 1.362428519874021
7.097692122309433 0.6442209950487352 -4.009149472832691 1.3185927920660376
7.217769355324888 0.58086843275179 -4.231404216616678 1.189852522490056
7.185568779101461 0.7643571126214794 -4.240269715339361 1.5652063147020214
6.903387735228253 0.5896255854902435 -3.638806394044411 1.2090887835876938
6.918422874192085 0.6950932043322644 -3.7738723922991255 1.42954632426011
7.080605974539532 0.6430424745989863 -4.01922385966611 1.3190133618524473
6.429209901865489 0.7171613590246404 -2.692324745935687 1.4594133891170864
6.685505498274621 0.8279875936420763 -3.14239837312094 1.6941517491729805
6.660889852692579 0.7173023382141531 -3.2288092352345057 1.4817935428756746
7.123588249545926 0.6999931451106454 -4.0280620584434725 1.4159447368619007
6.996037914591945 0.7260523573274686 -3.8512867239995874 1.482180216222769
7.032802318693351 0.6835890214953929 -3.8555972172470874 1.3925179776441583
6.270358185441047 0.8015739988060454 -2.4009704939640986 1.6422547340628413
6.711810215775538 0.7031692288270026 -3.2517866853417052 1.431378712604032
6.628495745990856 0.7756361950904386 -3.0847132832984636 1.591703045651787
6.391751294093356 0.7668024451299827 -2.6954656419543346 1.5180198841994934
7.033716919055568 0.7083017480240793 -3.8029713141189765 1.4416123182140934
6.862445056681207 0.7480634878365177 -3.6020765448783707 1.540126597857411
7.025166873966411 0.6393412606915193 -3.9738727348966405 1.3169894036414809
6.958394669355376 0.7529717600101323 -3.7095698567959046 1.547014500856316
7.094765107435057 0.5494497103547215 -3.971615883489129 1.130456879491396
6.941117486947481 0.6980819347395951 -3.668030736637594 1.4172698343781531
6.75874116177085 0.8550188560635396 -3.392123493887193 1.7640500325254929
6.964388921127533 0.6866734756003966 -3.7656706470547237 1.4053647135849816
6.6077981243313095 0.7026516082302025 -3.0683355188290546 1.459649812480499
7.08901664338349 0.6097172679553349 -3.9548388923585724 1.2476081903518736
6.649890358387971 0.7116874535409862 -3.0475836355800436 1.4633398134680395
6.72994583395927 0.7523148731327611 -3.2714624066575793 1.5319014530962423
6.641972458777211 0.8036917117276609 -3.1720615038454714 1.6662957545269432
6.850675385022244 0.7497852313820085 -3.602150441875692 1.5520165738783973
7.022183940059524 0.6534628673208432 -3.9066079348178193 1.333945340791519
6.815383573386949 0.7133881868065131 -3.5180021502771286 1.472331669942368
6.640305428003891 0.798125173584595 -3.0144952701319596 1.6270593904522725
6.585856744716346 0.7591933023751357 -3.050134108013708 1.5617788548423264
6.397540742091715 0.7064064061408911 -2.5164412989573153 1.4294495657767807
5.879510509283763 0.6738356410395037 -1.5320498259554445 1.3937279294904392
6.538522177444302 0.7996009819564152 -2.928219575229005 1.6282165231389172
6.587686785334473 0.7440537297311017 -3.0058595465088933 1.5227592519962736
6.288792614736902 0.7843440662231989 -2.306940123873768 1.5944664740810157
6.481816342406957 0.7822854688256555 -2.7847571377882456 1.5923101439168428
6.350503723578797 0.7459155683627728 -2.4612010382714393 1.5267725620780024
6.621809517330264 0.7027685115508832 -3.0321471043295487 1.4214901144788181
6.5454514429661454 0.7495918577897653 -3.008461292338434 1.5406613633556494
6.624184817259999 0.9287479761365458 -3.0145631569226765 1.8705090004059286
6.34316422175406 0.7308950225976352 -2.451298722362184 1.4942897817243743
6.966929833541493 0.7078971667817354 -3.7608224458719275 1.447379145988132
6.817074032710375 0.8182605129480259 -3.4431816726153004 1.6645964949975782
5.605334232828104 0.5867009989725115 -1.0425800578167403 1.2079237339893691
6.370603833916994 0.7038904968389336 -2.558518519069492 1.4403951555758043
6.773404918148339 0.7204165043415331 -3.3917734107246775 1.472751934821699
6.7757641093916465 0.7146269202365896 -3.3147980608245486 1.4737772606081336
6.003681877267166 0.7968010796874471 -1.863521531080087 1.6387905882493232
6.761659826673408 0.7747147173941926 -3.2898731802411145 1.5883258719651252
6.852745358991527 0.7800766869860564 -3.481126710416766 1.5992982283766641
6.314515378652446 0.7603906502806641 -2.528065348754364 1.5640333649549913
7.002504610337885 0.7050619854931042 -3.8458427906939376 1.4407598660257792
6.795103158928423 0.7811037286381237 -3.44579577131687 1.5981829012436006
6.8047341939735 0.7581989315304076 -3.3812074090723616 1.5526297268171796
6.508912320269088 0.8472921964707146 -2.8520800700222275 1.735064350749564
6.781791005163547 0.6902459070994257 -3.4784978284832695 1.4321123244906195
6.685440594059436 0.7520357530158963 -3.180627523687038 1.5573786794667455
6.68815453759059 0.8031903172929868 -3.1640621267436764 1.6362567382947348
6.480269526958516 0.895823717563803 -2.85586040997316 1.847902171224908
6.45822025044639 0.6786354288345665 -2.7406391493330036 1.386684276995504
6.455240790968952 0.7944799078865886 -2.7045264267015012 1.6215165343550222
6.9416625777218 0.5968932414171928 -3.715011595725827 1.2380476088312298
7.080879269320109 0.7140467456812474 -4.042421079728441 1.4801286990115288
7.0879470900953745 0.7007251941420353 -3.941463581483557 1.430078931828744
7.058475110932069 0.7637247178137969 -3.945610390908679 1.5646638219594975
6.924346325197922 0.6573595561372377 -3.655523846168693 1.3483301810140291
6.105764278032739 0.7993495489665923 -2.0058442510109646 1.636003219832931
6.4601945128283935 0.8182202769876902 -2.727756070088944 1.6734251946394882
6.933872649215818 0.7304042360164439 -3.724982560674738 1.513888340204757
5.723277325201911 0.7958171925114663 -1.1206016481836543 1.6123480059672703
6.499543552872503 0.7836263028574256 -2.7861254269874625 1.6064073457367953
6.960229485891169 0.6888855236385443 -3.70562349502607 1.414959845401865
6.9127729968195695 0.6621714099258235 -3.7231082104780375 1.3780068465335067
6.934223470139974 0.6317034002375711 -3.7558129063032766 1.300821718770934
6.526290757337188 0.6930593052326072 -2.797439733413664 1.4121193189161212
6.766072731365417 0.8186456205292588 -3.3181810019918654 1.6622958030447914
7.038048662113732 0.669606836629789 -3.8810535066995184 1.3788206384686015
6.707439566751841 0.7499367324787553 -3.169610672286418 1.5264250654083058
6.248763966438906 0.7902835245339923 -2.286932436032645 1.6072868251975134
6.911948235423246 0.6864180002382876 -3.589846983466866 1.4038256260202715
6.7680780570082675 0.8107211568822629 -3.3659622937625393 1.6737935421268932
6.732841133609211 0.7453377310927337 -3.28123856414878 1.5269085918692524
5.991267770433348 0.803426151549196 -1.8057881679665382 1.6375643262151174
6.178404595270469 0.8891305576263889 -2.1327121176337593 1.8447557892338602
6.469146690785566 0.7977901826654493 -2.796297647031646 1.6597150333872392
6.463704676165173 0.7272112528547526 -2.7406988822348435 1.4910088100673886
7.142807271501283 0.5866649755852046 -4.164092221745962 1.103333771197174
6.563487659234319 0.7921962285744437 -2.98765173425347 1.625780955524045
6.895398118490641 0.6850389473049869 -3.7041166537920542 1.4232001133154584
6.943577215744728 0.6585177104003349 -3.7352454926331355 1.3519437143391182
6.234481743600548 0.7078147145248466 -2.3436786573483497 1.4573919106744522
6.845995783157117 0.6608861706839316 -3.5398822011396938 1.3455697444600763
6.655465574263516 0.7254512230946373 -3.2259437539686084 1.4956745757429577
6.935840062718071 0.6812204331052002 -3.7682239496894505 1.3969244130156697
6.315047687948499 0.7457631247565911 -2.3628995622639657 1.5238411272407295
6.562425338544001 0.8232197200004595 -2.9766818245821938 1.7013079808033804
6.860563464441644 0.8593901157624083 -3.492107664341405 1.7570074560356683
6.414082664435403 0.8469828025690364 -2.5727476044970037 1.735413469635069
6.310526739420251 0.8374104845217609 -2.375895065474145 1.689698063658951
6.232906309823647 0.6881826947221776 -2.2557027553543243 1.3920537771971286
6.407165924668414 0.7992291615453421 -2.6139594064702756 1.6376820737423006
6.955990658664096 0.7301119725615892 -3.817125996612009 1.503613435605095
6.624236557139577 0.6784385132873173 -3.238590074439914 1.360227105572967
7.084240831930854 0.6892296067250735 -3.903983145810119 1.4035667601966746
6.181525977785395 0.6648062286973598 -2.076207093230936 1.3552062529545847
6.613729708753213 0.8636493783504686 -3.065029865482135 1.7697187831202152
6.913477721212708 0.7381622813771833 -3.75369332174263 1.5132744401121616
6.443993886102125 0.750793775996693 -2.7901315959325417 1.5497040894762235
6.89309498354659 0.721855786689768 -3.500158162184971 1.4701386096202198
6.885502423029978 0.7739715778672508 -3.565000607066854 1.5789646533264878
6.630529259894008 0.7850545757522522 -3.114612230865921 1.604268548777866
6.802715651016489 0.7202531152071274 -3.4260112019130626 1.4774080100383526
6.284462644705206 0.7098827174652855 -2.403983486714308 1.4449501940508742
7.014623045633438 0.7712479649685616 -3.9016200198862707 1.5879306959980533
6.501304285200931 0.8760262056897858 -2.8080673139300067 1.8051024357581442
6.422637661747901 0.8047576601315962 -2.6431416895063977 1.6516644898560893
7.201851525332409 0.5019660667379927 -4.2658168010612885 1.0312999991520413
6.888828764185114 0.7698252627977763 -3.5775115128066624 1.5819658472394778
7.136892008236146 0.5825209632316958 -4.011018650381201 1.1759374235532607
6.1697729693424765 0.7421016340610385 -2.0591353957323992 1.5170650199427478
7.1351856113800585 0.6596466465603372 -4.021113123277319 1.3505797438840565
7.006660386300586 0.735682483311129 -3.857912086322715 1.5137547027228457
5.972476762654284 0.7862823281289837 -1.8153135974660963 1.6248742200350024
6.879979148037215 0.6563423687790296 -3.59963455682408 1.3447892161110808
6.762476508799644 0.6184510899951485 -3.35617239351554 1.2720430281519228
6.752520944241747 0.7449921776223354 -3.3170966519028307 1.5139515443977996
6.558693862482878 0.873081610632014 -2.8890272602156184 1.7746553689843672
6.611626390545908 0.7711264255371291 -3.05093833319493 1.5935061489024873
6.691271043698197 0.7784458785376718 -3.275104634526688 1.6117804554817194
6.669040343279828 0.6677211178561892 -3.106805589660891 1.3629237931372125
6.995481244805313 0.699362603951794 -3.7147149947947433 1.4170676041921193
7.067699799360311 0.5669744020152797 -4.156360853241826 1.1822730865684818
6.636650253100202 0.7491753054503578 -3.0643594809809107 1.5283628703395382
7.076616718934083 0.5434206185924222 -4.132890283621144 1.1340553622795264
6.6957787467254235 0.7791860332827248 -3.199630182249597 1.598602546015784
6.677646357356386 0.8199731727393574 -3.1444604473240476 1.6840172577889183
7.044735268471486 0.6980620001523393 -3.9769333407989027 1.450205965530633
6.0638728351477 0.7552125274226966 -1.860579958712505 1.5469644880828217
6.455741339974161 0.7663755359530331 -2.689636572447246 1.562246110159836
6.668410840210191 0.8285165136614434 -3.0511996534374046 1.6785991283429327
6.860999381710877 0.7243789263385559 -3.5142698532018306 1.4861847209535277
6.789292776455012 0.822325984669883 -3.4059971183864386 1.6901011811256736
6.644882344139052 0.86657958166925 -3.1045709891926743 1.794979996650842
6.7667672277474225 0.7250056627468329 -3.4087117092752592 1.5016897913912857
7.17435315779287 0.5998567333802157 -4.109842584842663 1.2176448052637718
7.013443137830445 0.6570441221580514 -3.953591086090341 1.3599158766723463
6.840381445131545 0.7484145893581903 -3.4532878666550646 1.5290373225502927
7.001494262464296 0.7460580795782431 -3.7808567084257065 1.5276197858610476
6.48240657475962 0.9406802374991727 -2.817011543503346 1.9382966989119443
6.69395725284574 0.7563768740403825 -3.2352656634002033 1.5569381738803816
6.832001698980042 0.7380351353088307 -3.559116733301576 1.5075935085404195
6.572563213180601 0.7684791114598742 -2.9582759746565506 1.5727104733576214
7.071191124032784 0.6787800790829559 -3.9654745006821175 1.3863151351054295
6.244652206111679 0.7574834799269463 -2.390725345811777 1.5634429933422822
6.791126073484513 0.7134715080263839 -3.415333530307783 1.4603780409104645
6.811964709410098 0.6952694113794564 -3.399528102384048 1.4170470333736835
6.722623662961935 0.7466379613317986 -3.2435952421099907 1.528374271355088
6.375892848805146 0.718654241141839 -2.5792381436390643 1.4841695040208827
7.127837046265064 0.5971437883664726 -4.082727759143437 1.2324474176266282
7.083861046234215 0.7419272960278833 -4.0057399038167425 1.536745609694529
6.6429470563697 0.6645896140784708 -3.1446205218025636 1.3482585331358812
6.343025143824168 0.7779942855614378 -2.444652236214604 1.5814636889471294
6.475209389799071 0.7458057361975075 -2.882577470213471 1.5414158161282334
6.879422346277488 0.7319947140890497 -3.6208674445695035 1.4936818374332073
6.89005817340761 0.6797167135587068 -3.6402557299048457 1.4052951380658802
6.951736568419214 0.9219180712887028 -3.7098613255898245 1.8628837433953251
6.036009710627049 0.860698521538144 -1.8437088058625106 1.7510802035586317
6.734982893273539 0.7918134499861242 -3.281291147147244 1.6315161928336548
6.576274030190974 0.8250952777780522 -2.967477786377608 1.6912397716773653
7.160373380702713 0.5854553539942885 -4.192035797089696 1.2031165923330684
7.131857596339818 0.6369007800790665 -4.09634268251879 1.3039490855574176
6.688457855284148 0.9119177981355663 -3.1805143489481003 1.8764076475115266
6.8868692300755185 0.6553494295413936 -3.653986623167831 1.3156637527452397
6.4662931962772525 0.810225149478848 -2.6972367233886403 1.655128012566974
5.85885067068584 0.7143467383066179 -1.5401255428306087 1.4843481228955206
6.567365679679421 0.8514605791590631 -2.9022546883628086 1.7613801040478594
7.217511687227558 0.45127008922646994 -4.365402228793893 0.93868202565658
6.945646504873302 0.6808120762045512 -3.7294882877228988 1.3992603376371429
6.723598179737548 0.696024712844891 -3.3382585317706504 1.4389152531331324
6.588004630266608 0.7971227270078295 -2.984948756282998 1.6174592203763218
6.617846732800469 0.8350503862090816 -3.122259947439141 1.7127439142009149
7.268103572027855 0.530005904772891 -4.354605169740282 1.0732354148844248
6.828120742600284 0.7078094059116906 -3.4182430545437077 1.4405196924042558
6.945897841648496 0.6830374701813523 -3.8133561548519914 1.4066858783058285
6.803682368995978 0.6934315142731663 -3.5322824690367165 1.4379448594460404
7.035919190936333 0.6202179309307122 -3.856078161181008 1.2641829065968735
6.5506625599565105 0.7246876637582828 -3.061121551151037 1.504172293251615
6.675959658198819 0.7624532665337949 -3.193347729846363 1.5650721342877523
6.837667501737034 0.7662413926496542 -3.51596585721331 1.5590765989709672
6.939895574087647 0.6336035126995571 -3.819769144254172 1.320838946861511
6.662982916272124 0.7447770669928444 -3.1209044271397444 1.5309059105219802
6.787580940472045 0.655911381663939 -3.433919685860576 1.3569469139877228
6.433876964889235 0.7732449302339013 -2.665783591763567 1.5907858153549996
6.27983199482258 0.7551943869167148 -2.4783793114296397 1.563575903119246
6.303813398810837 0.7487925843626619 -2.4371795958040146 1.5333874436814752
6.828579459920196 0.7168945779266825 -3.475854840556144 1.4583316839003924
6.433299504472793 0.8199681576691772 -2.6472023360522225 1.6693368354155096
6.807641819359736 0.6710146147699964 -3.4611449404300645 1.3766602015069695
6.732276856498311 0.8204853737090668 -3.2717542282901175 1.6797804674594117
6.841809313166536 0.8139000061565749 -3.4756871127061686 1.6713633376502353
7.006780357233904 0.6732121907730401 -3.8470362908795055 1.389316415684398
6.4247096292285555 0.7901862869667924 -2.6269045214088784 1.622234512725362
7.0398701264826125 0.6645939124897303 -3.91112793613639 1.3609161058446742
6.560328321076588 0.7156694137286607 -2.885190510577549 1.4565226727383205
6.569050066221489 0.7309781832254069 -2.9152460194992926 1.507443291115022
6.6573646973555665 0.7513412192358617 -3.133622601627172 1.5386666651874583
6.715151544657524 0.7178035679179573 -3.2153466891150293 1.4710165502296249
6.361134186952827 0.8214939572032927 -2.5835586952645966 1.7014698030441224
6.32183300008222 0.7253148641131988 -2.4532060225543426 1.4886679788068315
6.245902459317417 0.7250646296356967 -2.2068769015573135 1.4914048824835255
6.447716765156635 0.7366000776242432 -2.717788581182044 1.5117337869528162
6.762177270256213 0.7773639282119184 -3.3683213418905655 1.5965142255972475
6.376855820869867 0.7643780713560783 -2.49363719308128 1.55166028695459
6.248665132621163 0.7956685175067372 -2.359286980482401 1.6406535283371568
6.269536990429291 0.7224586217951517 -2.336106065777548 1.4846548006341305
6.381120670392784 0.7033786805017436 -2.615477970914149 1.4469128467167787
6.639604850216299 0.7472079168384703 -3.1059731314846726 1.5326354204955588
6.433554420166703 0.7132051890833077 -2.6728494689498477 1.4593612184974507
6.233638745227399 0.754598143225114 -2.2795106947145207 1.5635947799017649
5.748943837927435 0.5849530796366018 -1.2696676808819962 1.2089047559460246
6.839370847559189 0.7176548034760464 -3.54564023467782 1.4704314331987856
6.693627780315504 0.743801401835548 -3.194597660209718 1.5291934651097816
6.6269360057790365 0.8304042966071268 -3.078726588577707 1.7191189738260542
6.996295348549849 0.7306608777289542 -3.898460811463404 1.5035781669502557
6.967288200924201 0.7342739887063255 -3.7159368191614828 1.5004406779974264
6.797260413964995 0.6869785004720131 -3.4807807753224904 1.4081966970256692
6.495373842390364 0.8006805921321554 -2.8598916081812367 1.655001305921543
6.506555759908119 0.7113311458719186 -2.7953236719647534 1.4505005538214268
6.9274106972147145 0.7567819524219975 -3.7168570738471387 1.5459034181628724
6.694935935421247 0.6568817417440559 -3.1520894651921583 1.3566109860331776
6.577870207743752 0.7506001464403846 -2.975604612012668 1.5439347015248133
6.6010130155693405 0.7305608711561142 -3.00873072724359 1.5060801249715259
7.156160711423301 0.6141945049626556 -4.081264053085995 1.2524981693047716
6.427024853318825 0.7580570252942328 -2.709175559198064 1.5608554193191608
6.902910944151174 0.7017979653303148 -3.750701550498256 1.4415204233636527
6.971857080004552 0.6151179818933731 -3.9137199397353206 1.2593037082806802
6.7230879909953885 0.7115685955292453 -3.31189861528895 1.4662239845171454
7.093784888428776 0.6986230778009528 -4.015944101009811 1.4297165587586496
7.0229576226783585 0.7119291628450675 -3.86149290888946 1.463218486060323
5.84372739434755 0.6284895602925544 -1.4852612717338616 1.27358970853501
6.780890276961372 0.684941286340631 -3.487098477642207 1.40966391765714
6.19267114950544 0.6623053324496458 -2.1446355989993577 1.3590708412269403
6.228815043849538 0.7553575335751861 -2.298194968306707 1.5638169946901708
6.24606473320112 0.7897964639376608 -2.400637795140014 1.6331844779940674
6.336068566233506 0.7576387842456553 -2.4909999594426777 1.5554952955323151
5.945219011383768 0.5861226551731734 -1.6884201016984206 1.2003755166044352
7.059614639926426 0.732642622791616 -3.971070311029657 1.4886700359894796
6.787325398660283 0.7072487132714967 -3.4656276161174686 1.4566955814687204
6.744082062777288 0.7991590992174261 -3.303527721714669 1.6456919822881448
6.45268063829309 0.8411659810988265 -2.6483054516144495 1.7101496120042698
6.9868528520497915 0.6160673134232644 -3.8963987804154545 1.2774123723571014
6.831229546361971 0.7559960756117515 -3.3591794216681583 1.5227166314138212
6.787843877105642 0.8442241008600342 -3.347547503524866 1.7209893358026238
6.9664400426867505 0.6444392396291001 -3.7630192629124473 1.310777692922728
6.3744974890702935 0.6980846583514021 -2.6605782796174395 1.445612825410198
6.924187563290088 0.6653464495428039 -3.814159746278863 1.3826123822461438
6.863067846937669 0.8135427010615673 -3.481808956310389 1.6543682682111616
6.775210706489849 0.7060315943120175 -3.3496432597767285 1.4438310777236574
6.61067132311634 0.7956215295042048 -3.1040239309125 1.608433242590203
6.439924317802779 0.7286485071874262 -2.7367355324674607 1.4948006971126901
6.831410971745898 0.7285160559044142 -3.517633659360129 1.4924905812394977
6.789242043379636 0.7848397677779229 -3.4636768070188175 1.617087121167815
7.118392919748682 0.666227281876127 -4.097216638869291 1.3678911938551856
6.4613261942897635 0.7578235064594606 -2.5735908294234324 1.5456496262706911
5.998846882883869 0.6689662214959942 -1.8755347467593506 1.373269143769726
6.500366153635846 0.8398142625582443 -2.8430937689272593 1.724227245681171
6.790912461812946 0.7724726712425894 -3.428117831823746 1.5663026744735755
6.66340961489555 0.7394321938980033 -3.2636984634084216 1.5168610203164152
6.254763410591827 0.678320780468044 -2.296814966708818 1.3894632477013074
6.94527336686885 0.6891224195088506 -3.6091632503799502 1.3958101603440196
6.679876255603175 0.7470373459668856 -3.1229661051542674 1.5382398726308322
6.7100608575414755 0.7880054894468773 -3.2912586714031224 1.6240457897203315
6.555610095743431 0.7164443972823287 -2.9769285983201956 1.4680004848609975
7.08504282932509 0.5797982988462793 -4.109726399846008 1.2069725418990744
7.033138712540563 0.6245027723277479 -3.994147041536894 1.28280148786143
6.80536760971569 0.7123304983895963 -3.5350715356063867 1.4689406197025745
6.610858168667647 0.8151484517201516 -3.1649682003693833 1.7005833851823469
6.622707440154855 0.7743254000806414 -3.0641334121849804 1.5953348676906185
6.432535082705709 0.7723765879273932 -2.6844081988089425 1.587137932284218
6.473435014417699 0.6429538054959435 -2.749627460461106 1.3112169248372545
6.797409357459919 0.7690134306286439 -3.3348242498368115 1.5498915835012057
7.16909982117913 0.5316264565607219 -4.144219596138583 1.082853124297928
6.171509982801416 0.701465351990974 -2.2001172996944476 1.4470832488676462
6.400834693893584 0.8796438289215411 -2.6394139874803733 1.7890258764798217
6.63032075716508 0.6679681380743764 -2.993521975239661 1.3578639207041692
6.723315658294569 0.8189376008403696 -3.1588572418409204 1.6517123750113298
7.153363639337519 0.6274738370829939 -4.188850316333374 1.306189849987441
6.81267463513894 0.7038821338898751 -3.503405860283382 1.4555293371286016
6.113462115732889 0.70350564824976 -2.014182404841698 1.4348983801343211
6.12161002513706 0.6214605507263725 -2.021454009771584 1.2814854712185924
6.682709481536811 0.7935025205825359 -3.222431494096458 1.614630382597084
6.680253695174776 0.7737523306496029 -3.2692164864540594 1.592960216520381
6.2435551972919345 0.7614088334933875 -2.2919704849856357 1.5620524970248784
6.960604423516613 0.7053256847523861 -3.757200308760599 1.4510895718992658
6.6054087980788845 0.7763870688943987 -3.0295651680084736 1.5963702250242986
7.031163762078412 0.6443049753632747 -3.9827187052164135 1.3311278323932556
6.979563902721086 0.6492390324973024 -3.852018176739488 1.3451800084949643
6.460850368617166 0.7173389769282793 -2.7752777915061753 1.4796198997031895
6.360142701496653 0.6101044478817604 -2.585531505053443 1.2170448669809006
6.921655668270354 0.6885485170725149 -3.670555937011523 1.4150588819529037
6.538481342508765 0.711879339720854 -2.931107834047129 1.464995308628284
6.832351613317224 0.754588145558794 -3.5216932924611664 1.5509593080310458
6.995378853863062 0.6790695562594645 -3.873236755792555 1.4116063072494747
7.024877270440996 0.6996172138212693 -3.905964224110341 1.4348970313035792
6.687630947442953 0.7344652497562146 -3.2876200316320867 1.5117884917514082
6.267153042640695 0.6578909774144257 -2.40176116924808 1.3571522902456237
6.359324969097376 0.8850966450938024 -2.5128929442647685 1.7958901530226963
6.862109002516718 0.7228267260321907 -3.536462021004107 1.486321363922252
7.187222621024212 0.6182907058827242 -4.187059844919815 1.259090870578716
6.783647921184057 0.8078738046926732 -3.387060504220752 1.657686993383279
7.1684348630016625 0.5644144433892783 -4.2128294216459 1.160530928546269
7.074415383056545 0.5900667674691192 -4.114601155070347 1.2134265585067807
7.30973410350352 0.39137559356372636 -4.517130476768475 0.8091916739193512
6.490869797590088 0.7465000711840684 -2.787242287075051 1.5233437113714694
6.284018882456872 0.7253873109441873 -2.377238934295747 1.4805399560020935
6.512024988324954 0.7569294568850291 -2.7760382330947992 1.5491119856666538
6.905402140494296 0.7889369410056215 -3.6509240058283137 1.6258657703119996
6.310071261524629 0.6610861392520839 -2.5296150385189353 1.3350013560607514
6.566075625974779 0.70868187585901 -2.970144242867838 1.449015359842165
6.541864608580753 0.7605299127492953 -2.9689010117435215 1.5687400064718007
6.57261325425522 0.8909175374178279 -2.9966401906557882 1.843153025463287
6.496354718218404 0.812332680303942 -2.76750150786176 1.6699683971608161
6.75349067106696 0.7516443842914443 -3.3737414867260123 1.5414748456972414
6.842763637774821 0.7359047931660968 -3.568273288553785 1.5214009131121307
6.674233383790678 0.7510429844500582 -3.1363591503504438 1.538709309937116
6.391815640113874 0.6971665483798739 -2.6224340283734175 1.4375965610499277
6.526178398439377 0.8237639109205257 -2.95939682862939 1.7080227296435928
7.2321349501223136 0.490728941680401 -4.373783129986824 1.0101028687400824
7.013658008336675 0.6553690820857951 -3.8531560010297685 1.3431466612428107
7.0404058820341415 0.6560646129407883 -3.9659731674103256 1.341516614807023
7.005157289848633 0.6040326271326999 -3.9925853020202506 1.2517746162381271
6.706577765023337 0.7031003466639788 -3.314855160919418 1.4571727491049193
6.594928071330482 0.7788454210379534 -3.008884448579611 1.5872890279083047
6.663463637161188 0.8164015027129846 -3.160123910870337 1.672633107225554
6.345082612060227 0.7737912294321426 -2.5272772852710212 1.5688935928778527
6.425982430371679 0.6499104934951552 -2.8428392019552646 1.3483085136869288
6.5641183002040755 0.7029190831624363 -2.906728180895872 1.4499669792052587
6.4183710281671305 0.9108068555294813 -2.6891436288578463 1.8556767813227286
6.941302886489682 0.6351666642251645 -3.7792596033838075 1.3163636036484352
6.748046511512755 0.7494229818653719 -3.365246954932813 1.5417574607243885
6.576755903722882 0.894159597762274 -2.9594620535883847 1.8298808284738841
6.79907778473562 0.6800373563264951 -3.376958158618825 1.3828960107051893
7.1963057393643 0.49248544168359537 -4.28159571116281 1.012157086951585
6.960691906827552 0.7483319409739732 -3.820722461938769 1.535920589694436
7.052067257470737 0.6457356920415969 -3.944062558178356 1.3269214341091047
6.7962573195809695 0.7866232734190732 -3.4036955991378255 1.6136921551793677
6.376742954907861 0.6812766193841413 -2.5285507260483824 1.3898455832100252
6.726930824898517 0.7225518152867552 -3.158917749188479 1.4629065533241394
6.402703920682132 0.7739137389613175 -2.6620913739723386 1.5958666094358525
6.668829014223607 0.7336931127678605 -3.2522883851957753 1.5044512694648384
6.796734178290675 0.7108604383474003 -3.3877658711474714 1.4645080896102949
6.788826707456061 0.7125047591710226 -3.406958431825808 1.4636785083707555
6.4953499725062995 0.7142742993770191 -2.8544282457041605 1.4633039430973704
6.079227872925454 0.8447318555646856 -1.9040038989588084 1.7368201562195045
6.349215521518262 0.6160433765179889 -2.4802900418274825 1.2585647999462355
6.173029752373451 0.6372798240570551 -2.111694780646154 1.310898462120136
6.810103374627521 0.743316275966342 -3.4431815198196847 1.5096168510170747
6.554015932780834 0.8076080032650144 -2.998871148368208 1.6592058546685498
7.047180286996525 0.652779533501136 -3.9694740470245233 1.337073833967836
6.725365585786276 0.7064966964607894 -3.3064325101105956 1.4597034591538578
6.351789418087507 0.746559972407597 -2.5450277666905707 1.541599776864325
6.660915900220533 0.8803969410500726 -3.18177856443241 1.8061302076214014
6.177387495502437 0.6810431832232311 -2.202956858202964 1.3893817461204157
6.86987941097244 0.7412685717902464 -3.6513395870757295 1.5357663090092384
6.7208584360730175 0.7532304200829427 -3.336753512395146 1.559049992993204
6.459356742245613 0.8302281408039037 -2.6789712430399013 1.686531652894992
7.151730329382973 0.6433491737953965 -4.136398128506374 1.3160761827477516
6.7184722284718585 0.7424817862842757 -3.3909693021235436 1.5356886651381119
6.289854583347566 0.717033936753998 -2.3888469201725075 1.4791161617304718
6.289221062449991 0.7798932682001074 -2.3880733033556227 1.5826912016205572
6.996916661282578 0.6890348896429841 -3.8066861343843073 1.4016526329860615
7.259275534381448 0.4803005151706657 -4.338796552892935 0.9824887132741958
6.0727742962406195 0.7061670281458275 -1.918955291996135 1.4370234646462463
6.69976325347775 0.7874785901982979 -3.10087273878504 1.587989385840138
6.502472479629148 0.8587730325579369 -2.9165316903403857 1.7541868814591461
6.47416843510384 0.7918592428562053 -2.7870658484754687 1.6424038139396704
6.412850143696027 0.9250923764663 -2.6661320164139566 1.8780964764093178
7.064005812388325 0.5895578692713915 -4.099730823750231 1.2243243328853197
6.5917081619758475 0.8092648233024236 -2.9590298083163526 1.6503209510447983
6.702369622435969 0.7925520352686097 -3.2428226334412544 1.637858914138731
6.366623508993822 0.6893949872052797 -2.617479550391063 1.4289164043138254
6.727054897456361 0.7362310575866982 -3.283374361443243 1.513912046096285
6.619946502837543 0.7290135360851664 -3.143944201728025 1.507402386260862
6.523295397051512 0.7777200931322679 -2.847598297514455 1.5974836108113795
6.379587214430377 0.7962334810427567 -2.66992672122599 1.644219659854374
6.8162248910699255 0.7430516924388666 -3.521014670567582 1.5424017966375514
6.657149283228224 0.81229744122804 -3.205230558394697 1.6781105707962625
6.809438327386725 0.7038742382941912 -3.4315574455932847 1.4323583346374054
7.069542704866555 0.5837192930112117 -4.015025246839318 1.2031075247871097
6.821229116629944 0.6428746147701079 -3.476158451250727 1.3003141774946096
5.822318773527981 0.5236435990464116 -1.4368462635260397 1.0735950704153987
6.800265454363633 0.899665422143883 -3.4693919354156635 1.8402522535371182
7.121609989578415 0.5953673019666651 -4.154541699921292 1.2262819063627077
7.235817863974482 0.5735018461999539 -4.343086110533284 1.1682346606694434
7.00291420907786 0.6284136827215616 -3.865387417276281 1.2864910077449785
6.694167290628125 0.7132707692739245 -3.2503390667851284 1.463821720530894
6.543827427081798 0.8769664216434867 -2.863130697500405 1.784517473609764
7.1049617468813935 0.6520950092276313 -4.180872810992647 1.3431496579303714
6.9325507080712985 0.7050333193973349 -3.734461418535208 1.4396793635679792
6.35352466804709 0.7519625328901621 -2.541136647647745 1.5359361837488923
6.916939967733928 0.6363624722597065 -3.6545325408482303 1.2959442044983147
7.1151269955321315 0.5698986028105382 -4.187273928689075 1.1685100719344796
7.10175438939791 0.6612117688079236 -4.049822718658146 1.3576584391107553
6.115222058460878 0.6743046017762172 -2.119564308411742 1.3940122884151933
7.1184166573734675 0.6922438088445314 -4.1198795481657635 1.418315920330312
6.569147224492585 0.6946802488259025 -3.0093823854295834 1.4277732370865834
6.9789567459054975 0.8013119548692377 -3.7389701241596214 1.6450348557437093
6.1410088614678315 0.9300135912183847 -2.1554541505684233 1.8969187384605128
6.855260105503594 0.7464832739362984 -3.581989954080507 1.544033625503174
6.872473063228634 0.712790058773708 -3.5720790051052322 1.4246427515388231
6.907179794666671 0.8082344553512079 -3.688762291496607 1.6583473517354044
6.938045429196508 0.6340233463668633 -3.748038408472139 1.302604686436041
6.593777030205181 0.7556321627815022 -3.045391664439693 1.5626617559854756
6.197177373752217 0.8279722653912889 -2.1858762100405373 1.689814631558634
6.70550113998722 0.685486746550941 -3.277654621446961 1.4029039475040148
6.482094198186642 0.7595151776638153 -2.8268452172893204 1.570119807960785
7.0520796996093225 0.6622642978433578 -4.00223220023512 1.3647271627700481
6.714497965793393 0.6791481071610951 -3.3439208050042772 1.3979078788715371
6.8980598494907195 0.6799444031534561 -3.6290328248083625 1.3904889982848638
7.2357025471762535 0.5906558165031162 -4.289279229673973 1.2027173167748857
6.587184612428952 0.7157116152083224 -3.065870835002712 1.4802829120980652
6.369733776363959 0.7029174212300665 -2.688305030619161 1.4626152657772475
7.218937594080977 0.5492756067897889 -4.289750040796461 1.1340446811294425
