3.5620705468197222 0.2858784883986699 3.231453238085743 0.5896727539489152
4.095037708491027 0.28608843095326936 2.147738957444967 0.5904785891042985
3.8407327252563332 0.3103082987632722 2.5950274823081507 0.6368642432276977
4.45159369083134 0.3087804466468416 1.3975807694322662 0.6368753749999929
3.7908716227126864 0.3004222619613402 2.692631419982832 0.6140766490121374
3.848529905125782 0.3146060661533248 2.576259000330504 0.6436336450336665
3.569911159918957 0.33488323919253854 3.2166623839195116 0.6891576310392058
3.8664427642329393 0.3163553264024747 2.508502002407538 0.6579959944264521
4.01982060575979 0.30222130051094487 2.293376044483879 0.6204311565992051
3.7853203952656145 0.32123619424885547 2.724811671434926 0.6571652181199567
3.739316878664125 0.28364182854976644 2.8764813749544658 0.5802543450318477
3.8133014167908783 0.3014238198933369 2.693187210594001 0.6209751055266675
3.6452556589405027 0.30702212940172585 3.0329603970178662 0.6282936088468705
4.27767865057791 0.29931415301701925 1.7438846223857078 0.6242706368078182
3.7868374387114 0.31127400508297276 2.714126776158718 0.6440994314609774
3.9929592081345984 0.28396406926515466 2.3266154568059187 0.5879004292654312
3.980560348414251 0.30549477119322427 2.3360305011692732 0.6311492471536487
3.844276679281545 0.30198092450748504 2.616131651394329 0.6224755365368669
4.121258319201363 0.3254851218941597 2.032557715732306 0.6720637999664293
3.782848957005449 0.3267890592472836 2.7691864175383634 0.6681340678706739
3.6460674841297056 0.30449154426089947 3.035414022728805 0.6260918238341631
3.9280064464908815 0.3204822567396052 2.5111583817198335 0.6560028862214909
4.1339357265873025 0.3400378255474859 2.017759647886284 0.6986567587756869
4.2200068424164 0.32505154330377267 1.8182231145767496 0.6705538698385012
4.2636529463709305 0.31451306004285523 1.7474408357227635 0.6466519506436214
4.063726142771089 0.2881885799780171 2.2442924921016534 0.5998965685289347
3.653770557933097 0.31737303783681553 3.031671237625158 0.6482509424394308
4.0745778785816915 0.29019985720201896 2.171670023136742 0.5976339570605264
4.200359987296373 0.31589940482023215 1.8536031765000804 0.6508770329584243
3.5803756958300808 0.3277944598342977 3.1688324300459 0.6693564785087877
4.334424658738943 0.3382399534722564 1.6832466344488142 0.6975057658606578
4.0642665051772795 0.3532726591826527 2.2144990868471544 0.7152865751307379
4.128122161118641 0.30775392583585215 2.0230607079022622 0.6333222933492934
4.173270222685192 0.30237870344826007 1.9196098866666584 0.6227041378227341
3.7855004145721467 0.29656215126425345 2.744863624993651 0.610485207907812
4.0378025941358215 0.3282423241692548 2.178354590912469 0.6719928853440376
3.8727257872147507 0.33467541364412356 2.5488859866328024 0.6821716804795467
3.7150556514450477 0.3202799142275615 2.974591798249225 0.6567552204353938
3.867087611539276 0.3079953501142196 2.5211146957369737 0.6296966911436871
3.7976523535949314 0.3081637320843597 2.683134181914067 0.6292956055122246
3.947468646403732 0.31302567031997924 2.399627270839309 0.6419776284456397
3.7065294763660566 0.29183369122161357 2.892479249308561 0.5981930226981249
3.9582367788681525 0.30362192989984105 2.377628802063624 0.6281063082746888
3.630509102687559 0.3103976665531361 3.0728307850886463 0.6367809850609485
4.265617777062085 0.3181099952571035 1.7688496468852999 0.6560870622100259
3.6965786756515815 0.2989064123830603 2.883794158790292 0.6132883341754626
3.7469064254686772 0.33469643038120417 2.8120218377854362 0.6887126326320293
4.244584269108142 0.30697808426646556 1.7729417460628802 0.6344525429484977
4.0955720394973145 0.35060815165740505 2.114358755109743 0.7154602712836948
4.514619920293375 0.2966411609332098 1.2410312703102697 0.6093588921690334
3.823222977499433 0.29023984073286746 2.694132374739133 0.5945568689536919
3.961015672436495 0.31160964126985957 2.37545434543632 0.6466718880473671
3.7790333056552345 0.3228292350313571 2.7999890307485007 0.6658407972045027
4.252142329028134 0.3182893165682355 1.8273923957400728 0.6511581276257917
4.102417000579097 0.30306212756887996 2.0745153526284703 0.6151201330369254
4.02577439365848 0.32038817415180315 2.256417450802086 0.657023697451439
3.984101215142167 0.32482407507139516 2.3222755226233076 0.6648405984450153
3.683024333779094 0.33669075390514364 2.9646066432747578 0.6901817729241043
3.6000996296391707 0.2673931219485268 3.09320608032834 0.5479410675776832
4.158159469535747 0.29912531569267303 2.027312148298415 0.6123933179094052
4.216898591930905 0.29184307936159437 1.8183035019856866 0.6039006972562148
4.051077303961569 0.31532100493509335 2.2183021783034884 0.6449471077159877
4.194335030647523 0.3357833299165763 1.895337359836134 0.6884484559555663
3.8186756987282653 0.31189596532752273 2.652964589306219 0.6385742170736727
3.983341326737313 0.288428359282376 2.3499053086029735 0.5914260391384628
3.7927518390816326 0.32515331624528576 2.7161110542618316 0.6706685863173082
4.165961181665255 0.30994695788217536 1.9393200626470692 0.6413983802074207
4.016246943589708 0.30877716260780425 2.2878368185428704 0.6385433609359168
3.922561235990102 0.29046911041455836 2.434076034305572 0.6008916172671688
4.182555486130051 0.29940309465229803 1.943927315912724 0.6099302957688412
3.777970504763212 0.3174120424343783 2.706512486233315 0.6583038496243404
4.1659458632023485 0.3362704527691636 2.0160035671528855 0.6921898239355281
4.079295763806153 0.32175743089277165 2.1043392766891227 0.6602430660055437
3.779247558914963 0.2958593624744648 2.7542210995787118 0.6113112079811135
4.066750068879183 0.314312768223252 2.1497397763380954 0.6458232115112967
3.871318187585027 0.27492570805228567 2.562497235183689 0.5615367144086884
3.954190347279069 0.34347798872393404 2.386444755952254 0.7038969202088714
4.278964120987872 0.2761296758750975 1.6898501390763019 0.5680212529783577
3.8006829418885397 0.32440657186496835 2.7205044690302165 0.6705062834336402
4.288879280228698 0.3079193259701787 1.7223876047993603 0.6328556627424055
3.7039289881982964 0.309405277397237 2.941761318996388 0.6390499443347144
4.148315963738723 0.3241057606363378 1.9974460991341452 0.6729061501943346
4.304252735315116 0.26870349222570467 1.6760899842187502 0.5468209545521724
4.320434251332076 0.27236917567423063 1.6720545617119813 0.5565637066453973
4.164504811399743 0.2773163872298123 1.9125781610897594 0.5678556482811506
4.154754807290729 0.2989647822926035 1.9487516879944886 0.6111597638691908
3.9455750594022554 0.30342542394765415 2.3969619635902557 0.6242090664719772
4.256282256500839 0.3164126220338802 1.7350828896513955 0.6501287058688355
3.8791081502642824 0.2972286227471902 2.528991688453538 0.6096488955997978
4.229224994563843 0.30168475465071265 1.8239680852242397 0.6229179674760427
4.095517768313112 0.2850727768285681 2.129356251250927 0.5867498605977104
4.002782669737992 0.29299631557177147 2.2873475331130804 0.6036848717745399
4.325693603868396 0.31939552046230985 1.6888039332058646 0.6511941903081144
3.892696970626693 0.2953923763108441 2.5125384291296404 0.6070415810001127
3.9206830547324047 0.2869765973648843 2.443077204648141 0.5907269263133844
4.234389658704789 0.31697683206087085 1.7714025055725824 0.6519246122662767
3.8934881177698957 0.32466103677654085 2.5702717731506537 0.6731614457648206
4.202567214112385 0.3215702597714549 1.8746946077591022 0.6614184216623258
4.008188721447892 0.31859935258164146 2.2749854971261545 0.6541932227851915
4.118537665392489 0.30033094356538637 2.052013075925041 0.6156739424655584
3.9742309520965824 0.3064765148294357 2.3894375090747935 0.6263014696822125
3.6348991100913848 0.3125377374761629 3.069666605862965 0.6420960982722831
4.121319148306437 0.3028575623066684 2.045969971094232 0.6190009127386584
3.8068950670124577 0.3208743481957157 2.706024030640511 0.6590866971269147
3.960470487233368 0.302829893166307 2.384639726287531 0.6275789756686057
3.9009874976799854 0.2874415221596734 2.540112005672815 0.5909334194287365
3.8797750224969 0.31512522317212754 2.550623383149209 0.6405936651123395
3.97702524515364 0.3073511872239354 2.3717601874301204 0.6322091949239584
3.627399351379362 0.2780948792721227 3.038673726784462 0.5702548760657433
4.175716951651484 0.30198455515124006 1.8974500049253376 0.6200077445163275
4.241194728675582 0.31290775281033184 1.8198560626396778 0.6485128274580132
3.764353297132936 0.3069429056623286 2.8355039765070824 0.6263994194849165
3.9363613866876523 0.32782552348784083 2.4608076203682163 0.6709166318732914
4.215563878406847 0.2982266279064542 1.883498064156686 0.6127853267027277
3.627262203791463 0.2992883468252462 3.0590604172744396 0.6179099417209576
4.062746348996287 0.3106404975646447 2.1616089833113183 0.6426186359960571
3.843679785917553 0.30898691823471686 2.6565403248340655 0.6385956374345934
3.535008939818306 0.3062354330906106 3.2705044664328593 0.6245864268285077
3.7766915685422413 0.309796834066027 2.7530686586919813 0.6364697101401932
3.7994396314057384 0.33601575550393475 2.792288608678096 0.6874926628089335
4.279809975084891 0.3022598109314386 1.7059506950762298 0.6182525500770154
4.022954047629065 0.28173234469994635 2.286848501406154 0.5819884796672137
4.044095802484314 0.3226967612030389 2.218531962873456 0.6605046328425391
4.080740358829576 0.2911974950367345 2.1468391331391157 0.6008350874927184
4.1509293730548 0.3174791298880793 2.0000219947599005 0.6520649828444193
4.166339478977062 0.3164641062701967 1.9558846375644943 0.6509257039474461
4.093152561198576 0.29399402990019213 2.088933631925025 0.6005380935775735
4.113678205804094 0.31366980057869714 2.0436796485246207 0.6482298150635625
3.988989473670798 0.31954477763276984 2.3151276390805005 0.6542719770147857
4.139586211881782 0.2862748077846291 2.0235466032895495 0.588330775438569
3.7013680336984858 0.3057758199126966 2.954504618904644 0.6307116243814402
3.7607928403254203 0.304128389843627 2.779715668680942 0.6279726310677425
3.7401218348565233 0.29061617357333536 2.760121050190194 0.5948255538909383
3.9844503345978532 0.2940099455355123 2.3705146730779516 0.6010633764090794
3.623918106641707 0.3201285340013184 3.0406589154183314 0.6572241546827028
3.7261770968387253 0.3152188167884163 2.8627200929977255 0.6478815017035434
3.8758204966545837 0.31107229260155445 2.6091391821832186 0.6368202502993497
3.8758473502076143 0.2955608601152098 2.5261854230486165 0.6057912361953511
3.981736459666772 0.3443022313617072 2.3184902037591657 0.7052354527098802
3.8146275111103094 0.28994987493876817 2.671111603381212 0.595160878014808
3.933170774109211 0.29934869939741027 2.405123223448176 0.613987881745217
3.6420138119624457 0.30705254744578075 3.0383236075298736 0.6269194029657111
4.144324749069595 0.3438016512640543 1.9992612164709909 0.7034120528699024
4.134161866268822 0.31613401363541666 2.034980029249225 0.6469886783109465
4.02400563170429 0.3104861132870446 2.2212960323750575 0.6380153638995087
4.079336551335066 0.2870743990623756 2.097145014121163 0.595566732979566
4.217326249519475 0.30707152354043304 1.825923514039721 0.6314829896131594
4.106518056579217 0.3192112543606495 2.1244946532140787 0.6584544634347572
3.879655257826823 0.3165146651846251 2.5600477481684005 0.6522884911260991
3.7865072407233695 0.2570182859718326 2.6918796933233233 0.5264855310948778
4.036256513673343 0.3435096300540617 2.1664806767842233 0.7060608250661431
4.349999328443733 0.30805607362848 1.6412065146304449 0.6287364389320738
3.729940899923492 0.2939278925680459 2.85669850357236 0.602367513723111
3.6124134469384415 0.29163178445456156 3.050946628350591 0.6004845345191239
3.775033336202866 0.2965204594038496 2.778962506435685 0.6114986007917317
3.835274059216233 0.30200984624116234 2.628634760197736 0.616659617845784
4.291372157621369 0.3221900741885624 1.668387937290105 0.6576039627930391
4.320008099643075 0.27133344402436554 1.6452542810828423 0.5578442211388112
3.827089097646422 0.2919176668932162 2.642444872815007 0.6071033182580607
3.532903090457796 0.2826989528656154 3.2215546114781786 0.5728820619425713
3.6141986290352914 0.3098444990664883 3.078281317295348 0.6399244837128976
4.258624774143672 0.2886013423554773 1.760392258406208 0.5933031615061094
3.6219561597367536 0.35345417928682127 3.091885910698072 0.7248342528253979
3.816631387497743 0.307381576442083 2.629116998131113 0.6280859035126098
4.293076456851239 0.2937328661467555 1.7234748209208206 0.6055546853889262
4.208058513630169 0.32146211785653467 1.8332035912494424 0.6620697109677107
4.055154180999752 0.32287256702779094 2.2058721338388128 0.666263001523213
3.8751040277733613 0.3255698474505958 2.508186903147663 0.6674063027260034
3.8798094469608455 0.3308986015313528 2.5638313507387998 0.6851638538378596
3.7926153509637066 0.31103903464452204 2.77293414667899 0.6416287282573316
3.932621636104086 0.3191714793456017 2.4087415297167993 0.6578798982327491
3.735846648062839 0.30259585021660496 2.820607472094737 0.6202978249304492
3.6961081514433047 0.29079344529079687 2.8986913896885023 0.604266027575002
4.258604349663196 0.30159302913085595 1.7656033042345345 0.62405273781716
3.9803050885412006 0.278687235817521 2.362950289326615 0.5788554315409238
4.257680649830125 0.30487544512917386 1.805378128882011 0.6257381240640294
4.0244172181747295 0.3270577365580288 2.2608805987672556 0.672393682569024
4.2047234338424335 0.30820020254092384 1.8807538436288616 0.6316070286929426
4.144208353740797 0.3126875316478834 1.9940487134091167 0.6489498973512484
4.086686749538177 0.307776526040991 2.117958676550856 0.6338906877232494
4.09247824579758 0.3124523987558482 2.1132988953941583 0.6473314664499936
4.036806386934334 0.2919537970779454 2.200809682486952 0.5976772003092622
3.729032871599074 0.3077165721068072 2.865225856270869 0.6389203273133122
3.8179582831630845 0.329188246032266 2.7258840436615106 0.6755689820141038
3.9001250973357493 0.30669425003852235 2.493908754735044 0.6320416132660875
4.261606474953243 0.2950525491136716 1.7457901335524424 0.6061774903229684
3.942321280495868 0.294273339585064 2.390049682313137 0.6041392298505976
4.1379016911376 0.31900135908972305 2.046502041849594 0.6585980357302078
3.7561122708610846 0.3248794283007346 2.8207978081500507 0.668080346130484
3.8009134357261165 0.2825747151955104 2.6601539265456102 0.5812181186619674
3.5989594898008987 0.30871447617025016 3.141031694694906 0.63575046759407
4.419205465559575 0.32111899414772344 1.455884633541341 0.6634623051013103
4.209657206923675 0.3031727280146208 1.8488512679655933 0.6249432775053965
3.958764398348923 0.2923772499286208 2.3577417491297457 0.6035064781877565
3.8747646821895363 0.3472294236456385 2.5915860268372928 0.7097966862313594
3.860689555579408 0.3105870895335472 2.6000709058310045 0.6401579998315006
3.715018497427528 0.30271610133646853 2.8789745990949642 0.6168146366440895
4.149759475248472 0.3049044612599556 1.9677310635598668 0.6231838989257834
3.9712055465566936 0.32394892970601635 2.388446741779079 0.6657936255107367
4.038723521026739 0.3077143116301831 2.2461246844087874 0.6323269518558526
3.728882947787614 0.3204169520860243 2.8283252726498613 0.669518278686106
3.9560081394728366 0.30139178899212 2.372300608949747 0.6229617357892637
3.5017839195999105 0.2952377635915204 3.283954628680484 0.6058599243663211
3.832401251222628 0.30559107167748495 2.678524246119289 0.6319659271195547
3.6063920874298763 0.3195036906582726 3.1391309920576695 0.6583401194659098
3.519888576757488 0.30414115340335374 3.299906269339981 0.6207756848347632
3.7111751133485145 0.3272759740830533 2.9188473323134425 0.6752076304692126
3.5510543201115734 0.32759286994592457 3.22873518686849 0.673053266463098
3.9701875361152466 0.3003899033095499 2.3716230461647236 0.6165504288040692
3.75713983517904 0.2900056983105257 2.8348076788037897 0.5973187000089449
4.425864206119115 0.30292355971961915 1.3994197401849324 0.6237321382503364
3.561579122649085 0.3125998523921522 3.2114438391589935 0.6459383794545664
3.9192401347019814 0.304654886823726 2.454285863535877 0.6231269592369116
4.20760548692492 0.34193672750863446 1.907707983015336 0.6988210239171426
3.9899028228881166 0.28326474893329273 2.3361645633179595 0.5810448777627186
4.1326376319261025 0.3211019233663 2.0311130122439263 0.6607535302190317
4.122597749483765 0.31179823663974915 1.9969144655462996 0.6491865455480658
3.9562755728821504 0.31949820995143813 2.3688627834001057 0.6578877997174035
4.137672355012173 0.292953919459428 2.0209367767022415 0.6031465700745257
4.028980021964992 0.3201136972605058 2.3127359134033885 0.6616286235829518
3.652779984435611 0.3199792041805478 3.032594348733506 0.655608066088393
3.766583799869919 0.33415982997084304 2.7754910305978093 0.6897295305777935
3.7669924913507824 0.3557586001872344 2.8198230850132493 0.7281116343170233
4.211282290800255 0.29367499771130173 1.8369619387338847 0.6067966419888602
3.847571153763271 0.311715774261503 2.569788935078881 0.637193576248066
3.8908636408290906 0.3223966379373521 2.5749599425610405 0.6610622281904744
3.804050819076057 0.2960309074312177 2.7250246567412852 0.6111771137070378
4.204655074558913 0.32300215397763393 1.8718118109918729 0.6632206608443688
3.993988574168857 0.3039087531399442 2.3291587808420995 0.624077559088065
3.6699919587484526 0.2820372509442423 2.9757490969665654 0.5831471954224607
4.006646367717821 0.29637258377510106 2.3074222794351265 0.6147268416276497
3.9922046670432247 0.3462984079742355 2.300687345140632 0.7126762816822361
3.898976466034666 0.31089047002281045 2.5291887950002208 0.6355638365726903
3.8047260712887345 0.3016945731272025 2.6797564751557887 0.6196877757847583
4.085801188635063 0.29604512909158026 2.125697679367362 0.6098241027665423
4.213407713799133 0.30279544536418795 1.8542613180448297 0.6188820770420927
3.9523709445611255 0.29686374798111237 2.3789796366218674 0.6051434513534992
3.9655554900626675 0.3407317853797219 2.3900989389757505 0.6990119122138769
4.438811883366064 0.3172781875187562 1.4048122550356619 0.6563601654918152
3.7446047085893057 0.2901823068945753 2.834274471047447 0.5995987223115454
3.778201856810484 0.3154132287077158 2.7204174414070286 0.6460167518162112
4.1736699727243805 0.3103437269630869 1.9106107202227474 0.6297611350875769
3.852683156812892 0.3045741757719644 2.6017221808105955 0.6232901112109
3.9564885650049106 0.3140234788944706 2.3957548840617644 0.6456896558021644
3.709541210741499 0.307733756957289 2.887954467280186 0.6364287212975097
4.009953751081637 0.2832079440959493 2.298157043232778 0.5792475167294032
3.707266579926566 0.31338970221400486 2.884564683834595 0.6473466664318778
3.937644985157265 0.2992889879453291 2.4534973118060552 0.6155414751594407
3.6284008358548623 0.31980736878827604 3.102024036938438 0.6595732973828425
4.145881941632794 0.28839421180151936 2.0003480369432056 0.5942688803062186
4.152372050030291 0.3411866410549935 1.9990791485855515 0.7037054830899966
3.981901436264594 0.354545020200709 2.344166052423793 0.719143825977409
4.335366331829805 0.32669840036366243 1.6319023056577562 0.6727653238197463
3.9030766633345753 0.29906289711944806 2.504213679945411 0.6177810926290499
3.543132437858233 0.3143345919076085 3.2169856441235773 0.6464950810961603
3.6308744383812397 0.3277900322728119 3.074467236647674 0.6668056709625582
4.248532220704595 0.33651457389308526 1.7314806881304246 0.6900332354230795
4.044543746821265 0.29715836511746596 2.1751113137580744 0.6073966765395665
4.225536642161616 0.31111023168503654 1.895354747951767 0.6380525617704512
3.9278836047526555 0.29311448939059365 2.4367889294067333 0.6061441682027376
3.633313097045227 0.34148848300793466 3.016813186959463 0.7051814751085184
3.9289361950322697 0.28667519886573956 2.5001664539648103 0.5863049259728412
3.825214718409155 0.3232009573693368 2.6319154987764053 0.6701147300188302
3.6617868457613483 0.3326775318221382 3.0708066782940766 0.6800304232249289
3.9755482136318028 0.30906825729571435 2.349569179250178 0.633216085624696
3.903815097409489 0.3203732976783606 2.5027304837701383 0.663111385290682
3.958170463131129 0.3229882534797006 2.3539823327769955 0.6636173884102676
4.241158025109196 0.3213279242717738 1.822080235286824 0.6602987773299897
3.748184576976913 0.26881015303923567 2.8244425469248746 0.5554562606387375
3.8360491973072053 0.3092704269572827 2.655805544767365 0.6366716187289085
3.781815921879044 0.3028621026378921 2.751501674357071 0.6197622592602025
4.060101811713734 0.3284947276820213 2.16495580397282 0.6746249506494845
3.9224476401749877 0.29062211771425084 2.4535237241204637 0.5957904787690923
3.911904123745143 0.3310409880936715 2.4713805604239267 0.681829240986452
4.020321613554701 0.3314698141530264 2.237484473220126 0.6733444894491141
4.373716380806744 0.3289255099093974 1.501876498411622 0.6773299392436298
4.360475711239877 0.3151083821431264 1.5666435926510025 0.648050686737424
4.070274241575825 0.31597736216955985 2.147924645728632 0.6500754769058688
4.061047057056339 0.28831883180016793 2.163290321517394 0.5972620484060192
4.072194207192982 0.35266762451732436 2.1473124985329246 0.7280255779504973
4.073387380391189 0.29754556465879306 2.1745655678837625 0.6096045046316568
4.226229039917323 0.320376556058948 1.7912298409647103 0.664990434037572
4.146547402059749 0.2940015762528675 2.037968809561781 0.6046484531379407
3.901656899117479 0.30705146417755813 2.5137494854838343 0.6294987512683985
4.515493161145492 0.3178115343254899 1.2147272934251734 0.6508115653047137
4.4109160318644705 0.30759075501137495 1.483823192940458 0.6333773940753792
4.145888270810162 0.34763942447018864 2.0085027267646955 0.7148768110874859
3.994764551538215 0.29903027868035525 2.3014971597550105 0.6133813334700174
3.983059635807903 0.29214526539519303 2.3299157732961397 0.6000354984782733
4.355966925578693 0.31163312969531004 1.5120618585935115 0.6468851775050286
3.9473377713966578 0.30703164405906774 2.3792208842413043 0.6302223232740509
4.062443679221093 0.287626372442888 2.1600216948118898 0.5923883324366891
3.8769478700376165 0.3094600770502312 2.544942671217458 0.6400784718567577
3.9751932940099692 0.3334618869591599 2.3442500024416937 0.6865316255977726
4.005048202592837 0.3238801420036694 2.305497555038298 0.6665463662532456
3.8770829187782 0.3020312592429592 2.5804484904608307 0.6178081709254769
3.62041185159414 0.3014320900109059 3.1234016957074653 0.618931115410392
3.963834095388162 0.3090893150625272 2.384777498747375 0.6378435086525746
4.148347718264231 0.2892419442519879 1.906907566777 0.591404737807512
4.044976730410708 0.31183240221158315 2.175524750341575 0.6452579374869524
3.75635813327519 0.34648514597256796 2.8206571936937905 0.7125126442571245
4.284585380990815 0.2832657355836913 1.7436495021669995 0.5788014884499522
3.436042193631181 0.29649299857268674 3.488965190029047 0.6120443933914748
4.037381482654113 0.32113363260266065 2.2429653055745655 0.6583635952223794
3.860093252992237 0.29642210132227764 2.568181030559236 0.6069585234896487
4.295184028186098 0.2862515481021927 1.7003202690726331 0.5895743308607105
4.153954578845255 0.2953060044292212 2.006852540700433 0.6036421384505073
4.038142216274354 0.3047516230465283 2.1861316955102095 0.6288353990956477
3.6563276906461035 0.29062837879758285 3.0172197169989445 0.5952863561872566
3.9215059181115297 0.3147589519430995 2.5209895895034515 0.6465361181349628
3.6262218186238884 0.2767518467711177 3.132278246293051 0.5690963177429375
3.883825129638067 0.34049086262724737 2.5402497038653102 0.7042357731412564
4.118412078701433 0.2935847312375894 2.050765811743145 0.6040522194389585
3.8092969539957244 0.32826095705831443 2.7174582696255802 0.6718314863809398
3.938735573860785 0.30082343361189634 2.4198493547158497 0.6181688802470722
3.5042073192798204 0.3307141481167262 3.2937295710698753 0.676103663431913
4.050021428899524 0.3330783157518148 2.1975176882998695 0.6870934527151368
3.924841732437538 0.3142024867645696 2.367307075395733 0.6447967828671423
3.9467899533996653 0.30713850420854805 2.4273931036390652 0.6307918105210993
4.014140892765473 0.26269011465588554 2.248700195348258 0.5397317949728094
3.643010116736705 0.3183134142916378 3.0273795193481066 0.6569872391299283
4.07368395780029 0.30538628819385727 2.1460469387330097 0.6246667005189581
3.7406833150491314 0.325747935064573 2.8123283995610207 0.6717072642249945
3.909574100333028 0.27802715963569025 2.488395722412751 0.5725333792471595
4.307782291497988 0.3080229951258104 1.7005049709937476 0.6364188856942647
4.037843476466471 0.32292179074080235 2.2121096725298632 0.6669656627616946
4.273160321903838 0.32457809504358415 1.7622014021785721 0.6701045664693133
4.403818838793633 0.3215794963663043 1.5187946020718308 0.6559870565171305
3.8872105502172256 0.3323091248304033 2.5430334226949354 0.6780572783282571
4.424779419829304 0.3155958766754793 1.4045012193576465 0.6504458697548432
3.9718431182517495 0.30986150548143904 2.3598380151284273 0.6329960033156665
4.083746658586428 0.3039328359034888 2.106430156357023 0.6242939663305596
3.999280863512478 0.29761291478414603 2.3477544966315476 0.6088834601552306
3.3885403415753013 0.35448227463115595 3.5875239638630463 0.7247247570567455
3.992759205884739 0.30702335975741735 2.327726363991565 0.6307777507812977
3.9530509641661418 0.3018332693388999 2.426765183222477 0.6183056713982358
4.148741445866004 0.3178037015453577 1.9924410246383744 0.6525810231323087
4.166867849969054 0.3265354833040596 1.9430025245432345 0.6738916858924909
4.043604766416827 0.3389124605927422 2.25460288981344 0.6905662067055032
3.8935057004121036 0.27702949625353424 2.4829235509092613 0.5700464845734383
4.184335587921327 0.3292261597574834 1.935733242513464 0.6843818558377025
3.7496895590696364 0.301866899964054 2.7808307581138836 0.6187358934492476
4.303153478121212 0.2810831624566407 1.707698386633281 0.5785764354087382
3.9847908400412466 0.3096215779322798 2.344114305748632 0.6337894380006949
4.043268558221767 0.30778630067722845 2.1833157707188087 0.6328683741160371
4.153298553582978 0.3414828342942413 1.9862104883839742 0.7003064672074353
3.7662698312842693 0.3113172885498022 2.814581232515506 0.6441008788877721
4.065467170887457 0.32395395953482703 2.212412096977409 0.6696921850800036
3.9976327170903043 0.3327127021357284 2.2805376794251195 0.6891325880119974
3.937089344299037 0.32929998555195134 2.474404313850476 0.6784883138637277
3.7799233515780433 0.2957208396981614 2.6919537988893945 0.601332831331113
3.8108529178445556 0.3295456612410434 2.7028833303108675 0.6769303443772391
4.038442350151389 0.31530500124457 2.208075102060112 0.6549373172134161
3.821791616869336 0.3124395283734738 2.6410481353446134 0.6434212972226873
3.9851234045459973 0.2863941532643751 2.287551129050917 0.586775439335496
3.496356539201795 0.30433471584421146 3.369231502642251 0.6209316880815635
3.9033524137412545 0.2732986183036571 2.470128596385158 0.5617955973118812
3.8760134105109367 0.2955724852604434 2.516375796049224 0.6046522379354525
4.225296186745814 0.2694950633268785 1.8108590116110963 0.5554586094407759
4.2160919305004025 0.2873416726831524 1.8648742815737367 0.5907217176510013
4.092169623445789 0.3182186827409162 2.1172600951781693 0.6493942572892949
3.9707873316566884 0.31684388375374695 2.3479172425004746 0.6450114628254451
3.890200382311125 0.3140978335009691 2.537843201644849 0.6452036261165515
4.260972900374957 0.3230120643176706 1.7439081987931437 0.6689086781736966
3.9344586685663074 0.3107790942348013 2.417609327260231 0.6381998084710327
4.02600102807362 0.3185121001498162 2.165598087077355 0.6501999945407204
4.088954098140963 0.29823932572611545 2.1337926832641974 0.6104184351774342
4.134564082970565 0.3139448256754176 2.033089793417472 0.6457230208917241
3.8700261417768784 0.2978212029516786 2.552292665356892 0.6164564288864285
3.988042647246787 0.30132869944818824 2.379410520391404 0.6229296587175207
4.086338247826225 0.30578624533184895 2.1308069310143205 0.6324862829111899
3.977969952222197 0.30451323045688394 2.338231282090396 0.6227459021264183
4.377316077289326 0.32513419766377605 1.5595818938169863 0.6646854956266708
3.8326161705468333 0.2892385264812931 2.607406731678415 0.5896224943507163
4.552606598923347 0.3186161800326478 1.1260618041463473 0.6541152493758775
4.527066739670804 0.3421101264054238 1.2422468079394626 0.7056109900261494
3.6480944184206887 0.33271719471346073 3.035730562322314 0.6842267827479912
4.257019571384206 0.2909835734503133 1.7828197516321644 0.5939892326560495
3.819612299395291 0.2891850434470439 2.7110144986961755 0.5941203384792375
3.613811659862846 0.2854884402395013 3.071837380387283 0.589652704291494
3.800367664349121 0.2697828850020523 2.6994456867668246 0.5537315315049612
3.871432156621603 0.2896684459148487 2.5848313520913386 0.5943259682869511
4.231862366522907 0.29154520539035955 1.8162552792879252 0.5965401500343522
4.010927054559361 0.3250479167144266 2.2457141672893925 0.6690700729259568
3.8588352141062265 0.33223705930327246 2.613405584193842 0.676686085116932
4.138643944774534 0.32501791427837196 1.9924534296366718 0.6684091582584758
3.970296203203667 0.28134488308746664 2.327276750526715 0.574791772233748
4.273847016492156 0.287564801752351 1.6996919514331883 0.5886260544359692
3.89779971408771 0.29854288287426245 2.5207068938084216 0.6105165497287378
4.278217172161666 0.3462656792442932 1.7902489933820267 0.7149382482802237
3.6625646985297755 0.2930297491759175 2.9704466893896413 0.6038864026383569
3.9762135183203213 0.3155998113804434 2.3302142346202985 0.6541783881369929
4.138979120164564 0.30464080210448286 2.019830484221881 0.6356762400104008
4.087054155205467 0.31401928875686924 2.100000675778695 0.6522409807839596
3.713898583321641 0.33238570882004537 2.859333092851296 0.6778783652641163
3.8653517569845746 0.30454794486248327 2.552122873063545 0.625830544908131
4.302443238982576 0.2876630382450242 1.6762910977148961 0.5969121364802543
4.146497264551139 0.31216981859473025 1.945920590291886 0.637605380568011
4.086599919298348 0.3149008002921189 2.140266983590136 0.6452437357400705
3.916753564167105 0.2911027148715111 2.475499165202798 0.5990286706513087
4.224043780709373 0.3340010020528636 1.8279744295148808 0.6853243583576374
3.9679125247797504 0.3006114804598157 2.3939213189717785 0.6145906185183163
3.808858615499961 0.3056043256639211 2.6339735694904167 0.628966151326053
4.02403557341996 0.33579093970598367 2.280315160257377 0.6884135852420149
4.062971036911945 0.342749662918728 2.1461805869477217 0.695206782102039
4.106374678467771 0.3070957802722069 2.050652813195148 0.6263984068058729
4.097941046910593 0.3192840814144642 2.0794752312974047 0.65749738312121
4.121115531133976 0.3090974379638241 2.0930471336071648 0.6286064139232783
3.973513367450244 0.30622003613464205 2.4161966482103088 0.625332897717317
3.9249459211086606 0.31465473124456417 2.3958038205330046 0.6458743019409809
3.9913680059592482 0.3076803024558322 2.306715030641743 0.631758018018653
3.927016889626948 0.3076217385299753 2.4756667548717948 0.6369811477623673
4.322717579656784 0.30049631248246284 1.7101188200858126 0.6128207209638449
4.386547045658977 0.3153720583565611 1.469626579798979 0.649957758861307
3.8974799198072 0.3177131209369108 2.524003108820449 0.6534891147615954
3.763677520189202 0.301066999184134 2.783160826191642 0.6162657069850502
3.9344519876051387 0.3013531729646723 2.4349069973000503 0.6216683086385635
3.6638102725295942 0.311915646662107 3.010470165478151 0.6420475162750189
4.072847370763863 0.31156728216016044 2.141191780301698 0.6404536946610186
4.049769896003927 0.2799816761394909 2.2157578909411244 0.5750337512475091
4.147508743277966 0.27367969410125753 1.9687147850716602 0.5602118037706303
3.8930171169840158 0.3229471176969546 2.544494166579618 0.6607774344761747
4.4407205117740425 0.3565800141577498 1.407391398659089 0.731505130934774
3.7418412236542773 0.2889493074905196 2.8396028514509233 0.5936173846359912
4.02743867443029 0.3256974377212121 2.2149383487416934 0.6673568267628015
3.7203921191691687 0.30920919081464965 2.8365397736193767 0.6298072451471541
4.022920959552783 0.30004721973600035 2.264347453974576 0.620486587639875
4.082724201044613 0.3180001219434692 2.181597794080907 0.6525232269463165
3.9612041224442747 0.31323357865395784 2.4248516598960315 0.6383125081017262
4.102162983331741 0.29588582033910776 2.1817153058609775 0.6068351205882105
3.682635647625478 0.319190376664417 2.9410075723626217 0.651999019307827
3.7368259919031397 0.29988338793512637 2.7591878771674017 0.6195005377363967
4.255603114139246 0.28969927636027504 1.7959855857850322 0.5933996395111527
4.0394004582418335 0.32227232002379963 2.2906229009511425 0.663017087636738
4.13493227741149 0.26850894949428933 2.1318422168446194 0.5496611252233836
4.0275701930949115 0.28777552865380823 2.25464443552542 0.5965504126238729
3.6508743837799145 0.2979633305986645 2.996317171282874 0.610653565255656
4.209077927259633 0.33196366979815795 1.884252230282004 0.6798912920821104
3.6923452288121643 0.28015359421265396 2.9660921264222755 0.5747617073002708
3.9166076835893766 0.3493100669200415 2.4496701514144563 0.721070712938905
4.408707763440803 0.2993616287455634 1.5206853558655382 0.6143326733926842
3.7494412265550947 0.3104341914735831 2.8130956231680377 0.6367693683142801
3.6604356344389415 0.33117530437493725 2.99389681392032 0.6750739358832394
4.19547678755165 0.3095386793359443 1.876407452106517 0.6370676680790446
3.6046838480653323 0.28632573845731885 3.069167088596056 0.5890314700206929
3.639496530281147 0.32977499735679217 3.0343300341565302 0.6772553903776383
3.9517744400771764 0.29921497398414265 2.3994759309760183 0.6155374397096441
4.137779067556761 0.3084161676892737 2.028903820226238 0.6348015979189587
3.767468247372159 0.29959533518693815 2.732278055144846 0.6091598315583919
3.6161236991995693 0.29793813449490963 3.0576348106022495 0.6116409227064711
3.901121559926403 0.33377686789024574 2.5386775866747215 0.6846092474788449
3.4574447873287255 0.2842996641813452 3.4069085643857577 0.5816682609249036
3.849108788467629 0.31097701438179826 2.5681493374046864 0.6361028224160051
4.084463049527088 0.31914902383991745 2.066731027318324 0.647898216234811
4.09200506279913 0.29675177672980435 2.129248928295672 0.6086057602487335
4.182994201357225 0.3495749821566934 1.9712309334376323 0.7152243281552184
4.031529236084708 0.3205476123818599 2.237604665716881 0.6562188631022633
3.861890455144696 0.3467442870393567 2.557468148945018 0.7140554279668173
4.28723654034868 0.34286771072285704 1.7106705338946668 0.6924072316531679
4.138356120886392 0.3119353040425557 2.001586078413054 0.6364797063589263
3.607637503884873 0.29823187483846414 3.083898058028889 0.6084413286459589
3.4955756360328314 0.2907568427694611 3.3115200468943162 0.5933018856125402
3.6303737733762795 0.3114573061436806 3.1333092703750776 0.6429389730511836
3.9071929531518914 0.31060500172547506 2.4886679532348466 0.6396868657957133
4.29145306834841 0.2727062049354241 1.707691741071811 0.5597127689794439
3.8431615521292413 0.32304749779434905 2.5940994986322625 0.6697680061435486
3.960529680018773 0.3221044355699885 2.4154226218332133 0.6624458233721641
3.9718477654049966 0.312158637714967 2.388458470889385 0.6443034640430584
3.7573483042916918 0.3231607674593945 2.7868511263167868 0.6605181927285146
4.170554971491608 0.304805489504923 1.9764575616027105 0.6304350887970286
3.8804489932797854 0.3133677306991901 2.4867366147768593 0.6444460414696433
3.682178049827405 0.3092379604753395 2.9478019915461102 0.6357071962615704
4.250817525179446 0.329046352786159 1.7624919390726865 0.679548555239358
4.289546316328016 0.325613949703076 1.692453529626423 0.6713171383102972
3.953240001412449 0.31733616960376004 2.4140515312205606 0.6526511948553588
3.981032191264621 0.3105394210334984 2.3719127058147533 0.6337311017307418
4.454621072138793 0.31300164478071263 1.3218900443109076 0.6471179823006362
3.6575724005673527 0.3136710870127622 2.998299203289524 0.6376559739542399
3.8075581344379787 0.3202239991587687 2.6729727396515086 0.6587410383261574
3.5534778120139836 0.3145834414127146 3.224424420897119 0.6464550614227229
4.1428699036359085 0.301272623222582 2.025678618842621 0.6139747485746377
3.862812521012205 0.3136997868804263 2.5340052141895875 0.6372338549540644
4.356124253268915 0.33851478278145203 1.5531773885961198 0.6947216206358333
3.92695694230224 0.2888355345344899 2.4773125598762022 0.5942143188980058
4.061506346356797 0.29566187298302093 2.21077438809973 0.6119167817171057
3.9523618055630454 0.2665062691082385 2.432979923518409 0.5504502928188311
3.868218543448207 0.30111193185169577 2.5366529631604005 0.6212269064205944
3.955013288818466 0.3187851542542821 2.3953515088438633 0.6603208078691808
3.8231495680317726 0.3025764329254086 2.6908992341536035 0.6238848871114854
3.8069679436902124 0.3329789838074197 2.7080042726441773 0.6833942515070685
4.0589784963427125 0.30306267417615995 2.2054754418183693 0.6186359016866214
3.8511514843078833 0.29667196089793707 2.6544142627360925 0.6065854453946243
4.1065062608742755 0.3014856049552236 2.070599966329873 0.6210712928231442
4.072721028554193 0.311235407017331 2.1722947609584367 0.641329325723376
4.1525541416226215 0.3099939546297431 1.9560812119077986 0.6324630067782443
4.101036356430113 0.3076261129474999 2.1240495231666907 0.6291511478725692
4.004818944862887 0.2868673735609906 2.3083503687098137 0.5937886635214631
3.752968649100966 0.3063918561100129 2.7940587720416636 0.627697339677092
3.6579495899776013 0.31938014855627955 2.967886532912856 0.655837337171696
3.7835962335441495 0.3145003581358232 2.74520836673126 0.6475474854512586
3.827140322909699 0.324051840149308 2.6571327640068683 0.660788755307019
3.9318371755672765 0.318955259928518 2.418866577465466 0.6589472622700779
4.096468682297857 0.340591058438406 2.0521899439773774 0.7055057463921237
3.8463675135450943 0.2881786473961371 2.564369718295633 0.5929310986832766
3.948501930209644 0.32829988172583646 2.42811904959228 0.6760692668428696
3.6502203977335776 0.31164774847012633 2.9138836230747733 0.6477277659517409
4.267051054664293 0.2832686936483196 1.7773909355093518 0.5807022607380878
3.9245854933148445 0.29288614705031135 2.457657269209161 0.6009028398845121
3.8288306882159855 0.31163665802173984 2.6319505450873715 0.6411448696986655
3.9143906702040003 0.29455860429725744 2.5101688175487737 0.6118963539084459
3.848666882680226 0.2981752435926549 2.643286324715959 0.6149554577689772
4.0331651178066545 0.3046025663079304 2.2362776201842403 0.6196415241094887
3.7014585292971907 0.32277652743692953 2.9350699065377337 0.6622506786858601
3.9349591325895954 0.2909857873734342 2.45149038916911 0.6031467383299538
4.152441320577459 0.30819036785398984 1.9851365781551062 0.6297777617560726
4.158604830736202 0.2952816579578081 2.0063899951422473 0.6074017099093293
4.090689822234502 0.30815638953694297 2.1017135476998963 0.6328499178735475
4.205661562355408 0.31477262873458944 1.844641246032216 0.6461368640155204
3.9593583207118046 0.27104501831911215 2.4010666281691053 0.5561413103971935
3.9492266571464865 0.3382996811674742 2.4450424294511377 0.702783324591338
3.793127284826241 0.3330588639790346 2.750475053769809 0.6817567461636848
3.9159494689554357 0.34835202655660336 2.4476196279667626 0.7152534025629133
4.066756170885251 0.32966970428074516 2.1541214443694847 0.6755407419289717
4.548276505853625 0.2875051626770002 1.2072605058373396 0.5926938525453688
3.9167048008351353 0.26603476562136313 2.518430972560717 0.5485075930262318
3.766669924423066 0.29859286612439895 2.7966342134468736 0.6164400674909254
4.118520444540033 0.3395930880532157 2.077224037692182 0.6939389923943835
4.199869232435813 0.317079913206464 1.9373097232892253 0.6527622210968191
3.6924522689197268 0.3035393912557494 2.9773597332277983 0.6199082988600901
3.75527340236488 0.2959061706728518 2.8175478573178756 0.6081678154744118
3.8996247044606376 0.32778867257905714 2.4608917575581875 0.6770166007846905
3.6962602503037716 0.33782750388514704 2.9320101222629527 0.6985432928162405
4.007879349232269 0.2941792688270962 2.2652790231715842 0.6093355674927192
3.518913546310269 0.3302172336571299 3.3076842302762404 0.6762165952012765
3.7906169639364853 0.29937342407869205 2.804170817343098 0.6159523943078772
3.8799581457063645 0.2926860695817959 2.56571251950012 0.5962118599766426
4.237489372736508 0.31080270477499555 1.8212433662550471 0.640094737199983
4.159867124719057 0.30804889543069114 1.9716525663927298 0.6333280859222165
3.8456254163910173 0.3069057229991555 2.5949443304768316 0.6334465606449701
3.5886523134040926 0.32547771281361426 3.1519808483058434 0.6696781723756772
3.927919979453959 0.33654473242869043 2.4660272518569144 0.6897795516499559
4.1132253272904915 0.2978029141178133 2.0639551086874226 0.6115312433059624
4.02874673334762 0.3224750765276983 2.2212396054740817 0.6587357168757375
3.9415897911747875 0.32073346511701195 2.4639087373620017 0.6581139054020698
3.8803422516679626 0.32997365629090064 2.5580282362320985 0.6744045009102148
3.889584245159414 0.3182164417633395 2.5582612946508343 0.6622899258629423
3.575391891751575 0.30641534004927 3.180272348132469 0.6345488711340438
4.000800088745919 0.3000503716514828 2.284886069237244 0.6197443925532978
3.707561918238102 0.3291430031914888 2.8483048051543114 0.6771248504586208
3.944187573088956 0.2836927023570963 2.379163341101057 0.5783708798818337
3.419264562838446 0.3234968456050366 3.519530596689986 0.662804441816955
3.564203657228715 0.30671805615383135 3.2093691384056724 0.6276519099647235
4.022555903222862 0.2962557316847148 2.208331334914592 0.6082549273571173
3.66147776571749 0.2918994063035593 3.023349972310077 0.6077945091515524
3.877672011261522 0.3469725238094009 2.5864804153783822 0.7147422528945456
3.7575118770976745 0.2889022261340211 2.775194275360014 0.5918219758487274
4.270233169975534 0.31146362904828817 1.7345842905315716 0.6420448340813291
3.6867897834403487 0.2584978528785047 2.9555586636909243 0.5345467795474116
4.019817141419473 0.2993332197408589 2.243331368802959 0.6147328580982683
4.016522902139364 0.304474501988229 2.2830827084985588 0.6241057529221804
3.889557392346754 0.2992923375396715 2.5817504975585623 0.6179168697846791
3.5589994134460947 0.27034029933038395 3.2112428873612613 0.5593060875607634
3.8352727526534123 0.2991433075207442 2.656493342278427 0.6107515037029695
4.16705790496416 0.3155794507296213 2.008934133094459 0.645804283857781
4.134466849669822 0.32841211674797705 2.0210486358988615 0.6725179305155783
3.8390536035512453 0.30214257313994614 2.701505298100922 0.6222505839428155
3.788684009023669 0.2828189857127517 2.7623276619746524 0.5835701711629805
3.8878069726581783 0.30880273572396155 2.5629736075260543 0.6360552756275593
3.885520969080569 0.292161719748188 2.5972779349085813 0.5911485694241674
4.065323630254512 0.33176356902701337 2.0968694019890304 0.6801467172451808
3.971425354174902 0.297739519924226 2.4074575215398544 0.6106091515849188
3.8845952036281055 0.2895510911357108 2.561704926286729 0.5879333877588165
3.9768363714619763 0.32831831453369054 2.3112257640418306 0.671736726402197
3.901918126249922 0.2942016263936301 2.5244942103070245 0.5999386116295888
3.773742403039998 0.30592442929647046 2.786735960018996 0.6307473884078245
4.328697130921926 0.31793365589957645 1.6500028152473512 0.6534650040714733
4.061264102566437 0.3006928435658168 2.1605597537804275 0.6167252936570845
3.9550669754291166 0.30628816273860576 2.423576646613437 0.6291329608176566
3.9979033679020555 0.33092924649657934 2.2437549079243864 0.6827584554850549
3.7725149045592694 0.31095012318894655 2.7563188797691156 0.6501095536742053
4.22504338191524 0.3209799441092517 1.8044950501587271 0.6592094733663496
4.00111005154678 0.3366461780820324 2.2776220323025274 0.6858257723314064
3.9988920724625068 0.28699878980741883 2.3014093417186703 0.5957510462228238
3.8167833898637573 0.3182474005917004 2.681979610226992 0.6583099385423078
4.055197956329515 0.3128132686158172 2.2175165737932403 0.639233531620213
4.1803245076650395 0.2965864233786522 1.9740576365006812 0.608274742945866
3.6825996485971455 0.29592270686901084 2.95857560007079 0.6094026251117909
4.002723522639419 0.3019916173961314 2.3246537054731986 0.6255863542751758
3.928964501335175 0.3384217335934414 2.3800921142554743 0.6908730724448239
3.5466017151813074 0.29808228045017504 3.202756483390637 0.612216565374744
4.001287240643336 0.3230633612723121 2.330231414285633 0.6642308037709682
4.062851799282029 0.3257405047633496 2.1403969136995613 0.6717640145857335
3.684361562012141 0.3084127978943033 2.948900276876202 0.6372881866419322
3.7757807802567775 0.2894980768938567 2.7423763278673103 0.5931831278922336
3.6450784945133234 0.2974250584219217 3.0264774851295684 0.614915343093381
3.8494500804084995 0.2812333464232498 2.5907955028841614 0.5782134011097313
3.678646314340776 0.30733583807948534 2.9903886831112882 0.6327294759507571
4.1349138641308905 0.3089376340779585 2.10888904854974 0.6304338492607429
4.546361732802703 0.3102680880603145 1.1795878753245246 0.6314675099880027
4.0590481897301895 0.2803797079006904 2.169692759606833 0.5761554422369809
3.9863903887074406 0.29083853098076495 2.333594721086264 0.5970711820303535
3.6519465648664897 0.28356486619601473 2.9730936430337964 0.5868592921410756
4.04550800466027 0.3200614346141364 2.215756551038848 0.661779519098436
3.569429924335086 0.3031799322378233 3.181395085698847 0.624997039757095
3.7414676421892246 0.29268360503209584 2.857496639878688 0.5968949511765261
3.555170802816074 0.3162904377040381 3.183253014461596 0.648816222423596
3.975490551248831 0.29366172413909686 2.357861994827604 0.6040687635432904
3.9447873343838875 0.30722615187488356 2.451937853272022 0.6330345294638113
4.044218058035057 0.3195918455812858 2.2264233700328933 0.6510570376886433
3.838997789497637 0.32056591738744894 2.5638513957739915 0.659485727503486
3.9717846698242836 0.3084073168557655 2.3402798834674554 0.6305202972370768
3.8339337701998373 0.29472813577596224 2.722681126719909 0.6099446519900721
3.6157072801199845 0.2912990707355363 3.044622492591648 0.5950916658164745
4.709195367981777 0.30858481673177135 0.7994854079312685 0.6362095902991496
3.9744678339198956 0.32969940435526934 2.3002856715480755 0.6784684459774383
3.90245812077695 0.3008074204914438 2.516778105056173 0.6183035715917442
3.8141156285659896 0.3060324115954901 2.706494170175903 0.6265039462939955
3.9385750884714104 0.31596984194122446 2.4226441501633698 0.6487388201539114
4.3333263115811995 0.33384390146911175 1.6207496743944634 0.6922142059800167
4.048807838822876 0.3074064435454965 2.1972523208190915 0.6257376521862854
4.568933963750871 0.3080290725735935 1.118420225572295 0.6327393361422657
4.211685750087221 0.321645544670557 1.8186895938007264 0.6656377645995919
3.7582120268562043 0.324212772924276 2.7598964200479887 0.6674725865475437
3.909504154011951 0.2890273635695 2.3971983452517636 0.5925832467698382
3.8637953273870562 0.3053631723844621 2.548583820279351 0.6271305332922796
3.9404435934862416 0.2763066906961695 2.436067945295504 0.5710881271871643
4.220844167780529 0.29422011957871985 1.875131545493805 0.608235730498836
3.9758188330780975 0.30080084924890055 2.3534681825588386 0.6206552389435146
3.787633423515784 0.2704749016808784 2.7108303202376716 0.5530301928603895
3.934262974064656 0.31033074635312463 2.465648407795442 0.6400228332414911
3.8123942316879993 0.3152217171246298 2.655951252067789 0.6426693376677194
3.699585733481804 0.30336187098239686 2.8947813915567258 0.6264313387268428
4.026250477262717 0.31505913401042523 2.2124550939076078 0.6463346618053861
4.298965202612674 0.28991888414246286 1.6673795535466671 0.5942060956208516
3.9712430549119526 0.28677905631003114 2.379075509365339 0.5922915469464363
4.148308926331174 0.30001674765123276 2.052703213962055 0.616590995325013
3.857152738310666 0.27878629097763585 2.6375654607841748 0.5766255669192899
3.9602752413974893 0.30896507700323095 2.4133566207807218 0.6359156007295405
3.9713458022442323 0.3516778044996069 2.381070896756148 0.7244691826868038
3.809198654606541 0.31382804439620776 2.6792817197279124 0.6407997851359681
4.2161089216661765 0.3156330252288052 1.9121669591607224 0.6461342068594688
3.777087590466138 0.3378131674299856 2.6858835669430046 0.6946894623791846
4.247646584227314 0.30139742193294544 1.808711185042712 0.6264772766521444
3.9469140498536976 0.3538996568180837 2.435504687533019 0.7242142511600249
3.9049872218067767 0.30002800095255605 2.4713834883784638 0.6195498013017811
4.135071498396083 0.2818047766722842 2.0444788848203075 0.5780847422711598
3.6909105136791536 0.27933114664174086 2.9158704828985353 0.5783474781402413
3.95513633302874 0.30173717412688533 2.384910984539683 0.6184976935469709
3.9371148064532733 0.30928578201826 2.4272759948191225 0.6377722533117345
3.8540396840970885 0.29266727003829085 2.542257811008165 0.6018373241374029
3.9309448613292313 0.2928552889013793 2.4852518837675754 0.6049168119771308
4.07657405274538 0.2718540650074061 2.164149732566095 0.5539770436256449
3.8769306296883093 0.31948927269310085 2.544967724086267 0.6553778577711914
4.086791629949721 0.3288164400357818 2.1258283601257295 0.6743815672614167
4.010289145162444 0.3027233710581902 2.2609175843660028 0.6263762824120767
4.048596105716895 0.3083810874293874 2.166943891076584 0.632504778588578
3.8669413286767362 0.3225238777991385 2.540736093669034 0.6609038848291627
3.762388238583019 0.33148808528389956 2.7916033452384825 0.6759106231235048
4.255551956819708 0.34043993730054106 1.7723137258375687 0.7013324676199308
3.768484758717192 0.31031772590993983 2.7797709118252882 0.6348314031004371
3.8401380146326316 0.3254156566832268 2.64710165994129 0.6718813939262219
3.569078861327693 0.2958963142898144 3.203367925344966 0.6091928402536274
3.586105914644846 0.30508014916582743 3.146531595938651 0.6308012276871615
3.934301787125199 0.3014501211720938 2.4445503008205085 0.6220874174000431
3.858565211483577 0.3169516314563574 2.687575881990626 0.6526791073896686
3.928131015751596 0.33311725908545303 2.438976382113817 0.6863229922065734
3.5788097379987365 0.3262269113801688 3.1749650625822516 0.6741050765691144
4.077160267567169 0.31244327950269324 2.1875429759401697 0.6427350493174551
3.8999084980692484 0.3177246965242635 2.461868189059116 0.6577217888746851
4.325680501562766 0.32746469444192605 1.6161304537869294 0.6758213532354364
4.0604914091819655 0.3221700550380987 2.2296734378995455 0.6597383486438791
4.240796231910116 0.29583237981194804 1.8058914041746605 0.6074007683809596
3.7061011302890563 0.30654919708311357 2.9501685041752417 0.6296263691586296
3.8863352741412145 0.33277792599547756 2.494466092498218 0.6865017311531364
3.669167554377789 0.3026602568882728 2.97001469550247 0.6229203619158852
3.995400457199714 0.28272652440332596 2.3199404503294785 0.5841876453114995
4.365011390594736 0.3078062343287432 1.5756740103110596 0.6299128025228015
3.4309494954579094 0.3067750634947372 3.481230787197447 0.6284749956041946
3.7753469722941295 0.31941393203943746 2.794899975561145 0.6573253928198501
3.6581159146171847 0.31766229202616003 2.958493771204255 0.6560101272484898
4.047970454305112 0.30369591720562816 2.213221194029724 0.6187758305465036
3.789317083504759 0.3365171937755307 2.7444971556446376 0.690874241513229
4.066174344235746 0.3038959838507991 2.1956617549625106 0.6263480955776037
4.038730788026307 0.3313779901147592 2.247888815411553 0.6813487013569488
3.8743237261223906 0.2927755688647268 2.526028625359058 0.6003525567502312
4.060057656616523 0.3077932488098315 2.2067471440743915 0.6300913030684153
3.9210480515454806 0.3124537722045007 2.473194093815457 0.6427981331556966
4.2841226115443245 0.31292466616695985 1.7300660485258614 0.6403714667459189
3.960621368174144 0.27850238060868965 2.4154916765778096 0.5734369674064097
4.171863693662122 0.2881359056478428 2.0019955293368 0.5938827689774495
4.072548739687223 0.3178947580605194 2.1366791527336133 0.6520036755694334
3.9077719998553935 0.30263815372107744 2.4781384240337094 0.6236755086576846
3.9254823328524773 0.2961247562579722 2.419825807297924 0.6076515337001227
4.114655165272559 0.3265718833219085 2.0548162083538575 0.6707928339529806
3.5949945012383884 0.3239620834780889 3.15979928213974 0.6690148658476127
4.014026939699366 0.3136569441771047 2.3151385576694743 0.6519963905709321
4.205939553319673 0.30756067786052044 1.879308852261575 0.6297491315359844
3.8710377145018597 0.33154667884817957 2.5380002360006984 0.6766898683613041
3.7631683222608148 0.31453174327340844 2.8272881900637756 0.6422966145966997
4.033861769192483 0.3104032504750231 2.2262436493866344 0.6371697459125449
4.205725710640666 0.3245201655495568 1.8828038385530659 0.6671854470532746
4.0378576528851 0.3006846031860017 2.1596170345126167 0.6211495936603171
4.2670301638513255 0.2967728315336563 1.7243638356485924 0.6083546223081732
3.9480740267598957 0.2980629256084615 2.453787750548079 0.6145268119272586
3.98873620701177 0.339519590292805 2.3322437115671306 0.7067836962026236
3.831279478397574 0.3462021900719342 2.6293957155820324 0.7067790150333938
3.359822942943091 0.30664349287789755 3.5764889928276595 0.6247068770190174
4.200065064752373 0.31750604845453334 1.9068233845150577 0.6600233656754325
4.312806222062203 0.3411602558146834 1.6821035373385107 0.6953932290769083
3.977010385506384 0.3332337650164131 2.3938543928065483 0.6796112213214418
3.807937349983498 0.28832758056316266 2.7221190888625877 0.5926373074707508
4.220928767357895 0.29388559322933455 1.8783163405516103 0.6110016391160644
4.207234126487955 0.30652205621798284 1.8742877337987487 0.6312220799443574
3.846889691990347 0.3012815633696755 2.6144142072478145 0.6164336091474296
3.831962656287737 0.3275551042091014 2.6442960416430488 0.6726153596882706
3.708915103657496 0.308996599475717 2.9299509634871512 0.6395328398493002
3.5417481262032804 0.3146746965535833 3.2219012219249885 0.6421938459770725
3.8448764421171036 0.30214664757788007 2.6146168526579507 0.6221484895841559
4.055056598670255 0.33281517370401803 2.1700598457615707 0.6829228647691329
3.8272281447450043 0.28434007586806803 2.6951934760144027 0.5852030625427015
4.074214740103288 0.29656648743288627 2.154956052813999 0.6094609173062286
3.8506482599786027 0.3105074053013609 2.5459874590742038 0.6450764677895668
4.149277226954105 0.3228696532083594 2.036969410180256 0.6630792203684059
4.024336963373035 0.31484354868968834 2.2406965428269525 0.6530594317650821
3.890840940816007 0.3144063292044397 2.5102135444001625 0.6420460093182708
3.7640808320938306 0.2982358001527248 2.814226043059864 0.614934420342978
3.906815151858539 0.32027010295553365 2.459854722735221 0.6572741955539739
3.4854093001924276 0.32593686359181334 3.332995680483706 0.6745836612818277
4.378344591658195 0.32326210913720516 1.528540353413691 0.6647863511242432
4.011472993086789 0.27843644014102914 2.3102708341879583 0.5682333002085014
4.3945725224802015 0.2935211023073337 1.4753501319111106 0.6092880268738935
4.018589120197647 0.31610738380794634 2.3137071010902215 0.6501814015640536
3.915681085722963 0.3122116835107095 2.436999098799246 0.6451124942427721
3.8129015704300775 0.32551956703010887 2.697622651924709 0.6687860814735614
4.300376079872616 0.29161043507325607 1.6472795504210773 0.6000012762665331
4.129502195805368 0.28196348218735107 2.061892163927733 0.5831560611925793
3.837443862008861 0.3039708731858747 2.6614947198183003 0.6274540076358855
4.204306268611635 0.31308735111631775 1.89720182901351 0.643492687078932
4.061447142006573 0.3117146633823196 2.2089605777771526 0.6417897069305621
3.673455506641119 0.29640987432133786 3.0033410269790854 0.6088211950907136
3.8223295832608253 0.30915373893806064 2.7234393175842726 0.6334091799370908
4.400350607792462 0.3303718137579935 1.423156095429368 0.6807018495675928
3.4853016576616183 0.29262480555684395 3.3241700121557214 0.5987593771465161
3.6908102986782323 0.31072092459742173 2.926226724070156 0.6447885613989182
3.747059571811111 0.29440424404504123 2.818750288688819 0.6057995210967545
3.8880760106749683 0.2744975856260381 2.553416462380911 0.563981755395427
3.8752419075241216 0.3211784255444602 2.50956744284598 0.6677935871515579
3.914452961655312 0.3371270035125289 2.4699252991181586 0.6926651340733424
4.259962253930906 0.30628000182313875 1.7605503481265572 0.6257660526698687
3.802568284252607 0.3093069782686158 2.7056416527453346 0.6363127911027897
3.7853892120958754 0.321651287323215 2.6993201611596955 0.6648706173103319
3.8692042044222807 0.3151413481212229 2.5676631404011836 0.6497996888983943
3.6901980401108863 0.3293397559065711 2.9178197214224864 0.6822818841606771
4.038373212995821 0.3124091699280556 2.1969332764771945 0.6407359873428665
3.9022462275964527 0.3170886708299335 2.494193717481045 0.651487527831857
4.160491034214013 0.3250330820979788 1.9794440661780892 0.6802980012324435
4.065588803284138 0.3005524403323445 2.1339089920644714 0.6169266374065565
3.946354009210261 0.3448869402110224 2.3797694543615755 0.705749536250248
4.017594483770807 0.31508136703777057 2.2193591086112847 0.6524049095557884
4.014771317008021 0.31034945403904257 2.2525701613466724 0.6428098061030636
3.754563597765241 0.3228475172351963 2.8588363842797806 0.6642188260276495
4.002332739574664 0.3188084635905981 2.2829770537547134 0.6505372579844907
3.8288646138402243 0.29280709899885127 2.649844865512799 0.5994915747538536
4.071812661897371 0.3582659534737462 2.1988843705173426 0.7378675420052531
3.562565460630486 0.3667505420632116 3.1895291510188564 0.748893959546543
4.298428301292061 0.3227525193247091 1.6543022797022966 0.6641090295783588
3.786548156177817 0.31378283002105156 2.762432199408302 0.6480572151530102
4.12363901740848 0.276697361797381 2.0319304028795973 0.5715961147305388
3.896361636039735 0.29995121573136113 2.5340098668724895 0.609610939290871
3.7014336879209857 0.313528541360349 2.8832333178108716 0.6439129829360059
4.213743318161361 0.313711621497927 1.8435035156899922 0.6430831391282668
4.375004734965515 0.3507206861494904 1.535602665898315 0.7199271150166802
3.927950747467727 0.3302353832984913 2.475460943258204 0.6765312545291176
4.002254794975055 0.3053739846433103 2.247510317580442 0.6244294752779375
3.9582212231648732 0.3211245011650534 2.367767743392961 0.6589374961466555
4.186109012930945 0.3165738288244723 1.9172410564016247 0.6489924718156685
4.133315193179669 0.3044923162492684 2.0015379445746593 0.6263566130637528
4.402827842301404 0.32309468655100904 1.4744077730440832 0.6616632331508429
4.418598673758769 0.2903637087789005 1.3683773061809485 0.5975391448779661
4.095062845458191 0.3191137772436815 2.0950580127509326 0.6617472487947851
3.966276313331808 0.31409313572351594 2.3908410239375995 0.6496263645447122
3.9656955958725426 0.32163248832634794 2.3958750765120236 0.6621580670036734
4.0370139536309635 0.30871601545500177 2.2493520129572726 0.636682429913962
4.163160612589031 0.31887965132509566 1.9661529178453452 0.6596766032633076
4.084730752937006 0.32467585099099444 2.083762109098365 0.6700233411597442
3.5874406769202887 0.3130425012585277 3.1206868402175605 0.6454304649442854
4.209432361092403 0.29979180695015273 1.8581772621164188 0.6168310548349972
3.675547376489437 0.31409951758161103 3.004923900133322 0.6444179392400676
3.6351307212908113 0.3123353549430659 3.0238873158898176 0.644319953932782
3.7815039812470284 0.2841982410633849 2.7357089610102783 0.5910957933641668
4.057598396372923 0.29317967472817924 2.1442067760949186 0.6037820222882401
4.149851419533186 0.30077214982786754 1.9806902125624104 0.6174756231815375
3.697549473279608 0.30063425353313666 2.917877819698447 0.6254652712093345
4.0600631069485456 0.30025183563843044 2.2113745993686464 0.6155873865545858
4.153186568676595 0.28809963415359846 1.9919953544935831 0.5925289065592032
3.715685440659043 0.30484623466728145 2.898645477430028 0.6290413726788332
4.125986141082125 0.3196254638688254 2.024056671682329 0.6619006863964204
3.879701647165715 0.3023578070095351 2.5524630260705035 0.6245808610223998
3.7574884210358155 0.32053998361399183 2.822815136438618 0.6601119856855702
3.6727175112409403 0.29595901187586693 2.964217968979619 0.607855834216322
4.11939245804383 0.3196325605590206 2.0436038356974056 0.6551929895028616
3.9568636767326604 0.32852605671158647 2.373321583213939 0.6741877781284089
3.8880102059885884 0.2996191498370027 2.5803761886232817 0.6137128547367633
4.037860023425907 0.31168742756947515 2.1933601076228753 0.6410477297000375
4.176396220164384 0.31527598959185216 1.935022553965129 0.6465760897460965
3.486590374794091 0.27326268564892936 3.3965776213784844 0.5634738221589122
4.0841081312403364 0.31307439833077455 2.1547240621364026 0.6460815266207747
3.75912475469485 0.33455506374934807 2.832862975792751 0.6848671283046271
3.604007245978278 0.31039286761043894 3.070014493487269 0.6408810287228487
3.9495975969769455 0.2855199244692096 2.397013652658686 0.5891385384228434
3.9937307460839286 0.3014164866933856 2.3061669879452458 0.6209721693795325
3.713248800962228 0.32069377459951626 2.8561605574512146 0.6566182782854377
4.038748069711892 0.29574019129787554 2.272815363747032 0.6118714948200176
4.024663426979412 0.30068402766114666 2.265183124478944 0.6165771216267287
3.987840542245042 0.3131984385596999 2.3115619140398778 0.645410383829744
4.220166910751718 0.3311343918947449 1.9199051332791326 0.6850568796334685
3.958842900337827 0.31660888736603726 2.4197756485377946 0.6420716048424367
4.085581889300858 0.3171268985050567 2.1419262203468254 0.6437820552478882
4.062477897430082 0.3150909851617299 2.177818422481651 0.6517955759224262
4.215242051941598 0.30851885172475824 1.9286324281178957 0.6352601938969821
3.812592530890379 0.2736026842614847 2.7263169678173007 0.5645314634873014
3.8383179771736735 0.29991036981813024 2.6271763183935684 0.6140432678084096
3.890711198869261 0.28317376026208396 2.5202114599345613 0.5891994678129944
4.062971080999933 0.30389220375940135 2.1483572436145124 0.6305996062326071
3.8080605695952254 0.3237285535866433 2.660259625283299 0.6619399538060138
4.101720465817815 0.294760404046778 2.0746526433391965 0.6100827848952259
3.992242672521649 0.30954410765711116 2.316829503818647 0.6343009423636506
4.164327781720049 0.31810620482201424 1.9813553009288265 0.6486574329796228
3.827833362920716 0.2994165554621596 2.6252392281612624 0.617695003626558
3.835603148685811 0.32532954748110005 2.64680460563601 0.670930743070066
3.7817270714327353 0.313639897020269 2.7327870638134093 0.6500357016315996
4.019522322697782 0.32299231519963045 2.2831374654537404 0.669607193907254
4.232303103004043 0.2863728506743836 1.8314504858048628 0.5931994912048328
4.023429877673993 0.3294984442683071 2.2278354897234696 0.6746750403117121
4.0480572719510945 0.2943657795646447 2.2084234284773854 0.6040307669323159
3.8462354652917496 0.32254470367619503 2.6125224629717203 0.6627446965083917
4.1797541241331455 0.3102693846586074 1.946312722533095 0.6347695484222706
3.566539979719108 0.34861104288350375 3.2007856931450402 0.7147428398836667
4.080801730095438 0.3305140158291085 2.1198621413026446 0.6727079108800501
4.033016154950415 0.3468807054001261 2.252820541946652 0.7143984901795382
3.953480376879603 0.29661851581203347 2.4015117536559734 0.6131100264703899
4.196618959137766 0.30598255413993064 1.9096467434450746 0.6287987826138045
4.071475975001068 0.30680779679152315 2.1372886255216432 0.6412832757711949
3.7297341264387414 0.28284905728482984 2.8517550221764436 0.5829655573228256
4.094096304361508 0.32672222817288415 2.12470066485678 0.6660387242073351
4.173882933704514 0.3500363136034863 1.8985576338173482 0.7150214178716671
4.050686228943354 0.3116527338344637 2.186240518952901 0.643739490777412
3.8378179492532007 0.30739548934802624 2.661749297723322 0.6292294078756646
4.135890976385886 0.29487497130289053 2.0139824265494166 0.6059628683762021
3.9893880345783224 0.3110187364927002 2.3354050114905864 0.6380952209433178
4.156330159934447 0.3026481829683017 2.0430956533453903 0.6177048089436584
4.106697762529241 0.29851830427126047 2.0553847183485123 0.6164604057998778
3.4734295913272746 0.31272596239918066 3.4100620087176363 0.6383731921718517
3.3808443895915152 0.2992280377238518 3.585533878724748 0.6112693511007341
4.140643937294202 0.31470098097534016 1.9978767910277504 0.6492647748110651
4.185744968629891 0.32346584024954933 1.9203480003955802 0.6666925165404911
3.816966339903252 0.32591261372986324 2.670276188358068 0.6719490818183457
4.022518688677914 0.2947976179570741 2.2432800102912864 0.6050084493308454
3.92308132765403 0.30169875254679596 2.428878650770963 0.6246719927715398
3.7319628073361604 0.2942369602958457 2.76168917065653 0.6010161400899362
4.088059727834322 0.29838424518645135 2.065363448410984 0.6141238604770474
4.088222418783481 0.304690094242193 2.1281859072587297 0.6281385962858973
4.095826574313476 0.3044535749769002 2.1275980105055092 0.6314147719086886
4.199962595777151 0.3065900458415625 1.8812257593674557 0.6256294386551968
3.5915597887393673 0.2790382342898825 3.126171452552164 0.5697731530313461
3.763559033529771 0.3028075591076434 2.800049746904426 0.6292490230630614
4.187017278260051 0.32340704260980757 1.8930422097061212 0.6670749267154608
4.123924825067952 0.32045033668403095 2.0590941112676364 0.6554468684601926
3.7476215734098925 0.3215118647008571 2.811140422792562 0.6622582851588996
4.281926727736962 0.3023213976375732 1.6869383070273551 0.621869289089728
4.033141006585369 0.31930833054368013 2.2120748333102567 0.656123733666523
3.6192246717454366 0.3414468047240978 3.065400604116595 0.6972101764048334
3.9266920588112986 0.2778337754868528 2.4226273809032364 0.5706503708932297
3.7278710231790955 0.3203922587612095 2.8680655314334196 0.6542815298881414
3.7353118331493165 0.29807268788316305 2.8776839415527715 0.6104511263762096
3.786112064284743 0.3449936901590888 2.744355344663655 0.7007228618582166
4.032347714975801 0.3297950336902675 2.220390007270014 0.6741647492011575
3.6656877856139483 0.30516676619979716 2.98245086283388 0.6267888424678283
4.345130439268374 0.3025364910314033 1.5865713060361593 0.6181358125982837
4.174602173161521 0.3200921397161095 1.9488701290932897 0.6568793664192827
3.6672554976854217 0.30832375425256037 3.015376746459139 0.6331686983135588
3.9135452364904624 0.318778657008364 2.4914991264545154 0.6559199130394519
4.2962145007953225 0.2756391788493306 1.7366869425299458 0.5664756979338638
3.8609332762333297 0.3047920250886547 2.5992156462447444 0.6303435405672333
3.9936137984740054 0.317914620480506 2.284988357476376 0.6527877792368436
3.848233372203716 0.31152975855658255 2.6135930438489616 0.6371041000568038
4.49066625302796 0.31451568769904953 1.2606916968802933 0.646458937784038
3.373672770618989 0.29210816514790855 3.6383074919103384 0.60054820824561
3.8937460070739873 0.27785633831230616 2.5313850777855107 0.5683764094915084
4.117695579166611 0.3177985655072831 2.087265560324828 0.6525412294826778
3.7595395409895715 0.26644245837201713 2.76638526616857 0.5468801919397002
3.813036997127063 0.29615574206168666 2.6489522554092453 0.6048741675208182
3.6335634190853563 0.29929272934717166 3.1003911905319232 0.6130195427164128
3.902763719246276 0.29345403733766495 2.5291119707436254 0.6046470086871382
3.7479597383403966 0.2837632279890876 2.850923114485288 0.5836471510677453
4.396293317826769 0.3298356291384062 1.4829538851877406 0.6756978666746974
3.7808524056362183 0.30721502173025905 2.7555030411337915 0.6347979022198651
3.948171329053718 0.28539461272590266 2.397873403082767 0.5798787117921361
3.95468149466432 0.3230289929211967 2.4013655283888085 0.6676218798950065
3.861483055810758 0.3446089776446855 2.550576610133003 0.7081307098979487
3.893925638041566 0.32589770602137597 2.5509605921265894 0.6696033787549339
4.156510946244643 0.3272947092349535 1.9938259584047024 0.6733364129109461
3.9338319064354965 0.31077812253102033 2.4561014063230493 0.6382362355765063
3.575049695666865 0.30664809024412315 3.1697417044015412 0.6290425136513493
4.120002805902952 0.34379455446493784 2.072192142553585 0.7036140583600257
3.931137211169953 0.3057754757106418 2.452735573786099 0.6292590772746405
3.891704197160815 0.30899883559471636 2.5068726135705592 0.6362775346098111
3.5776374148288754 0.32377517071586515 3.152773171995465 0.6676767277844552
3.34019544500251 0.32192970188739545 3.631993899152631 0.6635629255214918
3.8486282333523496 0.3252508651250122 2.626184495739174 0.6700716083009124
3.85310133554061 0.2853690529288333 2.6157113464793538 0.5827422365932647
3.9920703991918702 0.3034299291210169 2.316631748840607 0.6239365538840425
3.1765569914797127 0.3247864282834928 4.017517593698408 0.6624333235984419
4.210916681395376 0.304799742882907 1.8789015773121913 0.6251151852154354
4.103466597820873 0.3175429121109484 2.1535566966595256 0.6510138222426386
4.088346552650757 0.29621031291220984 2.1052795140020466 0.6045842236178861
3.9644619654146203 0.32209785397140966 2.427839589346422 0.6590965357932262
3.6673462531291756 0.29522972300665534 2.9798088224960875 0.6013724611698514
3.799151138541383 0.3143162519811889 2.7081030960737627 0.643466179990434
3.7635322078287596 0.2918840407323112 2.7676260018457075 0.6010139936076314
3.845750901296911 0.3015266050878658 2.6223977847089315 0.6215638430315983
3.956336031932131 0.2915518357456479 2.387285192693782 0.6024417573443795
4.012188279154477 0.2955312236323982 2.253047381477731 0.6081516251519289
4.131683546796651 0.2861136927226999 2.033649002663143 0.5902598479462315
4.030741362356377 0.286832838016685 2.2014136627900345 0.5880848551197811
3.9226815567029387 0.2955189381654905 2.4075545638126363 0.6103099445320164
3.7595145615303265 0.32281845353002114 2.845830814697117 0.6591870005204331
3.8780576009570686 0.324709167129854 2.581826430651545 0.6639697686921253
4.247351594032542 0.32292171733832953 1.8450848350655968 0.6599353703982245
3.8768706518636074 0.3076894829130406 2.61892875153097 0.6260260107640528
4.172518213556369 0.30528008945276075 1.947611446946393 0.6257006020962813
4.037333619709677 0.3347602930764726 2.2257595143689377 0.688482519619143
3.737131495330572 0.3019801322825398 2.7978097407153117 0.6177067492495881
3.8466399636466098 0.3183517391591841 2.581263702411367 0.6512557707332183
4.388140536443794 0.2801048716917153 1.5035883509060763 0.5746475381162882
4.441608392559791 0.3385219189268998 1.3674876496686998 0.7018431224663088
4.083068399427958 0.2982324595324441 2.195530687264583 0.6125710748011608
4.041709164734414 0.3206303974064028 2.226144903666152 0.6583649678657815
3.934400555533207 0.32305604696831597 2.392229241173318 0.6671861460156512
3.9257736422082443 0.2897227209739946 2.402488771384011 0.5957495824762704
3.9335433544503795 0.33100506546898495 2.462572638819194 0.6763182445814211
4.201035585675186 0.3287263549352989 1.887467055471391 0.6787041931099316
4.098176681470262 0.30779877634779673 2.130415364242844 0.6341150645896286
3.7547960798872246 0.31316646042424184 2.7957844148749253 0.6488120126903553
4.279110154615182 0.3223539711130409 1.6752690899890639 0.6609102976985799
4.211069112760013 0.2934113231859413 1.8992789271277732 0.6053635130218649
3.964905476544878 0.2813914343476556 2.3886948082438355 0.5795424035927762
3.9652632373491103 0.3032896385842721 2.3841448462264276 0.6204800618374431
3.97827306726551 0.3291068692147178 2.354807012707096 0.6683298300636273
3.9850383902575395 0.3185139757787622 2.314751091838972 0.6477833944584289
4.205345557751922 0.33603285014965834 1.868371301427997 0.6959273875563844
3.62830154861492 0.3025026578249819 3.053874653399613 0.6223366015573848
4.20789818955444 0.3355655822943314 1.8673254437506577 0.6926405946280374
4.2301448782557385 0.32381199151130147 1.7757970620344392 0.669825894523506
3.5790061666028388 0.33158227780964517 3.1235006081004246 0.6817866633872671
3.748135768094238 0.31090057990826847 2.7507893040197677 0.6380642676499451
3.918424194485885 0.30970051512216495 2.4460564888086753 0.6359319744217016
3.565876900308024 0.3032343728484182 3.208683967909519 0.6236214921626495
4.151727108783957 0.3180308037674867 1.977334947567423 0.6528986284398548
3.460040896195168 0.28227845487160536 3.4318066350910748 0.5801725193773524
3.5341418608963107 0.3128164598269002 3.230414098111292 0.6411472995322255
3.9260029508928023 0.3067601274264451 2.3955027315796893 0.6263280809605091
4.243082505108914 0.2946245842837594 1.786279854339869 0.6109852478564629
3.807018531689668 0.2852645146972786 2.6451811241997163 0.5875327258608661
3.888644718008065 0.31609256206224046 2.4985625427928575 0.6505248883917617
4.128976952093162 0.306379518251364 2.0218946902474677 0.6258340220728987
3.7187084507213637 0.31037968834586427 2.8874877342674816 0.6372245612444963
3.8144552068412025 0.33150679602916505 2.6447501028990663 0.6846377460692807
4.174420104695859 0.3164432604769137 1.9640580946812836 0.649065664141862
3.7834909456058448 0.29353407647011326 2.733097748093372 0.601639390523015
3.7935040374326743 0.32720309243834056 2.754240337736248 0.6751248770789731
3.7944772433160114 0.33614969161506836 2.7364357496526535 0.6926721068734557
3.99111304468735 0.3082068140380186 2.294349380514653 0.6359327531327332
4.06565071128378 0.3049945807784551 2.1811287901640903 0.6234722637270848
3.6483193666306586 0.3105992252007107 2.9738941288188117 0.6408903378638053
3.579863575500241 0.33124754427405306 3.1325410124224033 0.6768626468188733
4.315368538595638 0.2970355450945395 1.6730129451191758 0.6097625647624357
4.151011358757912 0.33375335596782635 2.017068624627627 0.6777688584689819
3.37763227237617 0.3281290064224521 3.50578188816745 0.6728383015499888
3.935670102291087 0.3134358691110714 2.4459904514458257 0.6427277359710432
4.063154779656524 0.319936416137636 2.1706761948865245 0.6603583535440036
3.806675498010052 0.2977290702775746 2.7409214045762096 0.6088411815884011
3.6298246681113753 0.2902323755520914 3.045506467243161 0.6000663862078499
4.049008065424157 0.3239046859101321 2.2128371832491487 0.6588485815673442
3.7882794831156232 0.292244876355314 2.710759134666646 0.6035232980981122
3.966973446351178 0.30279093712888866 2.419281090914745 0.6209394699680987
3.8381508377337576 0.2902960951815368 2.630205172593299 0.5933004937918571
3.852580322696604 0.29652595480485444 2.5642993514184678 0.6042207169352475
4.046510990233914 0.2975047355748803 2.2177085091604383 0.6112020643341503
4.1512112365287726 0.32360594535914333 1.9633069908923761 0.6602741204176189
4.087348124672452 0.3200683981968569 2.102640862937597 0.6591533677558264
4.030105309054946 0.3074722766164403 2.29673736030232 0.6352873557619066
3.8003624720097764 0.31432272635614333 2.6753179694830314 0.6431746808317934
3.893032979926667 0.3231683943288977 2.5602576308340907 0.6673317764181979
3.8458557188485196 0.31067928438840153 2.6361113136528864 0.6406585754006922
3.9688879305598412 0.2909956205959406 2.3947677991324214 0.5977725856155698
4.088782704801471 0.32187876142976896 2.1335890544502805 0.6640407100869311
3.8447445458250114 0.2733259230334568 2.619641193758461 0.5645766715136368
4.107650290813325 0.2923001184349813 2.052848670406341 0.5979051666666273
4.317626723140824 0.3011352289480874 1.6413780854718845 0.6122673036631346
3.830518323522387 0.3369376939795703 2.6530333232236742 0.6917406603145203
3.952078248409972 0.30438704389214766 2.435646642071484 0.6253944581137203
3.8544145221316777 0.30997703004442745 2.6299518800542323 0.6397861199904917
4.313556508817477 0.3106721340776193 1.6474110868406346 0.6393752105589822
3.7564207771280373 0.31670099334939106 2.842255822802961 0.6489297340992457
4.340515878921396 0.2952452505543341 1.5764415236543257 0.6086421544705154
3.9569803013604803 0.3176969974306288 2.3228039994113283 0.6495452897386437
3.9037432706484143 0.2759480604952436 2.5307634479456222 0.5671783357076946
3.6549374485039348 0.3138983766569703 3.0184774622512904 0.6462738656856801
3.9885568080039673 0.3158594129707426 2.3563527915158673 0.6445195295320348
3.9667128922511417 0.3055833051462525 2.376096718340799 0.6243495954914279
3.904630555403785 0.24741066781187973 2.510997075959219 0.5107234840247251
4.133765704181985 0.30316361645014456 2.017304299022412 0.6232220697366432
3.7936873561818483 0.2999207918743288 2.7425047305264343 0.6183528905098148
3.756789188906901 0.3048515525082756 2.8170601931262045 0.6274326369947741
3.7794790586896703 0.3052979420087119 2.779929659572379 0.6302663276046949
3.866486175221163 0.2881771100718939 2.5531913316127532 0.588727433877064
4.232613645725024 0.2853329025688387 1.7899380707007086 0.5824488111259956
4.097102117847657 0.3262555573330872 2.042471529557157 0.6732315858138421
3.871175253451592 0.277802003214444 2.5908388019660045 0.5711559366789796
4.112149071097515 0.31743625071674203 2.0276271598392643 0.65718440087687
4.071044193079713 0.3136999823136829 2.1277457012948933 0.6430687729401686
3.6759136915394386 0.2797520540374657 2.9738847124463197 0.5793241533718319
3.9851341786676704 0.29962946649610894 2.3040663067985934 0.6135198893321072
4.145252777595941 0.30108815584004256 1.9518610442933697 0.6211168790197952
3.9957738201010393 0.32661467188969234 2.3090998957666837 0.6725726340134889
4.21152286992168 0.29882902070471284 1.9063572666373885 0.6083414797156635
3.9783745286014285 0.32417276322544 2.348897901954368 0.6659625242572975
3.61324925381017 0.3177447421410306 3.1284955658582714 0.6600929535634599
4.0076155754635305 0.31007404627691 2.2248453412992104 0.6388204862763578
4.075403166900511 0.3199999285737039 2.1308735561290075 0.6599637231264982
4.0612822465410865 0.30953038425737195 2.1389247515952308 0.6357651012117487
3.8774310346002023 0.3324006858661645 2.4855615355714455 0.6796630800222797
3.9643929186201974 0.3321188024661037 2.4131673479642135 0.6825177330518145
4.405986476234514 0.30621886458178216 1.4716826564474783 0.6274802890430089
4.091302069166328 0.30119023567570785 2.1270235456867543 0.6205183517547233
4.042986506466107 0.2883371505843801 2.19343458911463 0.5925131229142949
3.9387662103652703 0.31669250698282553 2.4793313147510663 0.6524998560133329
3.8114104813472025 0.28381636989019776 2.726407391262267 0.5854329507520664
3.6113949642779577 0.35125517320140404 3.158748205180813 0.7210769318141124
4.168638572274691 0.3026191962792912 1.9724439489936465 0.6230790479880404
4.070480953375576 0.34995924589781796 2.1184571588457204 0.7227347054234413
4.2822679725880235 0.30313486075970003 1.6985500564385916 0.6205725122791279
3.700090969439275 0.29481132010233413 2.9300636130393465 0.6023281045224909
4.071373835989896 0.30789158084945895 2.1122794236314335 0.6348229508696581
3.6796497124847964 0.28014270750486747 2.943319246834095 0.5756304113575609
3.9301163039478277 0.3121706715033359 2.461344255962744 0.6397063975949325
3.8462181283804684 0.3221473848572141 2.6011549608986235 0.6646475977376376
4.151364126088541 0.32763470440663944 2.0029986423721375 0.6720141049523056
3.456238041178649 0.2934603901133624 3.3872931548714655 0.6032962081998274
3.958980937677997 0.3066747692265247 2.3264102976034673 0.6292578981499944
3.6134782126187286 0.3297929976946541 3.1119389061070866 0.6798739462041482
3.484860014391823 0.29624246952895866 3.375489439060159 0.6096872261290865
4.0329795236135375 0.27826025670382704 2.196524530413333 0.5703952727483355
3.764915926052961 0.3309011664846072 2.813027227481549 0.6744789587379585
3.9409751898761542 0.29209000560362786 2.424600146435056 0.603429350614927
4.07837733837448 0.3174812805460199 2.151589860206531 0.6563274272230663
3.9567862068343826 0.3155388109614668 2.358455404677686 0.6502152010798664
3.7293978747583574 0.30660623406465254 2.880847918902959 0.6305008564282136
3.937586283034439 0.31659442688322875 2.4310495519951028 0.6492695223748608
4.333395885223208 0.31515102983297977 1.6322005405764228 0.6503959281530252
4.015455696571093 0.2969801169557179 2.3049681446765478 0.6124251087881009
3.912687646997477 0.34927540958485087 2.4797529808094487 0.7160240910983421
4.046218858519346 0.31428104971919174 2.242731663910075 0.6391245565999774
3.8115473599161547 0.29585411118521104 2.697450932678664 0.6121434192291965
3.9862815419842823 0.29533261600901534 2.3549557057152057 0.6137662290669899
3.609309770071651 0.29325640812742865 3.133899566382952 0.6089063849239275
4.103859127655361 0.309821959748333 2.095735695262066 0.638932293131067
3.8089317162626175 0.2904516981879998 2.7481503439622363 0.5989709630072664
3.842136649877731 0.31917738711227067 2.646420584871768 0.6570595085009371
4.047478292435863 0.2910841390494178 2.177741421539802 0.6005397649517583
4.424820137543374 0.33279374668556977 1.3934309645207534 0.6810615379168419
3.5248003444100666 0.31349835905412005 3.2789072321654897 0.6509158543946258
3.6746168787814666 0.2713660110153162 2.942665625365696 0.560598948877752
3.8913761475554587 0.36147752401114885 2.516624417180891 0.7446715801289714
4.535904829356959 0.29455030446840486 1.1884352925685313 0.609133471182666
3.8130186338920335 0.3110942321764627 2.672839649416689 0.6331740926032748
3.893180103043175 0.28510727876755093 2.5232896898286414 0.5910989375709275
4.037454158880641 0.3044786373116228 2.211936631015898 0.6238281201015057
3.8867311077686946 0.3305139287273389 2.5192174309340363 0.6791183658447952
3.973136458055962 0.34773799869763383 2.3772986062497594 0.7138656762550236
3.477148261841558 0.2737511179996673 3.3591701902974735 0.5660190629832613
3.9244077520057425 0.3302057231209641 2.43273948232364 0.6792814849223725
4.150970571475244 0.3144054382669888 1.9759518067266102 0.6517007299803697
3.7497924246963024 0.2905592987168716 2.751816338335919 0.5968638582196517
3.6260390570033585 0.28985338887764756 3.136664752775295 0.5960525911644194
4.394690740558142 0.3143425234187618 1.4580064655098892 0.6415193100284249
3.8385040038867944 0.30940533303970624 2.696735103047155 0.6364084489075243
4.105434793332888 0.3268337045910253 2.1187339105014362 0.6709281205705527
3.798242114390998 0.29156626165792116 2.7147582675792212 0.6010424695001378
3.739943794677538 0.2987758847723993 2.805658956673954 0.6154359495960007
3.8664145025166103 0.3298589094144229 2.625423983909383 0.6798026015087594
3.7885680079497472 0.28975298573387825 2.6899804115763035 0.5927503168295117
4.176993647360474 0.2795995581216301 1.9464446708219239 0.5786711523779682
4.3520258357685915 0.28645434116353946 1.5447366775596483 0.5947262449042657
3.962080564768131 0.31089199498995207 2.3452114668944857 0.643135863154352
3.880445385396114 0.27422519940495166 2.5278210158148475 0.5661012421231412
3.917276284551251 0.3191373656497346 2.4927331294126245 0.6543264463137125
4.390493144032886 0.2668706422711739 1.4819722322759301 0.5477984839270725
3.9280303767652525 0.31452100432159735 2.5345284257848197 0.651157806063163
3.9128764292116807 0.2918429197766037 2.4816932119936954 0.6003669233850815
4.2323037793717875 0.31238081106216503 1.886449190804365 0.6411376605709556
3.4640691669404697 0.3126452014763028 3.3972247743812067 0.6477699579929156
3.553905296727962 0.2822465981640109 3.146227075575985 0.5800709595215662
4.052297038456097 0.30104989690209716 2.237016381232716 0.6219376204516259
3.7689192153068376 0.3231031370314148 2.7601750471217237 0.6657408073206222
3.93499855372775 0.32152865632133326 2.427506446117801 0.66035259993805
3.888788419148816 0.3203171185210954 2.5344919886699424 0.6565401344916216
3.920177880314248 0.2895366727921468 2.509516068596798 0.5919423535842975
3.5942505119803334 0.33620472687344016 3.077608437721117 0.6912530759118936
3.801846206603101 0.3101652218484103 2.669728604018073 0.643755782522777
3.745673177680651 0.33559091632555405 2.8161079708604646 0.6893075794084651
4.304165341042313 0.3280956140496728 1.6390087769373336 0.6737021363492071
3.8464953148749967 0.293411392162759 2.6101588178544235 0.6033760491347535
3.8710121178304915 0.3142648202067003 2.5295201602879622 0.6450600098003575
4.317793334190627 0.32354693191953987 1.633265567072511 0.6625135360190223
4.058280697443653 0.3155178514190488 2.2323001580481874 0.6524299275629429
3.8654090802295564 0.3347726725449759 2.6325083800244626 0.6863829321553758
4.271109372863576 0.3044877424115257 1.714959778195472 0.6202713691874371
3.5726959537140237 0.3056448787712026 3.176752955907363 0.6286094372294585
4.080016831986086 0.32925538890098804 2.146264244454752 0.6775180643653541
3.647855813403651 0.2960382915686761 3.0018178622596006 0.608946322943067
4.1114853888320315 0.31060213482285287 2.10303203659305 0.6338797810413306
3.8826662865895494 0.3178751810678739 2.536436804524465 0.65767527248335
4.132668540682575 0.3503117022713552 1.9846305900045618 0.7184321227484235
3.771900050032065 0.2762130865700319 2.7370078363958106 0.5646565367376944
4.033712651225597 0.31877915661676703 2.199966878703883 0.6607279909318057
3.834679761209804 0.26511416232756674 2.6393472025171354 0.5449037638287701
4.157445710369148 0.3374146344011026 2.01161652980476 0.6919181294598699
4.037779191387537 0.28980643763998154 2.228242060283433 0.5949244688542875
4.33827227516156 0.274843664169047 1.5336242463878615 0.5604558804492803
3.7008692541298087 0.31494118623832135 2.9036308620679487 0.6418195494486103
4.076539712958768 0.30850587357254056 2.1313016777418117 0.6332125293051547
4.2477170611641775 0.3114795550279622 1.7750012081309248 0.6386303865807126
3.980891467006729 0.2988596038486387 2.340459126256433 0.6115886030270523
3.762867503820985 0.3198685283257945 2.7798510195671065 0.6571917681516146
4.130098134758391 0.30911936640593496 2.0498020354268878 0.6398080292689771
4.132600739228504 0.30537509377159694 1.966925565356304 0.6325192503509649
3.741491809559368 0.32472328205997086 2.8397112557106325 0.6635363114384291
3.7371681845309057 0.2870813097412796 2.7999431859696746 0.5884633374171174
4.446576004696132 0.33641210955556783 1.3582640878447243 0.6935905683320348
3.979082523744284 0.3376577643896028 2.3058064394611506 0.6874332824177816
3.9693307451205095 0.3304982591309043 2.361643904669707 0.6847068982780735
3.9935210919576614 0.31387688736956243 2.2638974278465325 0.6467114020645838
3.9994671781424556 0.307499293845095 2.3432062533747633 0.6293932676262164
3.6345624695117413 0.30397953850149195 3.060762898662828 0.6241489129901476
3.663443088831555 0.3162999953170207 3.047872089337179 0.6468923389404427
3.9489367999755904 0.31674737552661064 2.387174870177461 0.6451178633105595
4.268070581796511 0.33901494386758146 1.790163980597208 0.6939383028316242
4.166736547473573 0.3069996694439349 2.00332651372192 0.6300651673312714
3.9446913686562404 0.3019091093142442 2.3730191430373946 0.624319276504464
3.5977825938330503 0.30880043890444764 3.15941650119165 0.6318218739784901
3.970528096959778 0.29924644352862917 2.39684820785775 0.6099873577370147
3.4333536777292064 0.32487416098793126 3.4474502043804103 0.6675633689515803
3.862542772202768 0.3037628672145121 2.5565969914784397 0.6302281513761921
3.8479785099892077 0.3020006793419123 2.6237841579829233 0.6174908561414995
4.202853397752134 0.293404234882907 1.8642986089388938 0.5998611974149242
3.881860340847768 0.30574691495501477 2.558556404550287 0.6243313472333913
4.1419352175162745 0.2855827575314571 1.9945072782392854 0.5893241223564648
3.9087043911196986 0.29680277367654073 2.49477996159687 0.611369129896215
4.107430060268577 0.35112978253646127 2.0697530703623768 0.716937609079356
3.9406530712997565 0.26948438300936195 2.4058527264604255 0.5519561438656616
3.660944102211592 0.29877859686956676 3.0258012621342965 0.6181266716805721
3.7040675559823324 0.3130898027164628 2.9208395886844674 0.6436769758113404
3.9783046314696593 0.3464047411204512 2.3845240890681136 0.7088418550120036
3.663509588722196 0.3232412961941367 2.9726180577680053 0.6631288390285721
3.878086320507532 0.3368535231004484 2.5784920369629254 0.6891837835220715
4.333541967319061 0.3092441966108247 1.6518004157589727 0.6393051919447639
3.924955712093692 0.28816657300118653 2.445236925363401 0.5965381294661282
3.833375885047019 0.2750798580937657 2.661287445610788 0.5660576080022595
4.014694521863589 0.28663999990818045 2.269823699465899 0.5888831256055024
3.828858922259017 0.31767109650999076 2.674731212329144 0.6521871560790898
3.550738521533698 0.2889927479200255 3.2375813649733587 0.5919136936006121
3.7353496893076175 0.3160677875326994 2.8287070312396017 0.6498805407244923
4.001271587279792 0.33233014634760555 2.3789106774215654 0.6877752802463247
3.732239697222333 0.27180682365921 2.870049481952826 0.5533212740217776
3.608906373099507 0.2932909888614067 3.1243737898533386 0.6027433061351477
4.176165367850709 0.2944345281805175 1.9840150752715684 0.6057337780026306
3.539053826277164 0.30924420589816 3.2247916109620864 0.6419819785337824
3.709184498150592 0.32606428642369684 2.8574962295276443 0.6683770493580528
4.411801484748145 0.2961248892368094 1.467543171158264 0.6080898333034821
3.6718008561862496 0.3286070942361008 2.9909149849171115 0.6719588260519576
3.730980521918887 0.30318904118348405 2.853735255185163 0.6219089457660134
3.89576831972158 0.2967920582717251 2.51936250865326 0.6098405015630513
3.8418886271326738 0.3238398056545846 2.590407815568529 0.6668025537175434
4.141665949518078 0.282264587984949 1.9851904085819885 0.5764680141190408
3.848775456344246 0.3189272672478445 2.6274894172463634 0.6505057083990993
3.780608098998273 0.31823682727442193 2.7523549428342333 0.6483988853693358
4.001066563598954 0.29907146027082354 2.27477089183065 0.6174893609164603
3.7941312396042273 0.3278733360365969 2.707254069175427 0.6727014857963562
4.007580003804946 0.2969131504874497 2.3104289609433564 0.609734161559886
3.8665159699282623 0.3106279846669579 2.6109569983899705 0.6376954847877606
3.5650225425415227 0.319058362951955 3.1885143251683656 0.6564593011798661
3.9289805580513657 0.2759381630117379 2.4599157759409813 0.5689239700589124
4.029575590274806 0.31520929323349994 2.2346600939254957 0.6494158629980632
3.734351315401483 0.3231619000931113 2.8421105257609387 0.6582483376832039
3.6573437982250034 0.3468355612578015 2.9382523067338986 0.7087148627496928
4.376337958846832 0.3136485930994474 1.5472942047691074 0.6411710178445957
3.880352428694964 0.3051899139078869 2.5103341848629688 0.6271710471342729
4.072502442609148 0.3244288005149553 2.1792565343060524 0.6665585811776192
3.867105323686534 0.29970185345173733 2.5242516880157373 0.6168058323668514
3.8169362828130344 0.31915895113057313 2.6850366157642416 0.6577680875893328
3.7540337506909216 0.3352160344718177 2.8031880538884915 0.6881592607533698
4.206084312945736 0.327508094713271 1.8248539703586801 0.6756850727579908
4.0231081768624986 0.29321498565250415 2.224618064181455 0.6091148436690659
3.8921614279044388 0.32519343727073874 2.48921843619223 0.6710097430859724
4.178772078247656 0.3079842787984132 1.9619209997395792 0.6352205193422663
4.13082163230828 0.3278671397250973 2.0285628439189125 0.6747500978882472
3.914592548651431 0.3109322807987241 2.5181136551324057 0.6394760926868952
3.9539389320033487 0.3160672236334544 2.4130702394592327 0.6511341902634756
3.8960125873880567 0.3082911378192847 2.523668139912338 0.6354479034315844
3.9129807753024055 0.2951763809099501 2.4357994421783817 0.6075128313201179
4.039372893598978 0.2831982508371511 2.1434737242817454 0.5750634393886487
4.0513171252282465 0.3258079328743188 2.171147978718127 0.6762570659486672
3.6312018742178855 0.3004618010206709 3.0702816098603183 0.6167556894564656
3.899203688689341 0.2994835099958463 2.532239979021901 0.619006052509808
3.8026579038107373 0.3284632105417418 2.7272830299803177 0.6761645052739785
4.0153820960800335 0.34807265055270353 2.244243878026081 0.717378520285797
3.957718673305486 0.31783027111204065 2.368797105376218 0.650313797319003
3.9883144229964946 0.32030260296136265 2.3270898836613365 0.6596549411001289
4.352766391972665 0.31381116324308783 1.5670140837120892 0.6417565456007336
4.052690430150383 0.30436536294787364 2.197250645992474 0.629608380451252
3.910853197174432 0.30151003004257537 2.449045711663193 0.6130661547110969
3.6958550434339874 0.3231024448642347 2.925181081995216 0.6665763287940373
4.005671891397523 0.31680802249488943 2.3234368065033597 0.640699760147356
3.5050286981687724 0.35423788615375823 3.276397909969985 0.7343926005886245
4.229832467552803 0.3237212305689708 1.8605596514528115 0.663276699877531
3.821691554552607 0.32034799473078 2.6689814070493854 0.6653037483623114
4.183084745498469 0.29675306586685696 1.9444448663479037 0.6097230332526422
3.7795790897735904 0.3188018148259627 2.7958012522941313 0.6483237307641417
3.6234166878952214 0.3121919008691093 3.0391696453084664 0.6433558265388092
4.220760873399997 0.30792690785378385 1.8462479091100796 0.6313417009273766
3.9398350916069207 0.3377501985365415 2.4315700352463407 0.6884260725311845
3.5222631085855483 0.31676493597100797 3.2856313355632283 0.6522783873097959
4.029286232944401 0.3085863162131515 2.189881499460732 0.6363482695115754
3.7196414727415466 0.31889398974979616 2.895041072008773 0.6546743408106743
4.124841588080369 0.35481682899198175 2.0146313968996443 0.7285266865017703
4.082065348475585 0.2798536639439316 2.0816382089619614 0.5721851838612182
3.6311505195573774 0.3214462039086693 3.034234778757753 0.6636616251206087
4.308725687924099 0.30791009934402475 1.6791153091900424 0.6355037944308215
3.7783883595829684 0.3286570508767959 2.7514941176542154 0.6738242773236938
3.633398138387508 0.30144365763571546 3.0552320646872024 0.6185621337039995
3.7451798506281824 0.3346909667866142 2.86205026704606 0.6832501902822674
3.845713984043753 0.3184998929240237 2.609053832571306 0.6535454785903162
3.913279464532686 0.3192310336007775 2.4792325545810847 0.652620535042618
3.517895335286221 0.3090483017098722 3.3233606789029997 0.6353675966821305
4.084615635572412 0.29406542123279145 2.135269263173994 0.6098399792797763
3.8145786684903333 0.3026459565507002 2.728074410627959 0.6193651971285099
3.8740001810485483 0.32548684082935386 2.5222591651333897 0.6698263299555471
4.24042454818356 0.2918653983347513 1.8304150503539685 0.595385116596022
4.148740374016775 0.308225269904736 1.9834334900300348 0.6319839343434301
3.740366318346312 0.3242714288433836 2.861093889517652 0.6693943767038226
3.9911333658127575 0.3299398114653176 2.3310087557640813 0.6792308729240116
4.25726640938621 0.29033275109532825 1.712045529452036 0.5965785252303649
3.7472441573619872 0.31057313405824594 2.850291422310919 0.6324220674902902
3.6505196316130655 0.30975948843594064 3.0623644972404422 0.638357983699297
3.8592019362120946 0.3284119148680523 2.616443445795566 0.6751096474000519
4.076999267650507 0.3002081919770232 2.0838222349092086 0.6152254603012601
3.949023534050281 0.31289599705922316 2.440162422670298 0.6461779846055046
3.8084637822720313 0.30257033442822295 2.7013903316317074 0.6223001440021269
3.78988061021285 0.30983640917189853 2.760303218313508 0.6298798982464936
4.167885434920701 0.2974812510803466 1.9530984249187338 0.6189210934614187
3.611769292160397 0.3183431679671372 3.1096824862736736 0.6520367370429053
3.7051828375859728 0.3072840416367066 2.914123370091094 0.6227150751267154
3.606044223129774 0.29657828571701894 3.055510936986133 0.6073290298673811
3.8199674935015793 0.31236513615419254 2.671541262306864 0.6458002068924987
4.303752792060699 0.3277219044199089 1.7527482524477556 0.6722643171361644
4.325257682001013 0.31780627255493527 1.606401324995196 0.6555217245195372
3.5779900064565124 0.3082574980403694 3.113605473974963 0.6320118049215151
3.9944852556590655 0.283045813157196 2.284060967216496 0.5832506125028655
3.6535548419129125 0.3154948797341998 2.9876353442169865 0.647391585031661
