7.44435249420563 0.19248805014338713 -4.832753315799565 0.38753199044911063
7.479118653089383 0.1991394097056205 -4.844089020672267 0.4017137383224689
7.490672820417898 0.14384671676062077 -4.86503030230296 0.2767746299976888
7.47001151717018 0.21427263898204174 -4.818640796180518 0.43218154807766684
7.4380631766492495 0.174038095918175 -4.8468381463339085 0.34852297215707273
7.469479873270737 0.18025196035607416 -4.839211377598087 0.3576579140561871
7.427339464077008 0.2064150319705162 -4.812571370192082 0.4201311542344108
7.513630623065328 0.1821369520135977 -4.85058006142572 0.361304755705839
7.474900800722805 0.1795142804288552 -4.836361677629423 0.3546868669568048
7.474975320979826 0.15051761524727525 -4.860144004334109 0.2951767116424547
7.539712859789644 0.1654173384120129 -4.857100179363064 0.31913423874916547
7.509588972173162 0.1852438352375224 -4.841626843148167 0.3645593761725384
7.492614962902632 0.213535642258879 -4.802460774750259 0.437584026799615
7.516237430931475 0.17958077158334657 -4.858806766095542 0.35701680300144667
7.508212158099711 0.17778722417417933 -4.859653090210567 0.34447526082051994
7.519184285124385 0.18687152613810232 -4.844872350473217 0.3727350115619577
7.489283607052008 0.2092996911107053 -4.799074025597488 0.4161332150269677
7.537105201312874 0.1526654270997614 -4.858808103694628 0.2978710681487863
7.462707625458927 0.15977266805708532 -4.847959110457399 0.3217450524870766
7.506558165415599 0.29412011876477356 -4.801670447418379 0.5830826936266186
7.599084731014671 0.1416660866759538 -4.888553000611604 0.26611404050648446
7.487736480760848 0.16162478288398582 -4.850040786991766 0.3207855070086701
7.455112409643137 0.19632845320813463 -4.81121332093145 0.3950316611836287
7.442006597191329 0.22034085678627666 -4.835571596818216 0.4469901619278044
7.5215616025388385 0.18307927268486693 -4.850741528749597 0.36923585846034845
7.494667368562412 0.18334749648585902 -4.837796607856923 0.3638364256725979
7.501609452979811 0.16230674705841583 -4.858167529919402 0.3236699874362367
7.4885176796949455 0.2771472905426473 -4.817162749102437 0.5596886557519531
7.480911068221145 0.13865581620024656 -4.873720722692715 0.2735687826132734
7.493949534192728 0.15771269080014727 -4.86273273961881 0.3069091036885685
7.4439388639898265 0.17993306015784727 -4.8399176842515885 0.35628782567854717
7.526152555937424 0.2015624148223993 -4.82625154347563 0.40519277360888567
7.511466937397452 0.1767979847337563 -4.843932243478616 0.34400033610400205
7.480613767017165 0.22777229159575144 -4.84989889823262 0.4543752041800686
7.469119439264057 0.17974020311187996 -4.841006281173257 0.3570961942076269
7.469507661119286 0.20364352479978995 -4.821871105512551 0.406797790783024
7.523904268259308 0.15413172544672304 -4.869783934966873 0.30261805994911817
7.475444801616039 0.2182681134659278 -4.841480528528822 0.438799898208053
7.449488909346103 0.1530988467654002 -4.859977832353762 0.3076034823606178
7.524749923319758 0.1496810481025329 -4.8708128331785225 0.2855292066152719
7.567145881211701 0.14794724805563345 -4.8736217671943205 0.29303282472285425
7.4759501977304215 0.21687123687434737 -4.812669706356255 0.4356426231540591
7.576890488798826 0.15980551982376268 -4.850181998490877 0.3168355829402304
7.513101121709012 0.272698910340239 -4.79279610987545 0.5532846536786628
7.448116524576644 0.17573028543109323 -4.846409147857267 0.3554998875486882
7.4988072452207835 0.15922915164032492 -4.859399595413707 0.3174867339428627
7.511499023224736 0.21135389315244088 -4.810101076693726 0.42759260243937514
7.543427153375675 0.2247268140555435 -4.812559586377114 0.4574765998114863
7.459367023754654 0.1964905120551354 -4.854648097696236 0.39733963753933094
7.435441059878721 0.1658259595961445 -4.839896626030962 0.33255408235740697
7.464126351362178 0.19964321350440076 -4.84937864931735 0.4020261157334015
7.507976884073226 0.16092460418036394 -4.857881556216716 0.3122697529769999
7.441621329724784 0.20528688860303002 -4.834373547679634 0.41159780450955913
7.447801329839909 0.17691538081769076 -4.844338999300971 0.3547773249617202
7.519809216349637 0.12356022774161123 -4.874127866163342 0.23311548842282445
7.405815918477187 0.27250213408836665 -4.817537011909707 0.5746103751088913
7.523749752150543 0.17660865850120172 -4.836613413993784 0.3500975815892735
7.530447422255545 0.15163668401201086 -4.868877923687366 0.28860591187646845
7.464335311540477 0.20085232608892792 -4.850183411644467 0.4075291403612072
7.479874750106358 0.19121112449788746 -4.850019544825763 0.3804212927826242
7.529521223373507 0.1689999949995908 -4.864313760342984 0.32714679790903356
7.473125295784953 0.18685831192033775 -4.819621356112329 0.38118415544019385
7.553972443548325 0.18626322669885562 -4.836236533716985 0.3682067039481991
7.434982872342455 0.2567208708254345 -4.784031324990886 0.5184261784133708
7.47703841716416 0.1987457957751497 -4.82291615917163 0.3972710304813384
7.50496333641332 0.16517898092971603 -4.841375407955073 0.3212024818714188
7.4794223330996275 0.17548479315571214 -4.840076606596297 0.35483489619901126
7.494924249447249 0.19593409948864032 -4.849654021106389 0.3892295199847126
7.510096500338964 0.18215270904758893 -4.829157026669387 0.3595561682769877
7.467736818813541 0.17279999630177337 -4.847404895731973 0.3439203257596524
7.561809208345828 0.19202798506351962 -4.831928718096643 0.37836103323273207
7.489258266789118 0.17860948363114146 -4.845344912569212 0.3579507328148006
7.553696230746002 0.1925045619259135 -4.8243345494633445 0.3848019944806876
7.451654890688248 0.1621337794064537 -4.8560522702367175 0.31679876405544416
7.460527319574066 0.15057807438510076 -4.864860949668692 0.29368620104809073
7.448469456902944 0.18495484757565442 -4.83973525879707 0.3624224499775609
7.473911994310523 0.18595943478015906 -4.831455827138663 0.3671201423539183
7.471866332630443 0.20321406615201987 -4.811068011937339 0.40788203637616427
7.5326480984174395 0.19345415118353618 -4.81776958840207 0.3849864617067384
7.491901689359308 0.1598078496891759 -4.864400427676351 0.3116903884386121
7.55121549489253 0.18145806007156018 -4.83926652367253 0.3598768301739
7.4755646160278815 0.18758143291907128 -4.8210100897992465 0.3836960675160418
7.495515331159201 0.15912194759210654 -4.876302379286089 0.31158517864917984
7.457707159074878 0.17295496908143723 -4.845354489359259 0.35028666857145674
7.431519387671764 0.20632312214669227 -4.839742223454117 0.42004969715208584
7.489363438681961 0.18448351108982583 -4.842232329564709 0.3715896390598269
7.442218617150961 0.20890553878017823 -4.797879452285034 0.4207236439441685
7.5037903224330575 0.19370954832347143 -4.815396548017267 0.39287230615093116
7.45050795210008 0.19214158321214003 -4.861071160095829 0.3818373392228679
7.486921396759525 0.15351998596042926 -4.871220517426153 0.2999300286249479
7.526017502040418 0.17647171221899116 -4.8481914391433705 0.34578158114577934
7.473710878767108 0.18484261814004616 -4.8525015756159515 0.37672126688120994
7.5220668801070225 0.1806811573886558 -4.851504571984361 0.3599212771983689
7.4978941835493504 0.20230593408548433 -4.835699537319075 0.4087878622439406
7.4903379231430804 0.19852183781536534 -4.836532229470684 0.39522891527849796
7.504897370677641 0.14284753659390997 -4.870375532450909 0.25054335752112683
7.556989293633292 0.18695306209832407 -4.844650144104374 0.36480471493575306
7.5230972652411925 0.14046412763717783 -4.871294041417267 0.2700775883254655
7.512722924891312 0.21330087877045628 -4.837032249103415 0.4257846143917195
7.483747828268484 0.17598437055705352 -4.844266577644115 0.3520567316359722
7.505289598807356 0.19036872974824717 -4.833558744248895 0.383006135987423
7.464246506981172 0.16764148174851304 -4.845157299330786 0.3298014731218055
7.572446114329287 0.18744936149344454 -4.8429448367155805 0.37373416357242295
7.513616652438012 0.17333325835614338 -4.846564057521631 0.33706609261336445
7.522621879573601 0.15813953528191269 -4.863106192938934 0.301652375110794
7.4993953614855275 0.16641133714371484 -4.861038414612985 0.3288780504909117
7.51432066379563 0.18586596796766067 -4.841320109341856 0.3713950075454272
7.514112570382398 0.14572032263193596 -4.860799940710732 0.28973125024264323
7.440856952090758 0.183312868007982 -4.851698092635475 0.35677013535748386
7.501397228206421 0.1853575223472773 -4.844703379868051 0.36773240428078297
7.452351404096657 0.17210938559697875 -4.841314773053197 0.3403859914638383
7.529341251984896 0.23544813981398843 -4.80070689930222 0.4696020271267625
7.457442530778662 0.25619985470091877 -4.809607793297673 0.5208679557401993
7.544806121509012 0.18655386350170244 -4.827387585069221 0.37682717758380047
7.4721533311296096 0.21132421299069953 -4.849722924292047 0.4173028590624665
7.493090358952429 0.17336136697936083 -4.840732342367433 0.34427099189286736
7.486350301356823 0.1864317909699771 -4.843558265023269 0.37244266492286354
7.4692353947848 0.20863013772878528 -4.785010280859321 0.42102284793268824
7.476734202884355 0.17196269937427308 -4.8550836126028525 0.3416517128640034
7.459256000102155 0.2136323853752338 -4.825891594470494 0.43790988528046343
7.462408481078305 0.15961226352148597 -4.860963407155456 0.3093928152620388
7.509951442333508 0.19921273515936946 -4.842590142922699 0.38741530861683743
7.5375450081561395 0.16630356503107077 -4.856546409787455 0.32219796027359976
7.498932734843809 0.17668018963798082 -4.845923006068215 0.3491758658508266
7.508551071059665 0.17841900739461936 -4.830749343517329 0.3618676800379063
7.445259303761032 0.16145515414549538 -4.8384109229401 0.32086130214397784
7.468628822487418 0.22711006398249695 -4.825908051675415 0.46079731778449784
7.500543717308887 0.1632699605805718 -4.857183911925129 0.3281091809521893
7.520253852095017 0.17567363024780394 -4.857526424494054 0.34544033396403806
7.473852035466395 0.1745305192028426 -4.84590634984917 0.3510413733487448
7.48463482356836 0.18317300967627048 -4.818874940292998 0.36824170495937014
7.5369017982047595 0.144608852804885 -4.884898834072368 0.27699385502537993
7.442722175596851 0.1900561781806762 -4.843898790628195 0.38173161242863074
7.4793151840697885 0.14521557580921757 -4.869614929665101 0.28383028522534803
7.484758715405188 0.1847803479350756 -4.823590500023773 0.3661288382380287
7.49900161457675 0.16814564187412273 -4.842023603162978 0.3238499943152435
7.454379543298135 0.16494706904184114 -4.859335891616751 0.32487577875202156
7.452864163071334 0.18088026812197563 -4.83503355966769 0.3590910733672261
7.4340663015811135 0.17855131533569224 -4.823583339435059 0.3609820185899542
7.453292273505695 0.21222930253598318 -4.777772061837477 0.42817848724057334
7.550673413444741 0.21249583416519904 -4.833201025926533 0.43166604207982817
7.47675690194721 0.1882699530201994 -4.835399242335327 0.3759665230506869
7.5386934362417835 0.1967528596036289 -4.840686946579866 0.39972016243590575
7.50455696041997 0.1433752541026701 -4.8615334216830135 0.28149084453470075
7.512856131657232 0.18624693963970446 -4.840373644170313 0.3746471824434934
7.415136780827687 0.20805892700461107 -4.833846275451595 0.42102284338809964
7.5493091915635695 0.1489924170968247 -4.870738513280831 0.27879610547381245
7.478790200341029 0.23408613406785744 -4.803676238309404 0.47370940273928863
7.563372233633107 0.15355807170103436 -4.868949513479673 0.3001791627363377
7.555638056058019 0.1946402665186211 -4.839956201170992 0.38436672508796055
7.509455678867375 0.16556211247883976 -4.8514771055883426 0.3295563800443442
7.5073454713626955 0.20657461344889883 -4.8106109875658865 0.41468150792865816
7.524699777590998 0.18630726456077262 -4.8431904517589635 0.3688316209439297
7.495600002153701 0.19641538019102114 -4.825319320036527 0.39400641818068266
7.511293762739978 0.21145226029513262 -4.842605348665316 0.41895353110769123
7.443241863485229 0.16320857931550087 -4.870171120640901 0.3236597544628557
7.546803200101289 0.16495577445182633 -4.8556019555554695 0.3202500533685402
7.523943524293932 0.21398169050728635 -4.7979454928695455 0.4305133272689699
7.491018818264823 0.24602625439183953 -4.774098648937821 0.49765837389870937
7.526420908050903 0.18158471577922325 -4.829217248158281 0.35756903419927605
7.472076437514619 0.16382186949403102 -4.846330170651046 0.322283508517487
7.432493291283775 0.1551928489698337 -4.875664236411885 0.30305049805013334
7.484029521151544 0.19386359889909716 -4.8377620917507915 0.38877782492156426
7.548558971558256 0.1508229423554803 -4.867244527678604 0.2903679355561581
7.517415031259619 0.18495179684098906 -4.845487157657178 0.36076277504967236
7.431748724102354 0.2389414843981248 -4.808883192719168 0.48949832089069845
7.563961712006938 0.2945432467669358 -4.8184062300249595 0.5964291748623676
7.427772072624123 0.19633351074839495 -4.835059752283124 0.3970738434199904
7.450633493668535 0.3271270913179845 -4.844243605446071 0.6678161789878194
7.448495801229415 0.1322694815947675 -4.865959223029526 0.2605727427034682
7.5153588441260535 0.20396281513300327 -4.812776269428334 0.40905730736423707
7.543676815961106 0.19359365907527246 -4.844624126374347 0.38485319911562643
7.511560333522338 0.13361421456235256 -4.872910395764382 0.25860827433591016
7.522824282819479 0.18494998734161905 -4.852145989934427 0.3645316161859196
7.519948005510009 0.16823483105292278 -4.845844767775028 0.3344054561015825
7.473171371854237 0.2063069332803732 -4.826682118130942 0.4106049096030659
7.553187487667181 0.17221285059582725 -4.870977558624993 0.33830827666940366
7.502290981705173 0.23362584260052144 -4.791435173009685 0.4784582785366286
7.508480593401442 0.18683726381436624 -4.860314662418584 0.3766575467721087
7.563692609102853 0.1840465097493015 -4.8414211897504265 0.3601638886235796
7.582482765166113 0.15694442410320456 -4.873592434604857 0.29707352738221654
7.5282788624708825 0.2257478816330029 -4.8000118332154305 0.45465615552373034
7.511539221570743 0.19986707765916611 -4.841248372978789 0.40149173742047245
7.519923109605783 0.18893165501033019 -4.832600331886665 0.37373157605638324
7.457891155023735 0.19899280680607867 -4.84173220983688 0.4017100665417851
7.502090151519136 0.16265573423676918 -4.856902703716992 0.3248916840413656
7.541711669163783 0.19806451676060866 -4.830149456177489 0.39967873382063834
7.488287703458989 0.24681910788158784 -4.820433568257243 0.4944834493535545
7.524815764069739 0.20818946383420706 -4.828433934749279 0.41702493868811563
7.529739443389795 0.20962044797749518 -4.851360501789995 0.41969386677054177
7.540231481332678 0.20100451015613247 -4.833745979734296 0.3970571949814561
7.537502758524867 0.1659007820229945 -4.843337085628885 0.33431092542999785
7.488955525556063 0.22430537130763226 -4.795837429890467 0.4505998704429572
7.519335201053435 0.1969899569573705 -4.834246939804739 0.39328894437445483
7.51220731722101 0.1837825480887014 -4.849759078755605 0.36533931318905083
7.482008142870587 0.20200781228949014 -4.830551392907139 0.40419896493182195
7.509983118507959 0.19580283549738664 -4.834687455299759 0.39049697128653416
7.473085990377897 0.313107726558808 -4.776973424552042 0.6352427516243567
7.512959701508128 0.1711300047828477 -4.861654802226463 0.33005398329981017
7.501429578542213 0.2256785520918541 -4.833227189255455 0.4631018792385541
7.432883285879908 0.19318770207552002 -4.849052180582589 0.39465237070337494
7.48580184299057 0.17216275862797065 -4.864646337943775 0.3398924129138516
7.423337568717537 0.1948142423509899 -4.838604464424796 0.39595143592519066
7.63247812707594 0.15925296072744144 -4.866068476945024 0.31315108885593607
7.50954771713856 0.17492290247446357 -4.843653834720534 0.34706325879045397
7.499807547382201 0.173138413624403 -4.856632832528192 0.3462265746506211
7.572879387516309 0.20971147660856573 -4.823156074926722 0.4143067677152818
7.504408428219498 0.1725396420726329 -4.864547560122327 0.33769348358644696
7.4775792454192604 0.18966164570196503 -4.8366151094689265 0.38059818423224767
7.448680379546577 0.17999483069448113 -4.824886682543619 0.3518562813261688
7.502446762292939 0.19398657809888023 -4.829339301648954 0.38742945631605613
7.5494657922824135 0.17004972053086664 -4.842707491019704 0.33895756539252636
7.51017580574692 0.24051112418876003 -4.838561124083402 0.48383862515978254
7.530889842688287 0.18982295078812542 -4.838266550916051 0.37714916143466093
7.473303307113231 0.19416576542354633 -4.845120751864593 0.38754576284380177
7.530550391804351 0.17897298671786802 -4.8502986917236415 0.3533512899359008
7.47512254841773 0.1775521580259451 -4.831983933488711 0.3515612722054035
7.573576405881091 0.1516627629316061 -4.857085679204818 0.29137779767680705
7.419262002948302 0.23244515848165123 -4.829896160936065 0.46584977130189037
7.513982164296973 0.17434298835363032 -4.851113041173683 0.34856115219877354
7.499805507837241 0.17382713001402897 -4.858212465828127 0.34083860062142673
7.529262757109414 0.12092763394707405 -4.882554058352707 0.22774589819066404
7.460334165483943 0.18300381427061863 -4.844915878835284 0.37130643678401337
7.481162884154088 0.15591899306612322 -4.858812171466857 0.3038312449208469
7.4628221726479325 0.19552884138318005 -4.826899869855035 0.39274726171715163
7.496368744850372 0.26033450914611683 -4.803744791559195 0.5421880400325264
7.481311063791775 0.18083788365871037 -4.8375425824308875 0.3607860295030814
7.580246602695154 0.13618242209591602 -4.876518232190644 0.2610876879758526
7.450976667209841 0.15837417164899914 -4.847923436796711 0.31194900959978805
7.513574146910673 0.18746913431163817 -4.836346219660763 0.37754632406383787
7.452180947744248 0.22830251638946752 -4.820691618187398 0.4597474650376408
7.437463420209446 0.26120858170496153 -4.816741647635617 0.530537985086803
7.508527501138604 0.2560509179211733 -4.79502971244546 0.5170123832777332
7.54540134914558 0.3547507274861501 -4.826953451385352 0.7159643006653285
7.531964486801671 0.20739398941827886 -4.828627625262885 0.40610779812491293
7.480103111666201 0.20315900362278005 -4.838172951567589 0.40043190082166036
7.466258613294071 0.21120295322442909 -4.8522852770772955 0.4224106477301071
7.501797473632379 0.20373147467329303 -4.843512545421056 0.4039880737861813
7.487713543776744 0.20012055101140983 -4.854596904674237 0.3983621108192092
7.518541913666258 0.20197258384073982 -4.824272974339488 0.41026200860520545
7.528485493126568 0.16696197111141864 -4.8579208410658925 0.3225820602450747
7.49798703587128 0.23117695775547412 -4.821287857314945 0.4657138001611412
7.505484887329013 0.2324040636330011 -4.802341487826551 0.462137693302105
7.479227823413472 0.14724781289727498 -4.8678581037461095 0.28146445813110177
7.538996519513115 0.19747742109109742 -4.812942159101365 0.3915773726485942
7.542915400311081 0.16506684319413295 -4.853146500119867 0.3240995224647593
7.520739610088988 0.18277597195462614 -4.837818222446025 0.3621506026951353
7.421306717166325 0.253919035916006 -4.795996643145983 0.518027967431592
7.479758409363367 0.18760421557416904 -4.835433262828657 0.3804092536903102
7.497377701064924 0.19320829105795767 -4.839818803273732 0.3695371853739348
7.465858063093197 0.1927481472086663 -4.860771386460053 0.3911517177817628
7.522535102221873 0.17680203231488617 -4.85339063140165 0.3404724908483506
7.509925611981822 0.17271159920381518 -4.832378590890798 0.34796394229198674
7.556049711097991 0.2330259216369118 -4.826762361800037 0.4718134976094578
7.50564239791257 0.2213697094926504 -4.823693874659747 0.43940147263479856
7.495428849543425 0.1318680977379632 -4.886832427708151 0.25476075019031563
7.5066487828555415 0.1919704388825461 -4.829510852903409 0.38040701775440705
7.487862086754802 0.18910714723938457 -4.841702487356842 0.3772424374355755
7.525227791697762 0.21077181271670078 -4.797648670936852 0.4204692459972696
7.522829051163851 0.1873333209322506 -4.851741521791265 0.37560564001574
7.400230544821059 0.1686224735996109 -4.831981541973665 0.3349911875888815
7.493573259526796 0.24856652292764891 -4.831148617710912 0.5136830556946907
7.425224343307098 0.2734989241248646 -4.745592362537174 0.5588077208864567
7.4601277386935685 0.1844118609114504 -4.849263665558411 0.3636156389786632
7.51087999742803 0.22682427196566904 -4.852754441479552 0.4524386674096183
7.454017002942233 0.19709086274245308 -4.842034900760066 0.3958253772804444
7.492075862638275 0.27325611241257036 -4.8214206096089764 0.5527285462212362
7.531825037643996 0.2142134721800825 -4.817365537589804 0.4321695855803721
7.495063221379919 0.17552017775413217 -4.848699946358565 0.34312664664481934
7.501045929129868 0.208827702928367 -4.803838582389874 0.42036635052626137
7.43950069099301 0.16645197041159393 -4.850857770112989 0.34500657301889587
7.407983770367787 0.33060201058382244 -4.7539685964201 0.6753651609962948
7.539785714350288 0.2298832292885676 -4.832898206100556 0.46356846833422
7.426129430250383 0.1765605379812922 -4.840107583950939 0.36087389893124683
7.456454236199345 0.21138589827605994 -4.826757650566261 0.43192747649671764
7.485391622584803 0.19552852019461497 -4.825050483739215 0.3993312282665856
7.498073719137713 0.1904261062740733 -4.837872482419829 0.3769248878288998
7.479607932120832 0.23146260921760847 -4.812830578112715 0.46591584782076767
7.47400899383512 0.15965760341228263 -4.841678769301861 0.32251806159123236
7.4702110290269665 0.18043820808329009 -4.841448116205411 0.36495148382220227
7.517461679548067 0.22410729957805747 -4.824961486297243 0.4413751638707208
7.549027896693966 0.17305603107407863 -4.845987930283362 0.3464227305540885
7.463427882586258 0.17193208445702635 -4.829397588418544 0.3448622785455989
7.504261516313413 0.1770278725764677 -4.865409797215685 0.35782221685114673
7.481956459792723 0.24810000994560422 -4.803909090306153 0.49829504476903785
7.502091203114544 0.17741877776138218 -4.835709869664436 0.34337637221324563
7.508640759757945 0.18852183027458386 -4.8419087635712 0.37880481384642734
7.4790303982433795 0.24482172850980183 -4.8286464332743755 0.4831282585857417
7.485605618347848 0.20135216440599776 -4.843391930131126 0.4021765909296203
7.407818451354715 0.20678948509135187 -4.834365599010522 0.41417129082864884
7.491070869175049 0.2562809042715031 -4.7846562250608855 0.5221696065341068
7.4848498791773235 0.207358503487683 -4.820489987010736 0.4161554121633488
7.5012013878574875 0.22172861546232425 -4.79859814317403 0.44851280492017986
7.47455581037547 0.1700824444303167 -4.863350053523515 0.33258737675689204
7.527695131196533 0.18233566812897375 -4.847465987226229 0.36194979907147673
7.496524803988458 0.19796287607460927 -4.832964027622628 0.3963226971740822
7.5243585877795525 0.22715909548009733 -4.818742086458204 0.45597304837404035
7.456947311027496 0.19299971403345131 -4.817601356788101 0.39367527916360984
7.529086133711116 0.15471495627033954 -4.852487935499312 0.30571572657479695
7.5042777487935535 0.19232344850684505 -4.8594924667628545 0.38366283713151933
7.531002530294597 0.17638783706674258 -4.8516079771991745 0.3490964351524936
7.444809198985698 0.20509636749576385 -4.848517211605431 0.4184315682545194
7.496310051207798 0.17304856600073074 -4.851133195977944 0.3431792045496677
7.421281081667768 0.20608133285827102 -4.8285008056435945 0.41594666608946373
7.456480536980621 0.2181092872056848 -4.831565333844992 0.44048991106266305
7.418538024478146 0.1827249672974834 -4.835775713867555 0.365481867831655
7.515307451107114 0.19216067212972204 -4.839117980021317 0.38187185571315463
7.492885773832796 0.1773737915210493 -4.841736919714069 0.35053072512291733
7.479403205206315 0.20795653467497058 -4.823392175936005 0.4158247266861418
7.498875727917584 0.15110505268976357 -4.865276184337381 0.29277682148666034
7.4355686659879545 0.19665735522988095 -4.8241000468193045 0.3946479649376437
7.429256943525932 0.15133242186728835 -4.8789223870903875 0.2983158849604081
7.506116871161575 0.16179237626800072 -4.843964964142325 0.3210845630728334
7.520364111324474 0.1663912700552968 -4.869173258823933 0.3257638002496576
7.496076873103286 0.19247028363412505 -4.83857020368705 0.37757888251369154
7.478337158685763 0.1447011149806283 -4.876205905003553 0.28185947778648707
7.445190287782315 0.1473781780939899 -4.858414396608078 0.28943017128602716
7.375714931922545 0.1798486534599325 -4.830866851938175 0.36666580567613694
7.431554163223628 0.2025534514313195 -4.843040765497051 0.4083590453121456
7.556209215887026 0.1587777626173338 -4.8500215988424715 0.3190540737375877
7.440591693687669 0.20049097281096256 -4.824121802006674 0.39749792937860573
7.51093340438732 0.18821757048021978 -4.845966868887324 0.37476852882477407
7.526235131838896 0.16840800810405585 -4.861573873695285 0.3283652273376853
7.521315074411113 0.23122617312935254 -4.835458185442427 0.4486860334482686
7.453516709600557 0.27769845271850807 -4.796601682938512 0.5553652486651696
7.492212286178361 0.1787754151292376 -4.8218892393113695 0.36008360466698064
7.501631632196785 0.1671156247330134 -4.854186053718378 0.3300138161927146
7.535458092589124 0.15032823425551753 -4.885239356769786 0.28146084643308505
7.441331961453949 0.22072242519462582 -4.813755132658814 0.44692156891763035
7.549402478297258 0.1730300848862434 -4.828837725423984 0.34650254289351917
7.544420727918867 0.14170818666349475 -4.8701187465666305 0.2789776937392025
7.600188906970802 0.1358665907786431 -4.872818839440242 0.2670555813916492
7.429139854625599 0.2325009696923775 -4.80667790945167 0.4728124768369732
7.504562648923791 0.19132253983450054 -4.838424024590077 0.3813197449388562
7.447015539373862 0.2058535223318853 -4.814243038283228 0.42367519582161123
7.401753257862865 0.27037017186351064 -4.804431702248213 0.5424810948925007
7.502204497292295 0.176724540310735 -4.851764194620725 0.34236276040685243
7.457979387732164 0.20664086936298934 -4.837892862457441 0.4201154203645367
7.5051236445230245 0.19234741113315737 -4.8525404058535635 0.3846769639817842
7.4740146102024045 0.18160115050080367 -4.851869061283864 0.35963159090547575
7.514842191821904 0.18685872909578877 -4.837616944726102 0.3760816048992758
7.484897116408426 0.17829825862176477 -4.849443914751585 0.35092957572899847
7.496687884419087 0.2025164914441876 -4.81964542280529 0.3988519256167539
7.482029446056254 0.14909769093204595 -4.873854380309015 0.2937538568809602
7.551677316232835 0.23702337062709009 -4.808401649567443 0.47028584697609865
7.5702345747762285 0.19971166204510477 -4.8394569640917435 0.39858732506050837
7.4720634879111785 0.1797192538913626 -4.864652083066621 0.3594697988565722
7.479668824727791 0.20271072440334154 -4.819061774208466 0.40313911207490083
7.457189362301294 0.17370298309831664 -4.859861957732583 0.3415839704420597
7.492942676803445 0.20018758067212925 -4.809654631198651 0.3988607274315703
7.498910096220017 0.1822978429079126 -4.853415312769504 0.30528015183862695
7.492469951475906 0.20831313319040892 -4.819753810566969 0.4176554339930069
7.512168484689871 0.12304576775810819 -4.893685708111594 0.23713048030836
7.519060886938519 0.17148524788672523 -4.857737185323337 0.33285290890124064
7.466358409879603 0.16552074567575473 -4.838821879490263 0.329785511810137
7.496803093888495 0.22788053739359518 -4.829183554424478 0.46789647809889084
7.4449911569093326 0.20504806213603483 -4.837894953331864 0.4178425038896646
7.588117784250449 0.21740688403848826 -4.827579260109424 0.4375249617918181
7.502320095739447 0.17838713467907252 -4.868705865605961 0.3411127972755777
7.532383064667922 0.18167172478023083 -4.858158472609386 0.3585013296408085
7.530534508430257 0.1627255683145713 -4.856411499093678 0.3208925775759273
7.507889569073887 0.2391253591561261 -4.837670570026928 0.4841690031047026
7.484184703845589 0.17641057748803543 -4.852959180368627 0.35092646509115283
7.459489130812393 0.18105608590266659 -4.839766352288317 0.36363781631306846
7.519272605651467 0.18198328275673498 -4.853819423879241 0.36347959085197734
7.494414893394849 0.19338303607623927 -4.823704083594413 0.38430627179098714
7.45863873180315 0.23434005225515103 -4.782712993851367 0.47617331251029255
7.489669623450167 0.1766826113900088 -4.8453972473978615 0.3573491766380005
7.426080992440601 0.27288850107846346 -4.8095986881063535 0.5654401536742406
7.479822960550541 0.19124383216151478 -4.8390634944019375 0.38676868420156
7.502896650887965 0.2098906156736923 -4.8377457060919316 0.4196174131376865
7.505755089763878 0.16945073976036093 -4.86280436520943 0.3336249270173955
7.434021066992877 0.18554865105770715 -4.855390729235619 0.3657160615189336
7.46358425690344 0.18166250785578741 -4.857981423596115 0.36127059160828967
7.580043808122127 0.20234723640969854 -4.842876713984149 0.3949203081498117
7.558381459125323 0.1680268262099522 -4.846221307886877 0.3340195917361218
7.486936634710228 0.19520032439440563 -4.824405733260356 0.3820063241261438
7.465636294968866 0.20094154154041352 -4.833027321504865 0.40006550209020714
7.502321654233231 0.1894895365932744 -4.85905713624868 0.3722780051412116
7.48533806148423 0.15751583552469964 -4.870273344695159 0.3025073204353649
7.518794553790196 0.1887435875756716 -4.8339897546461135 0.36283297415696414
7.471491795163715 0.22517245741696745 -4.798895186704808 0.450338350820136
7.514442910724934 0.19986531730010196 -4.82650276073603 0.39400846958331764
7.462970092792205 0.1930786256737851 -4.837414861814145 0.3785350698557887
7.476525911267203 0.17207136928498204 -4.8338842974246585 0.34344659094652746
7.460414003722606 0.1771388480400912 -4.836960544045391 0.35690604400127385
7.480505068322114 0.23022119688722933 -4.8308623818913174 0.46560407175261104
7.449924015023977 0.23276403969608145 -4.806260518159672 0.4755885322125539
7.494882080018192 0.1417567721204216 -4.8741299606173865 0.2742184813165682
7.522975324624554 0.17157495722682312 -4.867560859275963 0.33641167078015627
7.574953439967624 0.20162748199037647 -4.8241231636283874 0.40316124888666705
7.459811101991015 0.27758190434983626 -4.803414318126281 0.5578101466031505
7.502082898618544 0.28097509121780345 -4.749996178170111 0.5577270472522934
7.451062500263288 0.16673982071693946 -4.850589329182471 0.3288078364655155
7.494178089680803 0.22196967401638842 -4.802571730545376 0.43927726561860514
7.467440547740981 0.15954615698837174 -4.848979407660611 0.3194425971209149
7.5127357012663545 0.17499150672041364 -4.863770896048612 0.34603822636005926
7.481611569468269 0.18785471405581872 -4.828632032914648 0.3645639137159136
7.496572232775864 0.18941684302551814 -4.855540294967649 0.37503923177016546
7.4746440449057765 0.1589469004780045 -4.839890929092846 0.3136638094304686
7.485883152074965 0.22691569131811995 -4.8182792734095 0.45601156947780497
7.503069152501991 0.15884899951795325 -4.850131617022787 0.315005385311197
7.4828406409127375 0.1956423674922616 -4.821441712311458 0.39567036124393895
7.522668568811266 0.16796035658532713 -4.842207337793905 0.3327444154414891
7.461251007851837 0.21522052978164588 -4.83553921011892 0.43090767850219924
7.460133692226892 0.19901430091728367 -4.809106130656065 0.40211231632749533
7.568953233793711 0.17530049945504914 -4.864373187967173 0.3405905553343561
7.538612608606634 0.20397716992881731 -4.832172962966044 0.40825136856620053
7.432793044690268 0.21976434232709835 -4.823519671116113 0.44411383454133996
7.478309395422391 0.14631748913652687 -4.869079487482857 0.2938825315034697
7.4487449618147465 0.23987977339640612 -4.792639020275149 0.47852359155418417
7.4128760282412305 0.1658024046547271 -4.860723153348527 0.32747107795363056
7.523529941089494 0.2247217521704374 -4.822902751889252 0.4493261823642977
7.527255705678911 0.20922172730217423 -4.835714577808751 0.42228900217483456
7.589364812221924 0.19596788387233952 -4.846658095007166 0.3904432530425472
7.510397946550764 0.16190363289371695 -4.865920127046506 0.321481637490343
7.421707083158448 0.171304875532481 -4.856581475883996 0.34534842053616904
7.530616936804979 0.16198766301515882 -4.8518562781857435 0.32476683462602673
7.460064092727495 0.18369039649603813 -4.849086962459516 0.37256094718919336
7.403507620778491 0.18514508620169567 -4.847817125388795 0.37949333927780093
7.526529449701531 0.17868755495838443 -4.848322700298825 0.3581104642178809
7.4516094289649 0.1782899274781159 -4.851666198698818 0.35510233275098074
7.534412812199465 0.15325422471335234 -4.864398839049354 0.2930124480227975
7.489695580526474 0.15192471304681615 -4.862681644499757 0.2945458345216027
7.43225866194704 0.20804425920142508 -4.840099371854494 0.4237833992415555
7.424625525547922 0.19074382399307732 -4.832183168134141 0.3809521991430831
7.485506028521275 0.23484187040809595 -4.810663245189829 0.46471036806409416
7.53424919862324 0.17229324745660216 -4.847085166592889 0.3393571242576532
7.473418171634605 0.1707066071719781 -4.842708476332107 0.33098222461802995
7.508433048930004 0.1567858152738421 -4.852117814096239 0.3107585940600986
7.472313170115174 0.1633204727526755 -4.859098002665119 0.3183272171528833
7.543127650295084 0.1672499271828086 -4.851568444893788 0.3271743668916651
7.483348865211483 0.21024418183386473 -4.795432779040078 0.4279878094068451
7.5421763666702955 0.18020926522194178 -4.856380424447512 0.3604326948327135
7.502178712959031 0.21800694251578337 -4.816696838185073 0.44768877808836227
7.529562898630793 0.17216081253675447 -4.848100465110978 0.33921098030227176
7.525299875702002 0.147089920553886 -4.881523889146832 0.27529231082071276
7.516093175283922 0.16847512268245554 -4.862948553300868 0.3393164228874563
7.5124804987150835 0.22638823074073725 -4.8318696699293815 0.45283161399557026
7.541994284571757 0.1715710616387837 -4.850329562728443 0.33783797281013694
7.471286731053922 0.17983187350104649 -4.831915662407316 0.35992391439323046
7.551293866318574 0.1579272049418348 -4.870063144722218 0.3033598401925685
7.538056091434903 0.12621454015902153 -4.882626543791099 0.23940686408103012
7.544204928446442 0.16970031169052724 -4.862795407207554 0.3288436529041398
7.477919758109149 0.19296042097673866 -4.8471218637764135 0.3918115254841441
7.425346239310288 0.22167343358668012 -4.806308520708151 0.4436236334215849
7.4580820882439784 0.24704151934039184 -4.759768137374538 0.502239492224952
7.558759962321284 0.17918669468907464 -4.838030259896101 0.35902830046870976
7.555699481422584 0.18338318395550132 -4.8524431935544765 0.36084505006818224
7.4286338899899995 0.21525190940012667 -4.848724382262433 0.4273250747316302
7.4765609437957865 0.16733179176522206 -4.852580994884288 0.3336044878373802
7.474150196339878 0.1533164668445698 -4.878790158986526 0.3012304074827771
7.485959007906819 0.20237991237411918 -4.848099156205761 0.40244760239834515
7.47811713539434 0.18606674521103714 -4.85741542468088 0.36604736623458234
7.458504282653877 0.19210371862055778 -4.838484443399423 0.38639277807407396
7.4807381513274205 0.17533487494612393 -4.857795605835296 0.35029154484289343
7.477708837414706 0.23308101916097637 -4.826024136244652 0.47244045222182807
7.493488972611836 0.18810652365101257 -4.838633039028339 0.3754664293692623
7.50523624609337 0.3044092898645814 -4.7694695207958295 0.6143339386388744
7.471271045172753 0.15569318988464384 -4.866935123093047 0.30235441422385284
7.497574958598751 0.21288206395762793 -4.834602085485603 0.4244444619911197
7.483256106267206 0.1933120080030303 -4.845176712877725 0.38451195450633213
7.550373711839658 0.1871344254523559 -4.842447281207631 0.36553465859008477
7.504387458040619 0.1410054105055652 -4.864907000897723 0.2753584576368094
7.486795737744641 0.23789471265360382 -4.831820321559713 0.4696313254339161
7.406106157334615 0.1976011320240898 -4.84354107251278 0.4030597769366536
7.495605994727896 0.25503272564324775 -4.807437418476461 0.513749181780165
7.446109225184084 0.16201546783286688 -4.838794390053767 0.32478935401360903
7.496008638163623 0.1631821426634449 -4.860694718142241 0.32757493489256384
7.468305227265153 0.22996649107546804 -4.814638934379623 0.4626360855638712
7.4572876140249855 0.20516435459243357 -4.86471249653345 0.40531022851856013
7.437000493020263 0.2091394343746195 -4.836523492407144 0.4297441061450523
7.502914561604243 0.2003705940683015 -4.814839271692616 0.40387906328889633
7.415899471637577 0.21045606499278374 -4.841022830350196 0.43191514379857077
7.5037971563359545 0.16509745666870435 -4.858886556312206 0.33317719726874395
7.53465748282379 0.16710991825935848 -4.871479638297462 0.332316439930401
7.49130655716454 0.18208625805981035 -4.831612384639445 0.35901029916095745
7.466644714602472 0.2430484964029505 -4.807877141185342 0.49227755201959006
7.5151828614323035 0.18044143406768193 -4.843159907670671 0.36056499221444227
7.532405609686082 0.17693629147572518 -4.846601168153879 0.3479856295369191
7.505818498494122 0.1993551148446265 -4.817647409705826 0.40320293573099175
7.527653251990898 0.1755008600787156 -4.842134024651176 0.34736842527542366
7.4576967084067896 0.17620195933637456 -4.852147317773219 0.3457823290035824
7.425734711946727 0.20140272383773464 -4.845928399207997 0.41075620245000155
7.4191174741273205 0.19067508585868445 -4.794399040424102 0.3883198528264354
7.4775029387981675 0.1686599535483284 -4.844546190698646 0.33357064873781056
7.513482596359216 0.21234094813444393 -4.821225079472488 0.4275079743985657
7.460657657272856 0.1866344768593843 -4.837937542086392 0.37630942771500575
7.455846315563818 0.21190110031609632 -4.824073209619666 0.42812938949159185
7.505225054532237 0.17441613771802505 -4.867043552419945 0.34582045791031707
7.58328108588846 0.17526558159473288 -4.857523020359974 0.3419145667577475
7.514564399826481 0.1982770331281194 -4.812994332647954 0.39035418589702714
7.50607432091906 0.23997579550070003 -4.830089834583216 0.4815662502903208
7.518874700869164 0.22353767827064405 -4.825947456467904 0.4542165734159553
7.433332952127998 0.1783322843899813 -4.853592204909232 0.35764595685938805
7.4821306872509155 0.14163173355240988 -4.87399511512279 0.2789904608997141
7.51458142352397 0.24598552004680177 -4.831071320866015 0.4799310264511289
7.481155143838462 0.20583005904057292 -4.8247586954424 0.4154023889077457
7.50190726207434 0.1768909992445124 -4.857314670095875 0.34692545181362533
7.508376741721724 0.19695270068946089 -4.838276424719092 0.3940875152962025
7.5511571809535685 0.1553492536728034 -4.863830068195912 0.3050519918296522
7.477638661796231 0.2054694150254415 -4.824656805997864 0.4142969582232891
7.483770086715776 0.20657920211605324 -4.850485272004322 0.4173867094339816
7.49289512556483 0.21433112835161017 -4.789119276464458 0.43788452355240154
7.5044647055710785 0.1829511885706086 -4.817560399403224 0.36461271434215653
7.498745846314808 0.1737250134817615 -4.84843164550146 0.352326008414221
7.564708211787034 0.15105170566905707 -4.8744930939828555 0.30166892025705216
7.467285795856723 0.17234893473478036 -4.8607887940681005 0.34296705641662184
7.444539410393162 0.1754387243739465 -4.849936425815133 0.3444973934828263
7.546037377407611 0.19037561552161944 -4.843193393892449 0.3797439837106392
7.465430697941644 0.21217717891207827 -4.841421839263679 0.4305279549697239
7.478990270652033 0.2690019146689521 -4.843074961582374 0.549475720297038
7.479166374817097 0.1900780751269212 -4.84139193645716 0.3776306707802419
7.49105069340581 0.14705707335858217 -4.868857827352723 0.28642957476797476
7.494295666063481 0.1795497566386255 -4.8397888664812445 0.36397552614307027
7.475473016532533 0.210631753852722 -4.8373835105716445 0.4247868849048642
7.438607308863897 0.1763889427834351 -4.856998969031262 0.36263015387481984
7.530351325501547 0.1728228044800285 -4.85827068950722 0.33862271394776766
7.529879795250801 0.19768007418749386 -4.804916083619512 0.3934052256923281
7.486232971901339 0.18490622392830253 -4.8179870448874915 0.37536910422177144
7.4253495566181345 0.21572127825209583 -4.81918045198109 0.4387720711711798
7.443365461062027 0.18854751140585815 -4.844553002182137 0.38502338334974945
7.443575833547769 0.1964430348908921 -4.834035765018497 0.3966663513057749
7.500336597747263 0.14074872660228224 -4.870994449989965 0.273061146815289
7.525725617893064 0.22165813946008947 -4.819960035568785 0.4426397489940278
7.464852693127888 0.20055336185660508 -4.823255233743826 0.4053704108905502
7.501687717960909 0.18189958726309466 -4.843971882890301 0.3630275269951149
7.487436081572366 0.1366695823818649 -4.864164929793693 0.26356008818440174
7.526170026216512 0.16173105964968304 -4.858442096342899 0.3195797610673146
7.470488080487241 0.1692869142188374 -4.856554666156649 0.3394324118030781
7.524821627534974 0.17992815724722588 -4.8383524674853255 0.36142782307565036
7.515673846385795 0.15814006737261582 -4.86406183423104 0.3047800228956487
7.580258015398958 0.16573189479660433 -4.842841033950582 0.32148168232280544
7.546670710755837 0.2988013547341204 -4.826281324445884 0.5980242785261859
7.496469483927234 0.14775895043387557 -4.863889743341208 0.2851131804613896
7.436225115092101 0.22448109020954596 -4.81634755723692 0.45993579008924773
7.4859289251360455 0.22183488855617042 -4.823660446450745 0.4438718785544647
7.407258849573587 0.17913178066942428 -4.814163392114564 0.361830957373233
7.512650729713322 0.15874790885609708 -4.844327342905463 0.3119960226533671
7.560175822079148 0.1927565234928757 -4.830686367692724 0.37831445852300294
7.50393324110502 0.16611135926029816 -4.842812702728146 0.33606359693145127
7.4926190316585695 0.15692021287521216 -4.866978993048322 0.3142319322216544
7.501040301231045 0.2374611362539472 -4.797937993503485 0.473473946154567
7.507235330208994 0.24023871896016386 -4.816340322398792 0.49250017934918566
7.55254652057519 0.19012841046444123 -4.82646223957982 0.370801208515054
7.49712018508437 0.1688726625599823 -4.8490647737218815 0.33128711124267396
7.529441242122987 0.18047020364610414 -4.847290258035341 0.3541597596560476
7.466828523873441 0.1573995630330696 -4.848546344852057 0.30321598640506614
7.431506535071101 0.16371144782907746 -4.846628569495309 0.32044391283316637
7.549120095582207 0.1579176106943993 -4.86403358548814 0.31397216765395514
7.5540776011516035 0.11409578296816343 -4.889770197159512 0.21030838629428225
7.545694424716294 0.23640384095656514 -4.8217464811660955 0.4701645135065289
7.528736130772333 0.16525993593892868 -4.857461771198868 0.3202482311847
7.491071340441572 0.18129854076006566 -4.84080190597223 0.36289149177384217
7.475326085354848 0.1456450118628958 -4.854314195555833 0.28178382989671913
7.567188561404015 0.1816704935323161 -4.856348339542892 0.34975948142552765
7.5380160227292485 0.17237508423364464 -4.848253809283438 0.33574485158896
7.509223669308923 0.1352712159075074 -4.879067846242335 0.26220754329964846
7.548138586352466 0.14891870011824346 -4.861847635305577 0.27644308651609684
7.505791733679656 0.17448459384588946 -4.855011906032798 0.3500882527679487
7.447879372920164 0.1759113507703454 -4.843960753640274 0.3475872939236211
7.5132144155596965 0.1704089029865265 -4.87473762524637 0.33632573086200335
7.485435589729752 0.17611503445180976 -4.8453836847468015 0.34700142393351885
7.505613592770132 0.21581438248550133 -4.819652087996566 0.4298358087178372
7.582429642986681 0.15875644825734578 -4.867215461949671 0.3111783801054344
7.489983661334676 0.13977107351826468 -4.878197878170457 0.2729202927441981
7.595467402694234 0.16222316658189095 -4.865839366793427 0.3124060370824069
7.4590102606652735 0.14392963608514825 -4.873157002464584 0.2781209890719543
7.46045230930205 0.2149309545982153 -4.835925887155172 0.43449423310490504
7.527924308885824 0.1731167606021471 -4.845238375133842 0.3455751207794484
7.488602871958172 0.17263722189581082 -4.859950593161717 0.34424707750694705
7.587056467780252 0.14590871151371126 -4.87887987219721 0.2829625213218201
7.555850312038169 0.16682710491817615 -4.851366585233015 0.32549603140326827
7.406433239391161 0.1653595344917211 -4.862781595539541 0.3249227021121719
7.485039292336098 0.2216469226830482 -4.823131924284352 0.44566414042409497
7.494166939979603 0.1980444551507035 -4.838725576668706 0.3942467090386241
7.581807918093057 0.15853552119635655 -4.878187860615721 0.3078689945564008
7.4616457853984395 0.17219550393515926 -4.852200730497257 0.33992961099426455
7.494102258026713 0.20045155001370746 -4.835504558450772 0.39961967328397485
7.46755307652537 0.17736628518706096 -4.852693768664887 0.3480194174500373
7.5901645963146205 0.2236083667290453 -4.813430214622377 0.4433980366652513
7.495697544483825 0.13862706078635129 -4.895990604193206 0.2671913140564671
7.504075024902155 0.12886033098946323 -4.863267652360062 0.24405097524306746
7.499430314497586 0.18627488660264496 -4.858676846578771 0.366292203483578
7.537075335074148 0.1715528818527096 -4.853718962362769 0.33439278425330093
7.455549880092102 0.1855321412006046 -4.840942978130462 0.37517860639945033
7.459983685655233 0.18501581642869913 -4.834072458787817 0.363949027045804
7.455559720462091 0.1800933584856338 -4.8396914194437075 0.36845123342891367
7.501779351096122 0.21285689501757765 -4.841395384052778 0.42702158967897574
7.487261746686715 0.19354300274639455 -4.822554650895082 0.3917973384619313
7.493850379797216 0.19220474423781153 -4.819443899567028 0.38763147614345955
7.459886860965664 0.1980894935825197 -4.839077713694392 0.3990289405021744
7.455083961527793 0.17871365329740926 -4.832266664734829 0.3503219223817506
7.484881437435936 0.18535205382307005 -4.853585047555473 0.36340635346056327
7.476113413743086 0.2601682369486796 -4.782497681766346 0.5299611140067868
7.50777900715665 0.22488533230203434 -4.832522361613157 0.458797547733151
7.4450541460608415 0.22562813733386466 -4.821864075511494 0.45893474194003014
7.499471180657542 0.2782386899423096 -4.771589913041636 0.5601916041198632
7.416455865192713 0.1790804448968362 -4.842823153291269 0.35655922554687447
7.515470371006658 0.1992038939814274 -4.838378086806155 0.39140241564386224
7.445075736644294 0.20292096224066047 -4.824930450327745 0.4128518982448845
7.503114825145309 0.24112652523236675 -4.824715461919856 0.4975202327665618
7.506079108709558 0.20426016411701708 -4.822888314123923 0.40946206106029226
7.4942552836979 0.2381986307449436 -4.796592784910063 0.48037840893846334
7.463022155550568 0.20665713574505132 -4.830515386872218 0.4306139692831503
7.474705512800032 0.17535954252368605 -4.839459137157149 0.3472081015485148
7.532074656163617 0.2392054235065448 -4.831277241374876 0.47241995814362814
7.453610231441527 0.19969181124876936 -4.837658005512431 0.40126199168370325
7.510310049377449 0.1569116255598956 -4.8618010501232085 0.29790247626071426
7.519500337798256 0.18310338859216518 -4.841938234199533 0.36838001927289477
7.451146733654787 0.27678085457289625 -4.768073805383835 0.560283144752578
7.536465468787688 0.2405343309793818 -4.806607012433053 0.48502540867100563
7.5356971412932605 0.17226725701759896 -4.85840543068692 0.3378116484609018
7.481375359602092 0.16006642248093444 -4.862512217707934 0.31782887559836953
7.45892755361578 0.2373094220271259 -4.78959131984461 0.4888763166425215
7.4990445814755855 0.18451973704583985 -4.822694183447519 0.3698516613186178
7.477003752352671 0.1823424335360352 -4.8378752940893115 0.36274285183285415
7.424828883697664 0.16798939702474439 -4.851491766217961 0.332763964430658
7.481886529497895 0.16576986077970504 -4.847071244873071 0.3264961945414644
7.514300308765387 0.18791637757361712 -4.82919993615951 0.37559952575962
7.521494678576959 0.15330861908924814 -4.857392930999344 0.2967361854834327
7.43011123009906 0.20822315434948618 -4.831989222758187 0.41687446363159786
7.426010577133281 0.17452558401358062 -4.8376112576009795 0.357624850301945
7.495148939601297 0.2198110523489296 -4.818283277038157 0.4460462725025782
7.49256948234496 0.16383543589855398 -4.857970889942505 0.3255651132078415
7.5087029741272335 0.16504540111126667 -4.860595888260319 0.3274049092237406
7.54313787351236 0.1738289897341831 -4.852039947686544 0.34102023449426233
7.504068037406592 0.21084023899233068 -4.817526810656941 0.4147744692946929
7.495428567511832 0.15368777096962696 -4.859815379207436 0.3046191014557974
7.518639263801337 0.1480843393578733 -4.873476392746025 0.28685568698530706
7.50622135764911 0.18570063322407118 -4.848313366254114 0.37447942773954646
7.53458961748882 0.18514197675358285 -4.85283930989053 0.3648659211118044
7.529999768666451 0.17355188918584905 -4.852054190741354 0.34481086536711053
7.461193756586263 0.19931349387186742 -4.8297991853712725 0.4030333752127599
7.5168275308208745 0.17838163582808375 -4.838945424479547 0.36178859513336553
7.545161727321693 0.19622903237711345 -4.837317567740689 0.39549093986936007
7.444224035901868 0.15632877583636048 -4.86966141631151 0.3087542700712897
7.473579252551738 0.17149452137238105 -4.831436385083473 0.3497486332577783
7.454621375739199 0.2047960753793328 -4.865119588356312 0.41745114511443576
7.5601121544322565 0.1818628512882429 -4.842019007964849 0.36454940146415904
7.467175334737137 0.192350040645888 -4.85954719261936 0.3832419676041025
7.46260492147171 0.16804250187624686 -4.854155117741003 0.33685410149531964
7.541570444652713 0.20043896803001432 -4.818811081109021 0.39751769877594423
7.533894025119874 0.16196791232111266 -4.859399536286823 0.3194484546825253
7.522559574482788 0.17225478626963264 -4.847262675259007 0.33210327242420457
7.478232521622781 0.14627602622557798 -4.873196258282542 0.28284349486606175
7.577228411628106 0.15322051642978213 -4.871617883564932 0.2900413397556596
7.460690495253926 0.16731172405328162 -4.845538113289663 0.3286696747321216
7.4707578234061245 0.2320275012280008 -4.80274861112173 0.46289460655431514
7.512199595203834 0.171517401111373 -4.860143527292312 0.3296885736760286
7.493412492335313 0.16998101305134958 -4.858009300315375 0.33450495975996886
7.4753862879784485 0.20967893657810116 -4.833645933940792 0.42562143456247165
7.475653201351783 0.17702587315800777 -4.84777091630297 0.34253412050315907
7.466617750970467 0.20146881514174664 -4.819772775393043 0.40347717769104446
7.470289844817353 0.15187160150736234 -4.875933328696541 0.30190544728751856
7.516868268720213 0.23590576008699657 -4.789233316277236 0.47145364899963654
7.504540833242112 0.17113930592012547 -4.84090258075527 0.34358389370944115
7.472333915364205 0.21130379239825706 -4.824805971851735 0.4208769934725248
7.59274263485474 0.16142742266125326 -4.863459010512232 0.3170944769732844
7.509498143394851 0.16655262509029484 -4.856262056661606 0.3277182436852342
7.458237898129401 0.21517939551101262 -4.835990952514046 0.43401092534143326
7.444389837936649 0.2122053809012776 -4.81974761520917 0.4262320275696941
7.5139805797539125 0.18254991711211618 -4.849026164434703 0.3590879856591899
7.468364571404178 0.1731170605687665 -4.828225591513245 0.3435992526684799
7.443763858207711 0.15211243994439094 -4.866040340198693 0.29235272421963243
7.516945632024216 0.2285363807569596 -4.8321089163046445 0.45675725228291325
7.552125541882964 0.1551250048297091 -4.870648979367898 0.30309594948714214
7.5412182857857974 0.1818316717071032 -4.86818133600557 0.3556302462499902
7.514215163839486 0.14559741417495686 -4.875298282541623 0.2870473645605973
7.494274257361415 0.18484634257914628 -4.840776435310411 0.36627059527255745
7.49354245493094 0.20564928381872202 -4.840282583223015 0.41282061108716095
7.385297718961016 0.23366490179610835 -4.802440291800448 0.4814561871956873
7.505585095113819 0.23854662909881746 -4.834089518077667 0.4815528009947727
7.499006202832842 0.19125856863116972 -4.848191483702676 0.3871272008682116
7.510181037042296 0.21921467802237052 -4.833753943097479 0.4448622132439297
7.512939308499352 0.2833862782156824 -4.830878816409545 0.5659635307979792
7.467268396611451 0.21294112467683363 -4.850687923376546 0.4330035242263855
7.4662596556082725 0.21605314948543675 -4.825335875374869 0.440477345989455
7.478025137128661 0.15529091740041978 -4.873406259018613 0.2976277324091867
7.486455872103738 0.15070795501865156 -4.858326787900186 0.28930907974535297
7.452739366234296 0.22282606299617108 -4.822989636835819 0.44252963809669266
7.447422262920376 0.15487484196948664 -4.8663143272887455 0.30600667366419
7.455928254021048 0.18051377039831912 -4.855568753498568 0.3604572985823056
7.4900159971420095 0.25654773638547923 -4.804953545904093 0.5181617999992046
7.472636361678928 0.2613777236980846 -4.8250199552053505 0.5359923010637699
7.570197248942214 0.18326833114360325 -4.850819829004156 0.36264594116191023
7.468111678466202 0.197613876916499 -4.8438677153672955 0.39634821314858454
7.453073923963803 0.21360752843994968 -4.810953983779437 0.43502208972932016
7.4708575280802325 0.18530725777966653 -4.83996173252884 0.36945580780653137
7.473313889077032 0.22472630960763515 -4.818791745137027 0.4447266618315762
7.455682914591073 0.19815367565342354 -4.831468701655795 0.396875628967335
7.481679535115326 0.19344574635958542 -4.849287374292334 0.3892879839376643
7.458139450264865 0.21658497840852817 -4.805192836610437 0.442960212228866
7.480170593746689 0.17105959698058426 -4.842688021753993 0.3398321287182648
7.464710466619417 0.16856708247974858 -4.851090458773532 0.3313122771325545
7.454688700502284 0.17284276105584068 -4.841509789574438 0.3424931488084036
7.506065695575355 0.17041447592114156 -4.845070216491684 0.340820643299597
7.517175787921154 0.193601877508557 -4.839700332183254 0.37980160891188325
7.383655968959554 0.1960944894765514 -4.8187164798261435 0.39253971681225336
7.488361572088636 0.19820751881418394 -4.838145405354879 0.39865410757715664
7.446479875800373 0.18737657271785663 -4.844855344761182 0.3761657793537094
7.4574788354991 0.16029973804707787 -4.836658012852874 0.320251922153838
7.519288404438811 0.16232703024426243 -4.848549246083359 0.3135287926116692
7.500919069887168 12.365369061707883 -4.791242672904245 12.947815237204562
7.483955124225339 0.1704019012486571 -4.862404615082335 0.33561162521261295
7.513394193766905 0.15098290103709308 -4.857755041507966 0.30049200124196446
7.492963024386684 0.16550470126434733 -4.858283241129582 0.33094607438300755
7.517319879052006 0.21457827004189006 -4.821532780499693 0.4343827183696661
7.602613134699239 0.1763893777714808 -4.8575705005118195 0.33944918918747274
7.547581908277534 0.19921720379064292 -4.833362325482312 0.39192558380704023
7.51069456562553 0.18323984954810862 -4.837216512636852 0.37011464615106004
7.452767919797072 0.17988105680197983 -4.847854394191475 0.3507675235738036
7.544948824264688 0.2281264852706967 -4.8202570720106195 0.4569521552442273
7.526375734367775 0.17241838994826206 -4.861373386257246 0.32950208326180447
7.568359498702097 0.1586106660794998 -4.872532940983055 0.3064180839638342
7.535059233123889 0.22877165352848375 -4.784444076356872 0.4542496317870979
7.4850213369636736 0.20903290048647433 -4.805975411169866 0.41283762212257075
7.50563920772737 0.16936479951172992 -4.830907796824709 0.33523073994903885
7.52719979529824 0.17965966368701744 -4.860391614743621 0.3519077293165337
7.444687113210123 0.1481249216783497 -4.868345975136065 0.28523483704919445
7.451387286171139 0.19081768672567856 -4.829888944587335 0.3791827064480695
7.472863056300528 0.17282469138540824 -4.850071788173631 0.34142359125368865
7.470512042079919 0.2707770453028425 -4.799694696292381 0.548482530550703
7.418621814137404 0.20605815609939057 -4.838048585663358 0.4217340069596706
7.495884331646332 0.17173490943192155 -4.851115985607116 0.33760116846039073
7.54057141242181 0.17142481449488808 -4.862759431213016 0.3295855438559026
7.461996742095643 0.26224922599603184 -4.772933679991906 0.5397209528765615
7.4666208528580675 0.1932623785668493 -4.817759940355364 0.38863280950831347
7.428327694648897 0.17250598131440623 -4.847395746073045 0.34323690888603464
7.498155699596312 0.20112888674402493 -4.841941442729812 0.4042591002991001
7.514779449206212 0.22625643833859693 -4.825694763946768 0.45707089190931166
7.541039782578844 0.21967810476678176 -4.816691572085501 0.440030914728692
7.502948106121872 0.22122054905067595 -4.832058083077078 0.4480422229874053
7.536608432879407 0.24791992537862625 -4.797607066609389 0.4914253007435539
7.501036643571284 0.18457481961468275 -4.845170168116374 0.36511835584668606
7.500222631570837 0.15917395040469967 -4.853929364618361 0.3078542605617264
7.516206688247566 0.25966730343019034 -4.829980103116014 0.5290240604057652
7.480560656434083 0.1835391965835055 -4.828225956273236 0.3678069761790656
7.530141637326008 0.15744035331714004 -4.845691717178886 0.3032748127215532
7.592369614087138 0.15987929120712935 -4.863072867155983 0.3116461197976267
7.526417053473346 0.16489705252597567 -4.8598341444366575 0.32909610972531267
7.4768525216680155 0.16660759594799288 -4.871841139756317 0.3280682286132239
7.492657596315707 0.24952248541990243 -4.804945493282993 0.4986797152796167
7.434044370716471 0.23821004615718402 -4.791750486022565 0.4864760616789334
7.522082524072855 0.16453265690147625 -4.849742003716961 0.3210146572975518
7.507430246806209 0.206318870366166 -4.817412611641706 0.4142100566906541
7.46812722770278 0.1976623898590804 -4.825176423844268 0.39211324330217406
7.527682643100874 0.16167524625663496 -4.866874738475525 0.3091708167287764
7.476979916532136 0.17071350312218575 -4.830314134600695 0.34533010154120963
7.455926141628419 0.21214059182653439 -4.831260884536595 0.4235934214362948
7.472393183561244 0.16102701382238557 -4.841924107163596 0.31454640734995376
7.527805494056816 0.1635592055542695 -4.859393578357974 0.3208942480258799
7.437132927077874 0.19388924368986316 -4.837553449818136 0.3957855751228878
7.5142777448184255 0.1890238504465449 -4.859242852275063 0.37687132913248467
7.450559671030101 0.17094425226202262 -4.843191400433099 0.34115615779436004
7.484508119371878 0.2018790403279287 -4.8276998091282035 0.4058707863330507
7.466180867547642 0.16170656606760667 -4.861500456979147 0.3145773241327749
7.547824272274946 0.20053003850273066 -4.838752644293617 0.3908175586528936
7.553290426937991 0.17203539736567763 -4.841717730319692 0.3410392558187532
7.530898496283511 0.22065731164703253 -4.811757551298392 0.44302783512056754
7.5453234886493075 0.16766765307039355 -4.860730038231204 0.3244858056312906
7.453140041783973 0.19534499512415338 -4.820142497623831 0.3915073272510538
7.4947625683512475 0.18305154251674016 -4.841691117627619 0.36973850797746316
7.505125507076576 0.2000988144612589 -4.843521198374209 0.3902856110337804
7.516783955559393 0.1857794086874499 -4.858514144015002 0.3733751020454763
7.547805125419609 0.18437584341871843 -4.846758540870541 0.35637401864985824
7.508934909544962 0.17618942527414141 -4.855008105216388 0.3478068077860971
7.53400055584567 0.18498934984436285 -4.845148269730496 0.3568202095216388
7.451259499504697 0.1957720526622099 -4.8364402216523334 0.3929114596042657
7.469692412321505 0.17918352291835668 -4.865433495446215 0.36611969149755486
7.459910814746441 0.19433734382268167 -4.836108686795502 0.3956555513977353
7.5157926222856695 0.24111351991254099 -4.785512416273425 0.4789290768651019
7.499551087482605 0.22231842679344457 -4.803798088739374 0.45092116783945596
7.463911584943364 0.1827549958606399 -4.8424593931365685 0.36320384183112214
7.504813301073842 0.17031789686215076 -4.861183762650603 0.34096821224307605
7.450592706055047 0.21686024977189275 -4.824405876875332 0.4361351046314953
7.532762013141747 0.20426849013331141 -4.8158173108511075 0.40856891974630066
7.596616052116427 0.1670591741348404 -4.850774405571363 0.33114206590929657
7.537880688050649 0.19963914870886237 -4.830375299526882 0.3913299145515467
7.431386832217255 0.1534700184112298 -4.854011536764748 0.3047766295100198
7.458579752445372 0.20973369272218526 -4.8057338528600635 0.42237529100836196
7.560987429295247 0.23954322925480967 -4.8363063121097944 0.4788834204470387
7.567270351002041 0.18529180455957497 -4.834345197197132 0.3710125834173183
7.496587937559776 0.2750013579999738 -4.781662847114093 0.5570906146622309
7.487738427104891 0.2002855156224152 -4.831524567872636 0.39491149395973874
7.553556295836131 0.181070915120937 -4.842596890553573 0.3581477707469292
7.500687392628395 0.20240966650680645 -4.8151336842164 0.4118974587767979
7.483046969604129 0.207876669535866 -4.817993351753605 0.4192712757748686
7.470835389412214 0.18483214920930535 -4.846742126543033 0.36704260793165305
7.517614059314969 0.17103042385116254 -4.862154253705514 0.33691144411249857
7.498652448628305 0.16038293509854462 -4.85290643445605 0.31666757235893744
7.399248573111127 0.17911917871157237 -4.85645234574538 0.35671117558769866
7.497790240469951 0.19785136703165218 -4.824780515558261 0.3953068559196536
7.484029956304332 0.18050980179515788 -4.840182361426802 0.3558655560927146
7.540804816837433 0.2389250414296037 -4.857624187371789 0.47983131442968036
7.470373387841805 0.19875173018325235 -4.8186126130255555 0.403267987044285
7.521765120341761 0.20272841994758528 -4.823504421101222 0.40294700046168513
7.459958601970675 0.19958291824781926 -4.852372584866789 0.4062865019555106
7.486351352383757 0.17070471733896858 -4.846381343655855 0.3382405024124254
7.556450790395282 0.18789527861922484 -4.836955656136718 0.37208080357745094
7.491707758256641 0.17972760969211937 -4.834157235665991 0.357081392822991
7.502111518051226 0.12369230619603913 -4.888989571249086 0.2369393254072277
7.421681982051472 0.19469457068643517 -4.817889213964753 0.39360434548282824
7.472286328290478 0.23658869054462117 -4.851061556439886 0.4801266873243829
7.471536499972736 0.22708943168054974 -4.799082783309 0.46461667970257153
7.501303268106024 0.17367516866814237 -4.834092906588827 0.3472213388363554
7.454771082596739 0.22288020801332303 -4.8153281060939515 0.4494223702392619
7.609701579389123 0.2012103700676958 -4.823608188810637 0.4008438924383904
7.4541059804897465 0.1552481736342355 -4.859701771491368 0.2996923955936338
7.5202533745274405 0.17271436127653833 -4.839752123578981 0.3416947199614736
7.467749458762831 0.15989749230259398 -4.846929883409327 0.312430580566841
7.536725072077679 0.14248917045466492 -4.875801826399162 0.28319786155509447
7.467489388504127 0.1846448568923504 -4.836092818242496 0.3681084147991914
7.525314156514862 0.17091210258037046 -4.853850691513691 0.3354450588809395
7.528880519668824 0.21926217169565798 -4.835536916871452 0.4405861969097672
7.483813786991922 0.20233554916193097 -4.814182263330501 0.4073442523182334
7.480575673682743 0.18807334075923082 -4.835660601055356 0.3750734950224768
7.516846594525159 0.18508342042326353 -4.84392191256024 0.369429253490054
7.491720791982362 0.2299918350058781 -4.798955283191226 0.46799806567585045
7.490538886606128 0.1833946822107958 -4.830846686711713 0.3687446787785079
7.496452235789704 0.260849392030512 -4.800656155762716 0.5214473994252804
7.4937244074655505 0.21398373682207208 -4.827321016807069 0.42772780206668426
7.503022089991884 0.1657650155230331 -4.845460973311182 0.32520842621220336
7.4799401885110015 0.1840933237773397 -4.832716616333219 0.3643845634288127
7.470258799520852 0.17295848228908609 -4.855544317384863 0.3426455931701448
7.519251413560994 0.2036385852604966 -4.803643993020144 0.40046449495382086
7.446257080438762 0.17493719989919454 -4.858929088350555 0.3403777640847577
7.437753321116052 0.18689096671302216 -4.838639633348777 0.38482367041563675
7.513364548928684 0.15172056640483705 -4.85816454281816 0.2896924976979395
7.430786179450749 0.17941773172471828 -4.850653627269166 0.36730650587866465
7.50318965311667 0.2203124678499745 -4.859208100173394 0.44758601874539655
7.505264414428174 0.18204754480355684 -4.8294334164697625 0.36579647321950404
7.506501753597224 0.17932405643238403 -4.862093063980678 0.3532430174196879
7.482770728713891 0.17645544034671448 -4.83399937644835 0.35048072366806404
7.491335346453419 0.19030288257704328 -4.83411301217574 0.37956234356754964
